
-----------------------------------------------------------------------------
   PRES   HGHT   TEMP   DWPT   RELH   MIXR   DRCT   SKNT   THTA   THTE   THTV
    hPa     m      C      C      %    g/kg    deg   knot     K      K      K 
-----------------------------------------------------------------------------
 1028.0      5   17.4   11.4     68   8.30    200      7  288.3  311.8  289.7
 1008.0    172   15.8   10.8     72   8.12    135     11  288.3  311.4  289.7
 1005.0    197   15.6   10.7     73   8.10    129     11  288.3  311.3  289.8
 1000.0    239   16.0   10.0     68   7.76    120     12  289.1  311.3  290.5
  985.0    368   16.0    9.1     63   7.39    115     14  290.4  311.6  291.7
  984.0    376   16.0    9.0     63   7.37    115     14  290.5  311.7  291.8
  925.0    898   11.6    6.6     71   6.65    105     13  291.2  310.4  292.3
  901.0   1116    9.8    4.5     70   5.89    100     13  291.5  308.6  292.5
  850.0   1598    5.8   -0.2     65   4.46     75     14  292.2  305.4  293.0
  839.0   1705    5.4   -0.6     65   4.38     70     16  292.9  305.9  293.6
  838.0   1714    5.3   -0.5     66   4.42     70     16  292.9  306.0  293.7
  814.0   1951    3.0    1.9     92   5.42     72     17  292.9  308.8  293.8
  809.0   2001    4.4   -6.6     45   2.90     72     17  294.9  303.8  295.4
  804.0   2052    4.8  -13.2     26   1.73     72     17  295.8  301.3  296.1
  799.0   2103    7.6  -25.4      7   0.61     73     17  299.3  301.4  299.4
  790.0   2196    8.0  -21.0     11   0.91     73     17  300.7  303.8  300.9
  747.0   2653    3.6  -22.4     13   0.85     76     19  300.8  303.7  301.0
  736.0   2774    6.4  -42.6      2   0.12     77     19  305.1  305.6  305.2
  701.0   3172    5.2  -43.8      1   0.11     80     20  308.1  308.5  308.1
  700.0   3184    5.2  -43.8      1   0.11     80     20  308.2  308.6  308.2
  673.0   3501    2.6  -43.0      2   0.13     85     24  308.8  309.3  308.8
  631.0   4020   -1.7  -41.7      3   0.16     87     20  309.6  310.2  309.6
  588.0   4578   -3.9  -49.9      1   0.07     90     15  313.3  313.6  313.3
  567.0   4866   -5.1  -54.1      1   0.04    115     10  315.2  315.4  315.2
  555.0   5032   -6.5  -53.5      1   0.05    130      7  315.6  315.8  315.6
  537.0   5288   -8.5  -52.6      1   0.05    145     10  316.1  316.3  316.1
  519.0   5553  -10.7  -51.7      2   0.06    145     14  316.5  316.8  316.6
  516.0   5598  -10.8  -51.8      2   0.06    145     15  317.0  317.2  317.0
  500.0   5840  -11.1  -52.1      2   0.06    175     18  319.4  319.7  319.4
  478.0   6181  -12.8  -52.1      2   0.06    195     23  321.4  321.7  321.4
  439.0   6827  -16.1  -52.1      3   0.07    205     31  325.2  325.5  325.2
  403.0   7464  -20.5  -51.0      5   0.09    215     40  327.5  327.9  327.6
  400.0   7520  -20.9  -50.9      5   0.09    215     41  327.7  328.1  327.8
  376.0   7973  -24.7  -46.7     11   0.15    205     49  328.6  329.2  328.6
  375.0   7992  -24.8  -46.9     11   0.15    205     49  328.7  329.3  328.7
  335.0   8804  -29.3  -55.3      6   0.06    208     66  333.3  333.6  333.3
  317.0   9195  -32.9  -47.9     21   0.16    209     74  333.6  334.3  333.6
  309.0   9373  -33.9  -51.7     15   0.11    210     78  334.6  335.1  334.6
  300.0   9580  -35.1  -56.1     10   0.06    210     79  335.8  336.1  335.8
  288.0   9863  -37.7  -56.7     12   0.06    212     80  336.0  336.3  336.0
  268.0  10358  -39.7  -59.7     10   0.05    216     82  340.1  340.3  340.1
  250.0  10830  -43.7  -61.7     12   0.04    220     84  341.0  341.1  341.0
  231.0  11357  -48.5  -62.5     18   0.04    222     89  341.4  341.6  341.5
  212.0  11919  -51.0  -68.6     11   0.02    225     94  346.0  346.1  346.0
  200.0  12300  -52.7  -72.7      7   0.01    220     91  349.1  349.2  349.2
  194.0  12496  -53.5  -74.5      6   0.01    221     89  350.9  351.0  350.9
  168.0  13408  -59.9  -79.9      6   0.00    225     79  355.0  355.0  355.0
  165.0  13520  -60.4                         225     78  355.9         355.9
  154.0  13947  -62.5                         220     60  359.5         359.5
  150.0  14110  -63.3                         225     54  360.8         360.8
  133.0  14840  -67.2                         245     48  366.4         366.4
  132.0  14886  -67.5                         247     48  366.8         366.8
  127.0  15115  -69.4                         255     50  367.5         367.5
  118.0  15551  -72.9                         250     59  368.8         368.8
  117.0  15601  -72.9                         245     60  369.7         369.7
  111.0  15909  -72.9                         235     50  375.3         375.3
  106.0  16179  -72.9                         240     40  380.2         380.2
  100.0  16520  -72.9                         240     46  386.6         386.6
   94.7  16842  -70.3                         225     34  397.8         397.8
   93.0  16949  -70.4                         220     30  399.6         399.6
   86.0  17413  -70.9                         235     29  407.7         407.7
   80.0  17842  -71.3                         228     21  415.4         415.4
   78.0  17993  -70.3                         225     18  420.5         420.5
   74.0  18307  -68.2                         170     10  431.3         431.3
   73.1  18380  -67.7                         170      7  433.8         433.8
   71.0  18555  -68.5                         170      1  435.7         435.7
   70.0  18640  -68.9                         230      3  436.6         436.6
   68.0  18813  -69.7                         215     10  438.6         438.6
   66.9  18911  -70.1                         201     13  439.7         439.7
   65.0  19086  -69.3                         175     17  445.1         445.1
   64.0  19180  -68.8                         160     16  448.1         448.1
   61.0  19472  -67.5                         155     10  457.3         457.3
   56.0  19991  -65.1                         170      2  474.1         474.1
   53.0  20326  -63.5                         110     10  485.2         485.2
   50.0  20680  -61.9                          85     10  497.2         497.2
   46.0  21205  -59.2                         145     15  515.7         515.7
   44.0  21484  -57.8                         120     19  525.8         525.8
   41.0  21928  -55.5                          80     10  542.2         542.2
   39.8  22115  -54.5                          74      9  549.3         549.3
   39.0  22245  -54.6                          70      9  552.2         552.2
   37.0  22581  -54.8                         110     11  560.0         560.0
   34.0  23121  -55.2                          75     10  572.6         572.6
   33.0  23311  -55.4                         100     11  577.1         577.1
   32.2  23468  -55.5                         104     11  580.9         580.9
   30.0  23920  -54.3                         115     11  596.0         596.0
   28.0  24366  -53.4                          85     10  610.3         610.3
   27.0  24601  -53.0                         135     14  618.0         618.0
   23.0  25637  -50.9                         135     19  653.0         653.0
   22.0  25924  -50.3                         115     10  663.1         663.1
   20.0  26540  -49.1                          95      5  685.1         685.1
   18.0  27230  -49.4                         325      3  705.1         705.1
   17.5  27415  -49.5                                     710.5         710.5
