
-----------------------------------------------------------------------------
   PRES   HGHT   TEMP   DWPT   RELH   MIXR   DRCT   SKNT   THTA   THTE   THTV
    hPa     m      C      C      %    g/kg    deg   knot     K      K      K 
-----------------------------------------------------------------------------
 1022.0      5   20.2   12.2     60   8.80    145      7  291.5  316.8  293.1
 1015.0     63   18.6   11.6     64   8.52    145      8  290.5  314.9  292.0
 1000.0    189   17.6   11.6     68   8.65    145     10  290.8  315.5  292.3
  925.0    849   11.2   10.2     94   8.51    130      7  290.8  315.1  292.2
  922.0    876   11.0   10.2     95   8.54    130      7  290.8  315.2  292.3
  878.0   1283    8.6    7.8     95   7.61    123      9  292.4  314.4  293.8
  859.0   1464    6.2    4.2     87   6.05    120     10  291.8  309.4  292.8
  850.0   1550    6.0    3.5     84   5.82    145      9  292.4  309.4  293.4
  800.0   2046    4.6   -1.4     65   4.34    190      6  296.0  309.1  296.8
  789.0   2158    3.7   -2.7     63   4.00    200      5  296.2  308.4  296.9
  770.0   2356    2.1   -4.9     60   3.47    225     10  296.6  307.2  297.2
  769.0   2366    2.0   -5.0     60   3.44    223     10  296.6  307.1  297.2
  747.0   2600    1.2  -14.0     31   1.74    180     14  298.2  303.7  298.5
  737.0   2708    0.8  -18.2     23   1.24    179     15  298.9  303.0  299.1
  720.0   2896    2.6  -46.4      1   0.08    176     18  302.9  303.2  302.9
  709.0   3020    1.6  -35.4      4   0.27    175     19  303.1  304.1  303.2
  700.0   3123    0.8  -26.2     11   0.65    175     17  303.3  305.6  303.5
  684.0   3308   -0.4  -24.0     15   0.81    195     17  304.0  306.8  304.2
  672.0   3449   -1.3  -22.3     19   0.96    193     19  304.6  307.8  304.7
  660.0   3592   -1.9  -25.9     14   0.71    191     20  305.4  307.9  305.6
  656.0   3641   -1.8  -28.2     11   0.58    190     21  306.1  308.1  306.2
  636.0   3887   -1.2  -39.6      4   0.19    170     28  309.5  310.2  309.5
  619.0   4103   -0.7  -49.7      1   0.07    170     40  312.5  312.7  312.5
  614.0   4168    0.4  -48.6      1   0.08    170     44  314.4  314.7  314.4
  613.0   4181    0.6  -48.4      1   0.08    170     44  314.8  315.1  314.9
  537.0   5227   -6.7  -30.7     13   0.56    187     59  318.2  320.3  318.4
  523.0   5432   -8.0  -33.1     11   0.45    190     62  319.1  320.8  319.1
  500.0   5780  -10.3  -37.3      9   0.31    190     55  320.4  321.6  320.5
  437.0   6801  -17.9  -43.1      9   0.19    195     39  323.4  324.2  323.4
  429.0   6941  -18.9  -43.9      9   0.18    195     43  323.8  324.5  323.8
  400.0   7460  -21.1  -61.1      1   0.03    195     59  327.5  327.6  327.5
  386.0   7723  -21.3  -61.3      1   0.03    197     68  330.6  330.7  330.6
  359.0   8251  -24.6  -62.1      2   0.03    200     87  333.0  333.1  333.0
  326.0   8952  -29.1  -63.1      2   0.02    205     84  336.2  336.3  336.2
  302.0   9493  -34.1  -61.1      5   0.03    210     81  336.6  336.7  336.6
  300.0   9540  -34.1  -62.1      4   0.03    210     81  337.2  337.3  337.2
  277.0  10087  -37.6  -66.0      4   0.02    220     73  339.9  340.0  339.9
  250.0  10790  -42.1  -71.1      3   0.01    220     87  343.3  343.4  343.3
  229.0  11373  -45.7  -73.9      3   0.01    215     94  346.5  346.6  346.5
  203.0  12173  -50.7  -77.7      3   0.00    211     82  350.8  350.9  350.8
  200.0  12270  -50.5  -77.5      3   0.00    210     80  352.6  352.7  352.6
  197.0  12369  -50.3  -78.3      2   0.00    209     78  354.5  354.5  354.5
  186.0  12735  -52.8  -80.5      2   0.00    205     70  356.3  356.3  356.3
  158.0  13777  -59.9  -86.9      2   0.00    205     62  361.3  361.3  361.3
  153.0  13977  -61.3                         205     60  362.3         362.3
  150.0  14100  -62.1                         210     61  362.9         362.9
  148.0  14183  -62.9                         211     60  362.9         362.9
  134.0  14783  -66.9                         220     50  366.3         366.3
  117.0  15602  -72.3                         240     53  370.7         370.7
  116.0  15653  -72.7                         240     54  370.9         370.9
  100.0  16530  -71.7                         215     54  388.9         388.9
   93.0  16959  -71.3                         195     40  397.9         397.9
   91.1  17082  -68.1                         186     33  406.6         406.6
   89.0  17221  -68.8                         175     25  407.8         407.8
   84.0  17565  -70.7                         180     13  410.8         410.8
   82.0  17708  -71.5                         195     11  412.0         412.0
   81.5  17745  -71.7                         202     10  412.4         412.4
   81.0  17781  -71.6                         210      9  413.4         413.4
   80.0  17855  -71.3                         230     10  415.4         415.4
   77.0  18083  -70.4                         205     12  421.7         421.7
   76.0  18161  -70.1                         240     10  423.9         423.9
   74.0  18319  -69.5                         240     13  428.4         428.4
   71.0  18566  -68.6                         190     18  435.5         435.5
   70.0  18650  -68.3                         180     17  437.9         437.9
   67.0  18917  -67.5                         175     13  445.1         445.1
   63.0  19292  -66.4                         140     18  455.5         455.5
   61.0  19488  -65.8                         145     17  460.9         460.9
   58.0  19796  -65.0                         100     10  469.7         469.7
   57.0  19902  -64.6                         130      4  472.7         472.7
   55.0  20119  -64.0                         165     10  479.0         479.0
   52.0  20461  -63.0                         115     10  489.1         489.1
   51.0  20579  -62.6                         140     15  492.6         492.6
   50.0  20700  -62.3                         130     21  496.2         496.2
   49.0  20826  -61.7                         100     25  500.6         500.6
   47.0  21085  -60.4                          75     19  509.7         509.7
   44.5  21424  -58.7                          71     14  521.8         521.8
   44.0  21496  -58.6                          70     13  523.7         523.7
   43.0  21640  -58.5                          85     14  527.5         527.5
   42.0  21789  -58.3                          60     11  531.5         531.5
   40.0  22096  -57.9                          75     14  539.9         539.9
   38.0  22419  -57.6                         105     12  548.8         548.8
   35.0  22937  -57.0                          50     16  563.4         563.4
   33.0  23308  -56.5                          90     14  574.0         574.0
   32.8  23346  -56.5                          93     15  575.2         575.2
   32.0  23502  -57.0                         105     17  577.9         577.9
   31.2  23662  -57.5                          99     17  580.8         580.8
   30.0  23910  -56.5                          90     18  590.0         590.0
   26.0  24824  -55.0                          85     25  618.9         618.9
   24.0  25335  -54.2                          70     19  635.6         635.6
   23.0  25607  -53.8                          90     22  644.6         644.6
   22.0  25891  -53.3                          80     27  654.2         654.2
   21.0  26188  -52.8                          90     18  664.5         664.5
   20.0  26500  -52.3                          90     25  675.3         675.3
   18.0  27185  -51.1                          70     32  699.6         699.6
   16.1  27910  -49.9                          65     27  726.3         726.3
   16.0                                        65     27                     
