
-----------------------------------------------------------------------------
   PRES   HGHT   TEMP   DWPT   RELH   MIXR   DRCT   SKNT   THTA   THTE   THTV
    hPa     m      C      C      %    g/kg    deg   knot     K      K      K 
-----------------------------------------------------------------------------
 1019.0      5   26.4   19.4     65  14.12     95     13  297.9  339.1  300.5
 1000.0    174   24.0   18.0     69  13.16    105     18  297.1  335.4  299.5
  961.0    519   20.7   16.9     79  12.77    105     20  297.2  334.3  299.4
  940.0    711   18.8   16.3     85  12.55    102     21  297.2  333.7  299.4
  925.0    849   18.0   14.9     82  11.65    100     21  297.7  331.7  299.8
  850.0   1569   13.4   11.0     85   9.79     80     17  300.2  329.2  301.9
  781.0   2279   10.0    9.1     94   9.37     54     15  303.9  332.1  305.6
  773.0   2365   11.2    9.8     91   9.93     51     15  306.1  336.2  307.9
  771.0   2387   12.7    8.9     78   9.39     50     15  307.9  336.6  309.6
  770.0   2398   13.4    8.5     72   9.12     50     15  308.8  336.9  310.5
  766.0   2442   14.2    5.2     55   7.29     51     15  310.1  332.8  311.4
  754.0   2575   13.2   -2.8     33   4.15     52     14  310.4  323.7  311.2
  734.0   2799   11.4   -5.1     31   3.58     55     13  310.8  322.4  311.5
  713.0   3041    9.4   -7.6     29   3.04     79     14  311.2  321.2  311.8
  703.0   3159   10.0  -22.0      9   0.94     91     14  313.1  316.4  313.3
  700.0   3194    9.8  -23.2      8   0.85     95     14  313.3  316.3  313.5
  692.0   3289    9.7  -30.8      4   0.43    105     15  314.2  315.8  314.3
  683.0   3398    9.6  -39.4      2   0.18    105     14  315.3  316.0  315.3
  658.0   3707    8.8  -25.2      7   0.75    105     12  317.8  320.5  317.9
  656.0   3732    8.6  -25.3      7   0.75    105     12  317.8  320.6  318.0
  615.0   4259    4.7  -28.1      7   0.62    120     15  319.3  321.6  319.4
  584.0   4681    1.6  -30.4      7   0.53    100     17  320.4  322.4  320.5
  569.0   4891    1.8  -47.2      1   0.10     90     18  323.0  323.4  323.0
  562.0   4990    1.0  -45.5      2   0.12     85     18  323.2  323.7  323.3
  530.0   5459   -2.7  -37.7      5   0.28     97     25  324.2  325.4  324.3
  523.0   5564   -2.3  -49.3      1   0.08    100     27  325.9  326.3  326.0
  500.0   5920   -4.3  -53.3      1   0.05    105     24  327.7  328.0  327.7
  460.0   6568   -7.9  -55.9      1   0.04    111     18  331.1  331.3  331.1
  438.0   6941  -11.0  -57.9      1   0.03    115     15  331.9  332.1  331.9
  407.0   7498  -15.6  -61.0      1   0.03    120     20  333.0  333.1  333.0
  400.0   7630  -16.7  -61.7      1   0.02    125     20  333.2  333.3  333.2
  376.0   8080  -20.4  -60.0      2   0.03    115     22  334.2  334.3  334.2
  340.0   8813  -26.5  -57.3      4   0.05    130     10  335.6  335.9  335.7
  304.0   9627  -33.3  -54.3     10   0.08    255      6  337.1  337.4  337.1
  300.0   9720  -33.7  -57.7      7   0.05    270      5  337.8  338.0  337.8
  285.0  10077  -36.2  -64.0      4   0.02    250      1  339.1  339.2  339.1
  269.0  10478  -39.1  -71.1      2   0.01    261      6  340.6  340.6  340.6
  257.0  10791  -40.2  -72.2      2   0.01    270     10  343.4  343.4  343.4
  250.0  10980  -40.9  -72.9      2   0.01    260     10  345.1  345.2  345.1
  249.0  11007  -40.9  -74.9      1   0.01    258     10  345.5  345.6  345.5
  206.0  12264  -50.8  -80.4      2   0.00    140     10  349.3  349.3  349.3
  200.0  12460  -52.3  -81.3      2   0.00    130     12  349.8  349.8  349.8
  194.0  12655  -54.0  -81.5      2   0.00    120     12  350.2  350.2  350.2
  186.0  12924  -56.3  -81.8      3   0.00     85     13  350.7  350.7  350.7
  181.0  13098  -57.8  -82.1      3   0.00     70     14  350.9  351.0  350.9
  180.0  13133  -58.1  -82.1      3   0.00     67     14  351.0  351.0  351.0
  165.0  13680  -59.9  -83.9      3   0.00     21     10  356.8  356.8  356.8
  163.0  13755  -60.4                          15     10  357.2         357.2
  150.0  14270  -63.9                         105      5  359.8         359.8
  143.0  14558  -65.7                         125      3  361.6         361.6
  134.0  14949  -68.2                         160     10  364.0         364.0
  124.0  15415  -71.1                         152     16  366.8         366.8
  100.0  16670  -76.5                         130     31  379.7         379.7
   98.2  16775  -77.1                         130     33  380.5         380.5
   93.0  17087  -77.4                         125     41  385.8         385.8
   84.0  17672  -78.0                         115     33  395.9         395.9
   77.8  18113  -78.5                          97     31  403.8         403.8
   77.0  18172  -78.3                          95     31  405.3         405.3
   70.0  18720  -76.9                          90     29  419.6         419.6
   69.0  18803  -75.3                          89     29  424.7         424.7
   65.0  19149  -76.1                          85     30  430.3         430.3
   64.0  19238  -76.3                          89     30  431.7         431.7
   61.0  19520  -73.1                         100     31  444.9         444.9
   58.0  19816  -69.7                          88     32  458.9         458.9
   56.0  20024  -70.4                          80     32  462.1         462.1
   53.9  20251  -71.1                          90     32  465.4         465.4
   51.0  20582  -68.5                         105     32  479.1         479.1
   50.0  20700  -67.5                          95     34  484.0         484.0
   48.3  20910  -65.1                          70     34  494.5         494.5
   48.0  20947  -65.3                          65     34  495.0         495.0
   46.0  21206  -66.4                          70     24  498.3         498.3
   45.5  21272  -66.7                          69     24  499.2         499.2
   42.0  21768  -64.1                          65     27  517.0         517.0
   33.5  23168  -56.9                          93     38  570.6         570.6
   33.0  23264  -56.6                          95     39  573.8         573.8
   30.0  23870  -55.1                          80     39  593.8         593.8
   27.0  24551  -53.7                         100     36  615.9         615.9
   25.0  25048  -52.7                          90     46  632.5         632.5
   20.0  26490  -49.7                          95     35  683.3         683.3
   18.1  27145  -48.3                          95     37  707.5         707.5
   17.0  27557  -49.2                          95     39  717.2         717.2
   16.7  27673  -49.5                                     720.0         720.0
