
-----------------------------------------------------------------------------
   PRES   HGHT   TEMP   DWPT   RELH   MIXR   DRCT   SKNT   THTA   THTE   THTV
    hPa     m      C      C      %    g/kg    deg   knot     K      K      K 
-----------------------------------------------------------------------------
 1022.0      5   22.0   15.0     64  10.59    210      7  293.3  323.8  295.2
 1010.0    107   20.0   14.0     68  10.04    186      8  292.3  321.1  294.1
 1000.0    193   19.4   14.6     74  10.55    165      9  292.6  322.8  294.4
  992.0    262   19.0   14.6     76  10.64    161      8  292.8  323.3  294.7
  987.0    306   19.6   15.1     75  11.05    159      8  293.9  325.6  295.8
  927.0    843   15.3   13.5     88  10.56    130      4  294.8  325.4  296.7
  925.0    861   15.2   13.4     89  10.55    120      4  294.8  325.3  296.7
  918.0    926   14.8   13.1     90  10.42    118      4  295.1  325.2  296.9
  899.0   1103   13.4   11.5     88   9.56    113      5  295.4  323.2  297.1
  879.0   1292   12.6    8.2     75   7.82    108      6  296.5  319.5  297.9
  850.0   1573   10.4    7.7     83   7.81    100      8  297.0  320.1  298.4
  841.0   1662    9.8    7.5     86   7.82    100     10  297.3  320.4  298.7
  832.0   1751    9.2    7.4     89   7.82     98     10  297.6  320.7  299.0
  796.0   2117    6.5    4.5     87   6.66     90     10  298.5  318.4  299.7
  794.0   2138    6.4    4.3     86   6.60     93     10  298.6  318.3  299.8
  783.0   2253    6.6   -0.4     61   4.77    111     10  300.0  314.5  300.9
  772.0   2369    7.0  -11.0     26   2.15    129     10  301.6  308.5  302.0
  753.0   2573    6.2  -16.8     17   1.37    162     10  302.9  307.5  303.2
  751.0   2595    6.6  -21.6     11   0.91    165     10  303.6  306.6  303.7
  743.0   2683    8.0  -41.0      2   0.14    165     12  306.1  306.6  306.1
  724.0   2896    6.8  -37.9      2   0.20    165     16  307.0  307.8  307.0
  714.0   3010    6.1  -36.2      3   0.24    170     16  307.5  308.4  307.5
  700.0   3172    5.2  -33.8      4   0.32    180     14  308.2  309.4  308.3
  669.0   3538    3.0  -39.6      3   0.19    210     12  309.7  310.4  309.8
  632.0   3998    0.2  -46.8      1   0.09    210     12  311.6  312.0  311.7
  630.0   4023    0.1  -45.8      2   0.10    210     12  311.8  312.2  311.8
  606.0   4333   -1.7  -33.7      7   0.37    233     13  313.2  314.6  313.3
  578.0   4708   -4.5  -28.6     13   0.63    260     14  314.2  316.5  314.3
  574.0   4763   -4.9  -27.9     15   0.68    262     14  314.4  316.8  314.5
  546.0   5149   -8.1  -30.7     14   0.54    275     15  315.1  317.1  315.2
  500.0   5830  -13.7  -35.7     14   0.37    265     14  316.3  317.6  316.3
  496.0   5891  -14.0  -36.8     13   0.33    265     14  316.6  317.9  316.7
  495.0   5906  -14.1  -37.1     12   0.32    265     14  316.7  317.9  316.8
  475.0   6218  -15.5  -44.5      6   0.15    269     21  318.7  319.3  318.8
  428.0   6995  -21.9  -38.9     20   0.31    278     39  320.2  321.4  320.2
  418.0   7168  -22.8  -36.4     28   0.41    280     43  321.2  322.8  321.3
  402.0   7454  -24.3  -32.3     48   0.64    289     47  322.9  325.2  323.0
  400.0   7490  -24.5  -33.5     43   0.57    290     48  323.1  325.2  323.2
  398.0   7527  -24.7  -34.7     39   0.51    290     49  323.3  325.2  323.4
  395.0   7582  -24.5  -47.5     10   0.13    291     51  324.2  324.8  324.2
  387.0   7731  -25.3  -32.3     52   0.66    293     56  325.1  327.6  325.2
  379.0   7882  -25.9  -37.9     32   0.39    295     61  326.2  327.7  326.3
  378.0   7902  -26.0  -36.0     39   0.47    295     62  326.4  328.1  326.4
  377.0   7921  -26.1  -34.1     47   0.57    295     62  326.5  328.6  326.6
  374.0   7979  -25.7  -42.7     19   0.24    295     63  327.7  328.7  327.8
  360.0   8255  -27.5  -52.5      7   0.08    296     65  328.9  329.3  328.9
  344.0   8580  -30.3  -48.3     16   0.14    298     68  329.4  330.0  329.4
  317.0   9153  -34.7  -56.9      9   0.05    300     74  331.1  331.3  331.1
  300.0   9540  -37.7  -62.7      6   0.03    300     73  332.1  332.2  332.1
  295.0   9655  -38.7  -62.7      6   0.03    300     74  332.3  332.4  332.3
  265.0  10379  -44.0  -58.4     19   0.05    300     83  334.9  335.1  334.9
  255.0  10638  -45.9  -56.9     28   0.07    297     94  335.8  336.1  335.8
  252.0  10717  -44.7  -60.7     15   0.04    296     98  338.7  338.9  338.7
  250.0  10770  -44.7  -62.7     12   0.03    295    100  339.5  339.6  339.5
  233.0  11242  -45.1  -71.6      4   0.01    305    125  345.8  345.9  345.8
  232.0  11271  -45.1  -72.1      3   0.01    305    125  346.2  346.2  346.2
  223.0  11535  -46.5  -70.5      5   0.01    309    129  348.0  348.0  348.0
  219.0  11654  -47.5  -69.5      6   0.01    310    131  348.2  348.3  348.2
  210.0  11930  -49.8  -67.2     11   0.02    310    133  348.8  348.9  348.8
  200.0  12250  -52.5  -64.5     22   0.03    310    133  349.5  349.6  349.5
  186.0  12713  -56.9  -65.9     31   0.03    310    133  349.7  349.8  349.7
  176.0  13060  -59.7  -68.7     30   0.02    307    129  350.6  350.7  350.6
  165.0  13460  -63.1                         304    125  351.5         351.5
  150.0  14040  -66.7                         300    119  355.0         355.0
  149.0  14080  -66.8                         300    118  355.4         355.4
  141.0  14412  -67.9                         300    106  359.2         359.2
  138.0  14542  -67.7                         300     99  361.8         361.8
  123.0  15236  -66.5                         310     77  376.0         376.0
  113.0  15747  -65.7                         287     56  386.8         386.8
  112.0  15800  -66.1                         285     54  387.1         387.1
  104.0  16246  -69.1                         290     43  389.6         389.6
  100.0  16480  -68.7                         305     48  394.7         394.7
   95.0  16786  -70.0                         305     58  398.0         398.0
   91.7  16996  -70.9                         295     54  400.3         400.3
   88.0  17243  -68.7                         285     41  409.4         409.4
   86.4  17352  -67.7                         293     39  413.6         413.6
   83.0  17594  -68.1                         310     33  417.5         417.5
   81.4  17711  -68.3                         300     32  419.5         419.5
   79.7  17838  -66.5                         289     30  425.7         425.7
   76.0  18124  -67.8                         265     27  428.9         428.9
   74.0  18285  -68.5                         272     20  430.6         430.6
   72.0  18450  -67.6                         280     13  435.9         435.9
   70.0  18620  -66.7                         305     10  441.4         441.4
   67.0  18885  -67.0                         325     10  446.3         446.3
   64.0  19161  -67.3                         310     12  451.5         451.5
   62.0  19354  -64.7                         300     13  461.4         461.4
   61.0  19453  -64.5                         295     14  463.9         463.9
   57.6  19804  -63.9                         215     12  473.0         473.0
   57.0  19869  -63.3                         200     12  475.8         475.8
   54.5  20146  -60.7                         138     12  487.9         487.9
   54.0  20203  -60.9                         125     12  488.6         488.6
   51.0  20558  -62.4                          85      7  493.3         493.3
   50.7  20594  -62.5                          79      8  493.8         493.8
   50.0  20680  -62.1                          65     10  496.7         496.7
   48.0  20934  -61.3                         100     14  504.4         504.4
   46.0  21198  -60.5                          95     19  512.5         512.5
   44.0  21477  -60.1                          75     10  520.1         520.1
   43.0  21622  -59.9                         100      5  524.1         524.1
   37.0  22565  -58.4                         135     12  550.8         550.8
   35.1  22896  -57.9                         121     13  560.5         560.5
   35.0  22914  -57.8                         120     13  561.2         561.2
   34.0  23099  -56.8                         130     12  568.6         568.6
   32.0  23487  -54.6                          95     11  584.3         584.3
   31.0  23690  -53.5                         115     14  592.7         592.7
   30.0  23900  -52.3                         110     17  601.5         601.5
   29.4  24030  -52.3                         104     18  604.9         604.9
   29.0  24118  -52.5                         100     18  606.8         606.8
   27.0  24577  -53.6                          95     14  616.3         616.3
   26.0  24819  -54.1                          70     14  621.4         621.4
   25.7  24894  -54.3                          77     14  623.0         623.0
   25.0  25073  -53.5                          95     15  630.1         630.1
   24.0  25336  -52.4                          85     10  640.8         640.8
   22.0  25899  -49.9                         130     11  664.2         664.2
   21.5  26048  -49.3                         125     11  670.5         670.5
   21.0  26201  -49.4                         120     12  674.6         674.6
   20.0  26520  -49.7                          90     11  683.3         683.3
   18.9  26890  -50.3                          95     10  692.5         692.5
   18.0  27209  -49.2                         100     10  705.9         705.9
   17.8  27282  -48.9                                     708.9         708.9
