
-----------------------------------------------------------------------------
   PRES   HGHT   TEMP   DWPT   RELH   MIXR   DRCT   SKNT   THTA   THTE   THTV
    hPa     m      C      C      %    g/kg    deg   knot     K      K      K 
-----------------------------------------------------------------------------
 1019.0      5   24.6   17.6     65  12.58    185      6  296.1  332.6  298.4
 1015.0     40   22.6   15.6     65  11.10    199      6  294.5  326.5  296.5
 1000.0    170   21.4   16.6     74  12.02    250      7  294.6  329.2  296.7
  925.0    842   17.2   12.5     74   9.94    175      3  296.9  325.9  298.7
  919.0    897   16.9   12.1     73   9.74      0      0  297.1  325.7  298.9
  850.0   1560   13.4    7.4     67   7.65    190      5  300.2  323.1  301.6
  822.0   1838   11.5    6.0     69   7.20    175     11  301.1  322.7  302.4
  807.0   1990   10.5    5.3     70   6.95    180     14  301.5  322.5  302.8
  788.0   2188    9.1    4.3     72   6.65    185     10  302.1  322.3  303.4
  751.0   2586    6.4    2.3     75   6.06    145     10  303.4  321.9  304.5
  720.0   2935    4.0    0.6     78   5.58    118      5  304.4  321.6  305.4
  710.0   3049    4.2   -0.5     71   5.22    109      4  305.9  322.1  306.8
  705.0   3107    5.4   -9.6     33   2.63    105      3  307.8  316.4  308.3
  700.0   3165    5.0  -12.0     28   2.19    100      2  308.0  315.2  308.4
  699.0   3177    5.0  -13.0     26   2.02     98      2  308.1  314.8  308.5
  683.0   3366    7.4  -37.6      2   0.22     74      2  312.8  313.7  312.9
  593.0   4505   -1.5  -30.7      9   0.50    285      5  315.4  317.2  315.5
  571.0   4810   -3.9  -28.9     12   0.62    308     10  316.0  318.2  316.1
  569.0   4837   -4.0  -29.0     12   0.61    310     11  316.2  318.4  316.3
  535.0   5322   -5.7  -31.4     11   0.52    315     23  319.9  321.8  319.9
  528.0   5425   -6.0  -31.9     11   0.50    300     24  320.6  322.5  320.7
  526.0   5455   -6.1  -32.1     11   0.50    299     24  320.9  322.7  320.9
  500.0   5850   -8.7  -31.7     14   0.54    290     29  322.4  324.4  322.5
  472.0   6292  -11.7  -30.9     19   0.62    285     43  324.0  326.3  324.1
  442.0   6795  -15.1  -30.1     27   0.71    289     47  325.9  328.5  326.0
  407.0   7411  -20.9  -32.2     36   0.64    295     53  326.1  328.4  326.2
  405.0   7448  -21.3  -32.3     36   0.63    294     52  326.1  328.4  326.2
  400.0   7540  -21.1  -44.1     11   0.19    290     51  327.5  328.2  327.5
  396.0   7614  -21.1  -50.1      6   0.10    290     52  328.4  328.8  328.4
  390.0   7724  -21.8  -51.0      5   0.09    290     54  329.0  329.4  329.0
  316.0   9244  -30.7  -63.7      2   0.02    280     75  336.9  337.1  337.0
  315.0   9267  -30.9  -63.3      3   0.02    280     75  337.0  337.1  337.0
  300.0   9610  -33.7  -56.7      8   0.06    280     73  337.8  338.0  337.8
  287.0   9918  -36.7  -57.0     10   0.06    275     70  337.8  338.1  337.8
  281.0  10064  -38.1  -57.1     12   0.06    275     76  337.8  338.1  337.8
  267.0  10412  -40.3  -56.2     17   0.07    275     91  339.6  339.9  339.6
  250.0  10860  -43.1  -55.1     25   0.09    275     93  341.9  342.2  341.9
  240.0  11134  -45.5  -55.5     31   0.09    278     97  342.3  342.6  342.3
  202.0  12265  -52.5  -66.3     17   0.03    290    116  348.5  348.6  348.5
  200.0  12330  -52.9  -66.9     17   0.02    290    115  348.8  348.9  348.8
  194.0  12526  -54.1  -69.1     14   0.02    289    111  350.0  350.1  350.0
  174.0  13214  -59.9  -73.9     14   0.01    285     98  351.5  351.5  351.5
  168.0  13432  -61.7                         284     93  352.0         352.0
  150.0  14130  -63.9                         280     79  359.8         359.8
  147.0  14254  -64.5                         280     79  360.9         360.9
  143.0  14424  -63.7                         272     69  365.1         365.1
  142.0  14466  -63.9                         270     66  365.4         365.4
  134.0  14815  -65.8                         280     52  368.3         368.3
  115.0  15737  -70.6                         275     46  375.7         375.7
  109.0  16060  -72.3                         270     49  378.3         378.3
  107.0  16171  -72.9                         265     45  379.2         379.2
  106.0  16227  -72.9                         260     40  380.3         380.3
  100.0  16570  -72.7                         270     30  387.0         387.0
   94.0  16936  -71.0                         260     16  397.3         397.3
   92.0  17063  -70.4                         275     12  400.9         400.9
   89.0  17259  -69.5                         315     16  406.5         406.5
   85.9  17468  -68.5                         309     19  412.6         412.6
   77.0  18116  -71.9                         290     27  418.7         418.7
   70.0  18680  -69.1                         230     13  436.2         436.2
   68.0  18855  -68.0                         280     10  442.1         442.1
   65.0  19127  -66.4                         255     12  451.4         451.4
   64.0  19221  -65.8                         265     11  454.7         454.7
   63.4  19278  -65.5                         250     10  456.7         456.7
   63.0  19316  -65.5                         240     10  457.6         457.6
   61.0  19514  -65.2                         190     10  462.4         462.4
   58.0  19822  -64.8                           0      0  470.0         470.0
   55.0  20147  -64.4                         340     10  478.1         478.1
   53.0  20374  -64.1                         310     10  483.9         483.9
   50.4  20681  -63.7                         176      9  491.8         491.8
   50.0  20730  -64.3                         155      9  491.5         491.5
   49.4  20804  -64.9                         151      9  491.8         491.8
   48.0  20980  -64.6                         140     10  496.6         496.6
   45.0  21375  -63.9                         130     10  507.6         507.6
   44.0  21512  -63.6                         130     16  511.5         511.5
   43.0  21653  -63.4                          95     14  515.5         515.5
   42.0  21797  -63.1                         120     11  519.6         519.6
   40.0  22096  -62.5                         115      8  528.3         528.3
   39.1  22235  -62.3                         137     15  532.4         532.4
   39.0  22251  -62.2                         140     16  533.0         533.0
   38.0  22413  -61.0                         120     21  540.0         540.0
   36.0  22751  -58.6                         105     15  554.6         554.6
   35.0  22927  -57.3                         120     14  562.4         562.4
   34.5  23017  -56.7                         111     14  566.4         566.4
   33.0  23297  -57.8                          85     16  570.8         570.8
   32.8  23335  -57.9                          88     16  571.5         571.5
   31.0  23693  -56.3                         115     16  585.2         585.2
   30.0  23900  -55.3                          85     16  593.3         593.3
   29.0  24118  -54.9                          75     11  600.1         600.1
   28.0  24343  -54.5                         130     10  607.2         607.2
   27.0  24577  -54.1                         105     14  614.7         614.7
   26.0  24819  -53.7                         115     10  622.5         622.5
   25.0  25071  -53.3                         120     10  630.8         630.8
   23.7  25414  -52.7                          88     14  642.2         642.2
   23.1  25579  -53.5                          73     17  644.6         644.6
   23.0  25607  -53.5                          70     17  645.4         645.4
   22.0  25893  -53.4                          90     11  654.0         654.0
   21.2  26132  -53.3                         130     11  661.2         661.2
   21.0  26194  -52.8                         140     11  664.4         664.4
   20.0  26510  -50.3                         125     14  681.5         681.5
   19.3  26743  -48.5                         123     13  694.0         694.0
   18.0  27200  -50.3                         120     12  702.4         702.4
   17.7  27310  -50.7                         126      9  704.4         704.4
   17.0  27574  -47.7                         140      3  722.1         722.1
   16.9  27613  -47.3                                     724.7         724.7
