
-----------------------------------------------------------------------------
   PRES   HGHT   TEMP   DWPT   RELH   MIXR   DRCT   SKNT   THTA   THTE   THTV
    hPa     m      C      C      %    g/kg    deg   knot     K      K      K 
-----------------------------------------------------------------------------
 1007.0      5   26.2   19.2     65  14.11    210     15  298.8  340.1  301.3
 1003.0     40   24.8   16.8     61  12.14    210     16  297.7  333.1  299.9
 1000.0     66   24.4   16.4     61  11.87    210     16  297.6  332.2  299.7
  973.0    304   22.2   16.0     68  11.90    205     17  297.7  332.4  299.8
  932.0    678   18.8   15.4     81  11.95    185     17  297.9  332.8  300.0
  925.0    743   18.2   15.3     83  11.95    185     18  297.9  332.8  300.1
  900.0    977   16.0   14.9     93  11.97    177     25  298.0  333.0  300.1
  850.0   1462   14.6   12.4     87  10.75    160     41  301.4  333.4  303.4
  848.0   1482   14.5   12.2     86  10.66    160     41  301.6  333.3  303.5
  781.0   2177   12.4    6.4     67   7.78    164     32  306.4  330.3  307.9
  765.0   2350   11.4    5.9     69   7.69    165     30  307.1  330.8  308.6
  730.0   2742    9.0    4.9     75   7.49    179     26  308.7  331.9  310.1
  713.0   2938    8.8    3.8     71   7.10    186     24  310.6  332.8  311.9
  704.0   3043    8.0    3.0     71   6.78    190     23  310.8  332.0  312.1
  700.0   3090    7.6    2.6     71   6.64    190     23  310.9  331.7  312.1
  653.0   3658    3.0   -2.8     65   4.78    215     25  311.9  327.2  312.8
  645.0   3758    2.2   -3.8     65   4.50    209     25  312.1  326.6  312.9
  630.0   3948    2.4  -11.6     35   2.51    198     25  314.4  322.8  314.9
  612.0   4182    1.5   -9.8     43   2.98    185     25  316.0  325.9  316.6
  610.0   4208    1.4   -9.6     44   3.04    185     25  316.2  326.3  316.8
  600.0   4342    2.2  -23.8     13   0.94    185     24  318.6  322.0  318.8
  573.0   4711    0.7  -39.4      3   0.22    185     23  321.0  321.9  321.1
  560.0   4895   -0.1  -47.1      1   0.10    192     22  322.2  322.6  322.3
  553.0   4996   -0.7  -16.7     29   1.88    196     21  322.7  329.3  323.1
  529.0   5346   -3.8  -15.4     40   2.19    210     19  323.1  330.7  323.5
  505.0   5712   -7.1  -14.1     57   2.56    200     17  323.4  332.2  323.9
  500.0   5790   -7.5  -14.5     57   2.50    205     16  323.8  332.5  324.3
  484.0   6042   -8.6  -19.6     41   1.69    225     16  325.5  331.5  325.9
  457.0   6487  -10.5  -28.5     21   0.80    237     14  328.5  331.5  328.7
  433.0   6899  -13.9  -31.9     20   0.61    248     11  329.3  331.6  329.4
  430.0   6952  -12.9  -34.9     14   0.46    250     11  331.2  333.0  331.3
  429.0   6970  -13.0  -35.6     13   0.43    250     11  331.3  333.0  331.4
  400.0   7500  -16.3  -55.3      2   0.05    225     14  333.7  333.9  333.7
  399.0   7519  -16.5  -56.1      2   0.05    225     14  333.8  334.0  333.8
  395.0   7595  -17.1  -59.1      1   0.03    225     15  333.9  334.0  333.9
  375.0   7984  -19.5  -59.5      2   0.03    225     22  335.7  335.8  335.7
  316.0   9231  -30.5  -54.5      8   0.07    244     27  337.2  337.6  337.2
  300.0   9600  -32.3  -61.3      4   0.03    250     28  339.7  339.9  339.7
  295.0   9718  -32.7  -66.7      2   0.02    252     28  340.8  340.9  340.8
  250.0  10860  -41.3  -66.3      5   0.02    270     27  344.5  344.6  344.5
  229.0  11444  -45.6  -71.1      4   0.01    270     34  346.7  346.8  346.7
  208.0  12085  -50.3  -76.3      3   0.01    259     30  349.0  349.1  349.0
  200.0  12340  -51.5  -78.5      3   0.00    255     28  351.1  351.1  351.1
  163.0  13645  -59.9  -84.9      2   0.00    241     27  358.1  358.1  358.1
  150.0  14160  -64.1                         235     26  359.5         359.5
  147.0  14282  -65.0                         235     25  359.9         359.9
  138.0  14665  -67.9                         243     23  361.4         361.4
  136.0  14752  -68.2                         245     23  362.4         362.4
  120.0  15497  -70.9                         223     20  370.7         370.7
  115.0  15744  -73.1                         215     19  371.1         371.1
  103.0  16382  -78.9                         235     18  371.9         371.9
  100.0  16550  -78.5                         230     22  375.8         375.8
   95.0  16847  -75.5                         225     21  387.3         387.3
   90.0  17160  -72.2                         275     13  399.8         399.8
   89.8  17173  -72.1                         275     13  400.3         400.3
   87.0  17358  -72.3                         270     17  403.5         403.5
   81.0  17777  -72.8                         280     10  410.9         410.9
   78.0  17999  -73.0                         215      1  414.9         414.9
   76.8  18090  -73.1                         206      3  416.5         416.5
   73.0  18390  -69.6                         175     10  430.0         430.0
   72.1  18463  -68.7                         163     12  433.4         433.4
   70.0  18640  -68.7                         135     17  437.1         437.1
   69.0  18726  -69.2                         125     17  437.7         437.7
   67.5  18857  -70.1                         114     17  438.6         438.6
   67.0  18901  -69.9                         110     17  439.9         439.9
   64.0  19176  -68.8                         125     15  448.2         448.2
   58.0  19767  -66.4                          95     26  466.4         466.4
   57.3  19840  -66.1                          96     25  468.7         468.7
   53.0  20315  -64.8                         105     19  482.2         482.2
   50.0  20670  -63.9                          80     23  492.5         492.5
   48.0  20924  -63.4                          85     17  499.6         499.6
   47.0  21055  -63.1                         115     20  503.3         503.3
   44.0  21466  -62.2                         105     35  515.0         515.0
   42.0  21755  -61.5                         110     28  523.5         523.5
   33.0  23257  -58.3                          80     37  569.5         569.5
   32.6  23333  -58.1                          81     37  571.9         571.9
   30.0  23860  -55.9                          85     35  591.6         591.6
   26.0  24780  -51.9                          95     32  627.8         627.8
   23.9  25322  -49.5                          88     42  650.0         650.0
   23.0  25574  -49.0                          85     47  658.5         658.5
   21.0  26170  -47.9                          80     42  679.2         679.2
   20.0  26490  -47.3                          80     38  690.6         690.6
   18.0  27189  -46.4                          80     47  714.6         714.6
   17.0  27569  -45.9                          95     46  727.9         727.9
   16.2  27889  -45.5                          93     47  739.3         739.3
   14.1  28810  -47.5                          85     49  762.5         762.5
   14.0                                        85     49                     
