
-----------------------------------------------------------------------------
   PRES   HGHT   TEMP   DWPT   RELH   MIXR   DRCT   SKNT   THTA   THTE   THTV
    hPa     m      C      C      %    g/kg    deg   knot     K      K      K 
-----------------------------------------------------------------------------
 1024.0      5   23.2   17.2     69  12.20    200      5  294.4  329.4  296.5
 1000.0    209   20.8   16.6     77  12.02    165      4  293.9  328.5  296.1
  943.0    714   17.0   14.6     86  11.23     60     10  295.1  327.6  297.1
  925.0    880   15.8   14.0     89  10.98     60     10  295.5  327.2  297.4
  924.0    889   15.8   13.8     88  10.84     60     10  295.6  327.0  297.5
  850.0   1594   12.0    8.7     80   8.37     80     17  298.7  323.5  300.2
  847.0   1624   11.9    8.4     79   8.22     80     17  298.9  323.2  300.4
  834.0   1753   11.4    7.0     74   7.59     78     19  299.7  322.3  301.1
  826.0   1834   13.2   -1.8     35   4.08     77     21  302.4  315.1  303.2
  814.0   1957   13.2   -5.8     26   3.06     76     23  303.7  313.4  304.3
  809.0   2008   12.9   -6.3     26   2.96     75     24  304.0  313.4  304.5
  760.0   2528   10.4  -11.3     20   2.12     85     20  306.7  313.6  307.1
  727.0   2897    8.6  -14.9     17   1.66     65     11  308.6  314.1  308.9
  700.0   3211    7.0  -18.0     15   1.33     75      6  310.2  314.8  310.5
  625.0   4134    1.8  -25.2     11   0.79     35      3  314.5  317.3  314.6
  568.0   4896   -4.3  -21.3     25   1.24      1      0  316.0  320.3  316.2
  567.0   4910   -4.4  -21.6     25   1.20      0      0  316.1  320.3  316.3
  519.0   5601   -9.1  -38.1      7   0.28     45      8  318.5  319.5  318.5
  504.0   5828   -8.6  -51.0      2   0.07     60     10  321.7  322.0  321.7
  500.0   5890   -8.5  -54.5      1   0.05     75     10  322.6  322.8  322.6
  497.0   5937   -8.3  -55.1      1   0.04     85     11  323.4  323.5  323.4
  496.0   5952   -8.3  -55.3      1   0.04     84     11  323.6  323.8  323.6
  459.0   6551  -10.7  -39.7      7   0.27     55     17  327.9  328.9  327.9
  401.0   7571  -19.5  -42.6     11   0.22     45     10  329.3  330.2  329.3
  400.0   7590  -19.7  -42.7     11   0.22     45     10  329.3  330.2  329.3
  397.0   7646  -20.3  -42.3     12   0.23     41     10  329.2  330.2  329.3
  343.0   8703  -28.7  -50.7     10   0.11    330      4  331.9  332.3  331.9
  329.0   9005  -31.1  -53.1     10   0.08    288      8  332.5  332.9  332.6
  320.0   9199  -32.7  -54.4     10   0.07    260     10  332.9  333.3  333.0
  301.0   9627  -36.3  -57.3     10   0.05    260     18  333.8  334.0  333.8
  300.0   9650  -36.5  -57.5     10   0.05    260     18  333.8  334.1  333.8
  264.0  10521  -44.3  -57.0     23   0.06    265     20  334.8  335.1  334.8
  253.0  10811  -46.9  -56.9     31   0.07    261     16  335.1  335.4  335.1
  251.0  10863  -47.3  -58.0     28   0.06    260     15  335.2  335.5  335.2
  250.0  10890  -47.5  -58.5     27   0.06    260     15  335.3  335.6  335.3
  243.0  11077  -48.8  -62.5     19   0.03    235     17  336.2  336.3  336.2
  240.0  11159  -49.3  -64.3     16   0.03    236     18  336.5  336.7  336.6
  209.0  12052  -56.7  -64.7     36   0.03    244     29  338.5  338.7  338.5
  205.0  12174  -57.6  -66.0     33   0.03    245     30  339.0  339.1  339.0
  200.0  12330  -58.7  -67.7     30   0.02    260     27  339.6  339.8  339.6
  198.0  12393  -59.0  -68.0     30   0.02    265     27  340.2  340.3  340.2
  193.0  12552  -59.6  -68.6     30   0.02    280     30  341.6  341.7  341.6
  191.0  12617  -59.9  -68.9     30   0.02    278     32  342.2  342.3  342.2
  168.0  13408  -64.5                         255     51  347.3         347.3
  158.0  13783  -63.3                         263     49  355.5         355.5
  150.0  14100  -64.7                         270     48  358.4         358.4
  146.0  14265  -65.9                         273     48  359.1         359.1
  143.0  14389  -66.4                         275     48  360.4         360.4
  139.0  14559  -67.2                         270     46  362.0         362.0
  132.0  14868  -68.5                         255     36  365.1         365.1
  128.0  15052  -69.2                         270     25  366.9         366.9
  123.0  15291  -70.3                         285     29  369.2         369.2
  112.0  15851  -72.6                         280     44  374.8         374.8
  110.0  15959  -73.1                         275     43  375.9         375.9
  106.0  16177  -72.9                         265     37  380.1         380.1
  100.0  16520  -72.7                         280     31  387.0         387.0
   93.0  16944  -74.6                         255     22  391.4         391.4
   91.9  17013  -74.9                         260     18  392.1         392.1
   90.0  17135  -74.9                         270     12  394.5         394.5
   84.0  17536  -74.9                         305     22  402.3         402.3
   80.7  17768  -74.9                         296     23  406.9         406.9
   77.0  18044  -72.0                         285     25  418.4         418.4
   74.4  18246  -69.9                         257     18  427.0         427.0
   72.0  18442  -69.6                         230     12  431.7         431.7
   70.0  18610  -69.3                         230      8  435.8         435.8
   69.0  18696  -69.0                         220     10  438.1         438.1
   62.0  19338  -67.2                         120      4  455.8         455.8
   61.0  19436  -66.9                          10     10  458.6         458.6
   58.9  19646  -66.3                           2     10  464.6         464.6
   56.0  19954  -63.1                         350     10  478.6         478.6
   55.1  20053  -62.1                         349     10  483.1         483.1
   52.1  20397  -63.3                         345     10  488.1         488.1
   52.0  20409  -63.2                         345     10  488.5         488.5
   50.0  20650  -62.1                          15     10  496.7         496.7
   49.0  20777  -61.6                          20     10  500.7         500.7
   47.0  21039  -60.6                         355     18  509.1         509.1
   46.0  21174  -60.1                         325     10  513.5         513.5
   43.0  21598  -58.5                          50      1  527.5         527.5
   41.0  21897  -57.4                         110     10  537.5         537.5
   36.4  22645  -54.5                          66     10  563.5         563.5
   33.0  23271  -54.7                          30     10  578.9         578.9
   32.0  23468  -54.8                          15     10  583.9         583.9
   30.0  23880  -54.9                          50     11  594.4         594.4
   29.0  24096  -55.3                          55     10  599.0         599.0
   28.6  24185  -55.5                          58     10  600.9         600.9
   27.0  24556  -53.3                          70     10  617.2         617.2
   25.0  25052  -50.3                          50     10  639.5         639.5
   24.9  25078  -50.1                          50     10  640.7         640.7
   23.0  25596  -49.8                          50     11  656.3         656.3
   21.0  26191  -49.4                         120      7  674.7         674.7
   20.5  26348  -49.3                         108      9  679.7         679.7
   20.0  26510  -49.7                          95     11  683.3         683.3
   19.2  26778  -47.7                          79     18  697.5         697.5
   19.0                                        75     20                     
