
-----------------------------------------------------------------------------
   PRES   HGHT   TEMP   DWPT   RELH   MIXR   DRCT   SKNT   THTA   THTE   THTV
    hPa     m      C      C      %    g/kg    deg   knot     K      K      K 
-----------------------------------------------------------------------------
 1022.0      5   15.2   11.2     77   8.23    220      4  286.6  309.7  288.0
 1000.0    189   15.0   10.8     76   8.19    260      6  288.1  311.4  289.6
  986.0    308   14.6   11.7     83   8.83    268      6  288.9  313.9  290.4
  947.0    649   14.0    4.0     51   5.41    291      7  291.6  307.5  292.6
  925.0    847   12.2    2.2     50   4.87    305      8  291.8  306.1  292.6
  870.0   1355    7.7    1.6     65   4.97    265     10  292.3  306.9  293.1
  850.0   1548    6.0    1.4     72   5.01    250     13  292.4  307.2  293.3
  827.0   1773    5.0   -1.0     65   4.32    231     14  293.7  306.6  294.4
  799.0   2055    6.8  -20.2     13   0.97    208     16  298.5  301.7  298.7
  795.0   2096    7.2  -18.8     14   1.10    204     17  299.3  303.0  299.5
  790.0   2147    6.9  -17.0     16   1.28    200     17  299.6  303.8  299.8
  757.0   2497    5.0   -5.0     48   3.50    207     17  301.2  312.1  301.8
  737.0   2715    3.8  -10.2     35   2.40    212     16  302.2  309.8  302.6
  704.0   3085    0.8   -9.7     46   2.62    220     16  302.8  311.2  303.3
  700.0   3131    0.4   -9.6     47   2.65    220     16  302.9  311.3  303.4
  653.0   3686   -3.1  -13.1     46   2.15    240     18  305.0  312.0  305.4
  643.0   3808   -2.3  -19.3     26   1.30    246     21  307.3  311.6  307.5
  616.0   4150   -0.7  -37.7      4   0.24    264     28  312.9  313.8  312.9
  599.0   4374   -0.9  -42.0      3   0.16    275     33  315.2  315.8  315.2
  579.0   4645   -1.2  -47.3      2   0.09    275     34  317.9  318.3  318.0
  568.0   4798   -1.3  -50.3      1   0.07    271     42  319.5  319.8  319.6
  556.0   4969    0.6  -37.4      4   0.28    267     51  323.7  324.8  323.8
  538.0   5230   -1.6  -34.6      6   0.38    260     65  324.1  325.6  324.2
  514.0   5593   -4.7  -30.7     11   0.58    263     65  324.7  326.9  324.8
  500.0   5810   -6.5  -32.5     11   0.50    265     65  325.1  327.0  325.1
  468.0   6323  -10.5  -38.5      8   0.29    265     67  326.3  327.4  326.3
  443.0   6745  -11.1  -50.1      2   0.09    265     69  330.7  331.1  330.7
  400.0   7520  -16.9  -52.9      3   0.07    265     73  332.9  333.2  332.9
  392.0   7671  -18.1  -55.1      2   0.06    265     73  333.3  333.5  333.3
  350.0   8501  -25.9  -51.9      7   0.09    265     72  333.7  334.1  333.8
  306.0   9460  -30.9  -59.9      4   0.04    265     71  339.8  340.0  339.8
  300.0   9600  -31.9  -58.9      5   0.05    265     71  340.3  340.5  340.3
  250.0  10870  -40.9  -67.9      4   0.02    265     77  345.1  345.2  345.1
  248.0  10924  -41.3  -68.3      4   0.02    265     77  345.3  345.4  345.3
  216.0  11841  -49.7  -71.7      6   0.01    265     76  346.2  346.3  346.2
  200.0  12340  -52.1  -76.1      4   0.01    265     76  350.1  350.1  350.1
  185.0  12840  -54.0  -78.6      3   0.00    265     78  354.9  354.9  354.9
  174.0  13233  -55.5  -80.5      3   0.00    264     76  358.7  358.7  358.7
  160.0  13761  -59.9  -83.9      3   0.00    262     72  360.0  360.0  360.0
  150.0  14160  -63.3                         260     70  360.8         360.8
  142.0  14489  -65.7                         260     69  362.4         362.4
  123.0  15353  -71.9                         274     60  366.2         366.2
  122.0  15401  -71.4                         275     59  368.1         368.1
  120.0  15499  -70.3                         271     57  371.8         371.8
  108.0  16112  -74.7                         245     46  374.8         374.8
  100.0  16560  -77.9                         260     42  377.0         377.0
   97.5  16705  -78.7                         265     46  378.1         378.1
   95.0  16854  -78.4                         265     48  381.5         381.5
   90.0  17163  -77.8                         260     38  388.6         388.6
   88.8  17240  -77.7                         266     35  390.4         390.4
   86.0  17426  -74.0                         280     27  401.5         401.5
   85.8  17440  -73.7                         281     27  402.3         402.3
   83.0  17633  -74.4                         295     27  404.7         404.7
   79.0  17921  -75.5                         293     25  408.2         408.2
   74.0  18304  -73.5                         290     23  420.0         420.0
   70.0  18630  -71.9                         250     20  430.2         430.2
   69.0  18715  -71.7                         245     18  432.4         432.4
   66.2  18960  -71.1                         264     13  438.9         438.9
   66.0  18978  -70.9                         265     13  439.7         439.7
   64.0  19163  -69.0                         250     14  447.8         447.8
   61.0  19452  -66.0                           0      0  460.6         460.6
   60.3  19521  -65.3                          22      2  463.7         463.7
   56.0  19975  -64.3                         165     12  475.8         475.8
   50.0  20670  -62.9                          50      8  494.8         494.8
   48.0  20924  -61.9                         355     10  502.9         502.9
   39.8  22092  -57.5                          72     10  541.7         541.7
   39.0  22219  -57.6                          80     10  544.5         544.5
   37.0  22551  -58.0                          80     11  551.7         551.7
   33.0  23270  -58.9                          61      6  567.8         567.8
   30.0  23870  -57.3                          45      2  587.8         587.8
   21.4  26028  -52.5                          97      3  661.8         661.8
   21.0                                       100      3                     
