
-----------------------------------------------------------------------------
   PRES   HGHT   TEMP   DWPT   RELH   MIXR   DRCT   SKNT   THTA   THTE   THTV
    hPa     m      C      C      %    g/kg    deg   knot     K      K      K 
-----------------------------------------------------------------------------
 1009.0      5   25.2   15.2     54  10.87    220     10  297.6  329.4  299.5
 1000.0     81   23.4   13.4     53   9.75    215      7  296.6  325.0  298.3
  961.0    426   19.8   13.8     68  10.42    228     13  296.3  326.6  298.2
  927.0    736   17.2   12.7     75  10.05    239     18  296.7  326.0  298.5
  925.0    754   17.2   12.4     73   9.87    240     18  296.9  325.7  298.6
  914.0    856   18.0   10.0     60   8.50    237     21  298.7  323.9  300.3
  907.9    914   17.7    9.4     58   8.21    235     22  299.0  323.3  300.4
  876.0   1219   16.0    6.1     52   6.79    195     10  300.3  320.7  301.5
  873.0   1248   15.8    5.8     51   6.67    196     11  300.4  320.4  301.6
  850.0   1474   13.8    3.8     51   5.95    200     20  300.6  318.6  301.7
  845.0   1524   13.3    3.6     52   5.91    200     20  300.6  318.5  301.7
  815.0   1827   10.6    2.6     58   5.69    185     20  300.8  318.1  301.9
  814.8   1829   10.7    2.0     55   5.46    185     20  300.9  317.5  301.9
  809.0   1888   11.8  -12.2     17   1.86    187     21  302.7  308.8  303.1
  802.0   1961   12.0  -18.0     11   1.16    189     22  303.7  307.6  303.9
  785.4   2134   11.1  -19.7     10   1.03    195     24  304.5  308.0  304.7
  757.0   2438    9.4  -22.7      8   0.82    195     19  306.0  308.8  306.1
  729.6   2743    7.8  -25.6      7   0.65    235     17  307.5  309.8  307.6
  703.1   3048    6.2  -28.6      6   0.52    235     15  308.9  310.8  309.0
  700.0   3085    6.0  -29.0      6   0.50    235     15  309.1  310.9  309.2
  676.0   3370    5.2  -34.8      4   0.30    233     21  311.3  312.4  311.4
  652.3   3658    3.4  -35.0      4   0.30    230     27  312.4  313.6  312.5
  604.8   4267   -0.5  -35.4      5   0.31    225     29  314.8  316.0  314.9
  593.0   4426   -1.5  -35.5      5   0.32    225     30  315.4  316.6  315.4
  571.0   4725   -4.3  -26.3     16   0.79    225     31  315.5  318.4  315.7
  560.0   4877   -5.5  -28.6     14   0.65    225     31  315.8  318.2  315.9
  550.0   5019   -6.7  -30.7     13   0.54    226     32  316.1  318.1  316.2
  500.0   5760   -9.1  -42.1      5   0.19    230     39  321.9  322.6  321.9
  490.0   5916   -9.5  -45.5      4   0.13    231     40  323.2  323.8  323.3
  455.0   6482  -14.5  -46.5      5   0.13    234     45  323.9  324.4  323.9
  440.0   6736  -15.1  -54.1      2   0.06    236     48  326.3  326.5  326.3
  418.0   7122  -17.1  -29.1     35   0.83    238     51  328.5  331.6  328.7
  400.0   7450  -19.9  -30.9     37   0.73    240     54  329.0  331.8  329.2
  365.0   8122  -26.3  -31.3     63   0.77    244     55  329.2  332.1  329.4
  359.6   8230  -27.3  -32.8     59   0.68    245     55  329.3  331.9  329.5
  344.6   8534  -30.1  -37.1     50   0.46    240     51  329.6  331.4  329.7
  335.0   8737  -31.9  -39.9     45   0.36    237     55  329.7  331.1  329.8
  301.0   9487  -36.7  -63.7      4   0.02    225     71  333.2  333.3  333.2
  300.0   9510  -36.7  -64.7      4   0.02    225     71  333.5  333.6  333.5
  280.0   9985  -39.1  -63.1      6   0.03    220     83  336.7  336.9  336.7
  262.0  10434  -43.0  -63.2      9   0.03    215     95  337.4  337.6  337.4
  253.1  10668  -45.0  -63.3     11   0.03    215     95  337.8  337.9  337.8
  252.0  10697  -45.3  -63.3     11   0.03    217     92  337.8  337.9  337.8
  250.0  10750  -45.5  -65.5      9   0.02    220     86  338.3  338.4  338.3
  236.0  11133  -46.7  -71.7      4   0.01    224     77  342.1  342.1  342.1
  230.8  11278  -47.2  -72.5      4   0.01    225     73  343.5  343.6  343.5
  210.4  11887  -49.2  -75.6      3   0.01    220     83  349.6  349.6  349.6
  200.0  12220  -50.3  -77.3      3   0.01    220     74  352.9  353.0  353.0
  191.7  12497  -51.2  -79.7      2   0.00    220     73  355.9  355.9  355.9
  182.9  12802  -52.1  -82.3      1   0.00    215     78  359.2  359.2  359.2
  174.0  13125  -53.1  -85.1      1   0.00    215     70  362.7  362.7  362.7
  151.2  14021  -58.6  -88.7      1   0.00    215     49  368.1  368.1  368.1
  150.0  14070  -58.9  -88.9      1   0.00    220     48  368.4  368.4  368.4
  146.0  14239  -59.9  -88.9      1   0.00    226     47  369.5  369.5  369.5
  136.9  14630  -62.6                         240     45  371.6         371.6
  117.7  15545  -69.0                         270     58  376.1         376.1
  110.0  15958  -71.9                         260     70  378.1         378.1
  107.0  16122  -68.3                         264     70  387.9         387.9
  106.4  16154  -68.2                         265     70  388.8         388.8
  101.2  16459  -66.8                         245     57  397.0         397.0
  100.0  16530  -66.5                         245     25  399.0         399.0
   96.2  16764  -68.3                         245     26  399.9         399.9
   95.4  16813  -68.7                         265     23  400.1         400.1
   95.0  16838  -68.7                         275     21  400.6         400.6
   92.0  17030  -68.7                         255     25  404.2         404.2
   89.0  17228  -68.8                         275     22  408.0         408.0
   83.0  17644  -68.8                         260     16  416.0         416.0
   81.0  17790  -68.9                         275     15  418.9         418.9
   79.0  17939  -68.9                         255     19  421.9         421.9
   77.8  18031  -68.9                         256     19  423.7         423.7
   75.0  18249  -70.4                         260     20  425.0         425.0
   74.4  18296  -70.7                         255     20  425.3         425.3
   72.0  18492  -69.0                         235     20  433.0         433.0
   70.0  18660  -67.5                         220     11  439.6         439.6
   69.2  18730  -67.1                         232     10  441.9         441.9
   65.2  19088  -69.1                         293      7  445.2         445.2
   60.7  19518  -68.7                           6      3  455.2         455.2
   59.0  19691  -66.0                          35      1  465.0         465.0
   57.6  19837  -63.7                          99      5  473.4         473.4
   56.0  20011  -63.5                         175     10  477.7         477.7
   54.0  20235  -63.2                          80     11  483.3         483.3
   52.0  20468  -63.0                          40     19  489.1         489.1
   50.0  20710  -62.7                          10     12  495.3         495.3
   49.0  20835  -62.1                          35      6  499.6         499.6
   47.0  21093  -60.8                          30     10  508.6         508.6
   46.8  21119  -60.7                          27     10  509.6         509.6
   46.0  21226  -60.8                          15     12  511.8         511.8
   44.0  21503  -61.1                                     517.6         517.6
