
-----------------------------------------------------------------------------
   PRES   HGHT   TEMP   DWPT   RELH   MIXR   DRCT   SKNT   THTA   THTE   THTV
    hPa     m      C      C      %    g/kg    deg   knot     K      K      K 
-----------------------------------------------------------------------------
 1017.0      5   19.8   17.7     88  12.69    105      8  291.5  327.6  293.8
 1004.0    113   19.3   16.6     84  11.94    110     16  292.2  326.2  294.2
 1000.0    146   19.2   16.2     83  11.71    105     15  292.4  325.8  294.4
  980.0    320   19.3   13.1     67   9.77     75     18  294.2  322.4  295.9
  969.0    418   19.4   11.4     60   8.81     78     19  295.2  320.9  296.8
  964.0    462   19.0   11.7     63   9.03     80     20  295.2  321.5  296.8
  960.0    498   18.6   11.9     65   9.21     75     21  295.2  322.0  296.9
  925.0    816   15.6   14.0     90  10.98     55     11  295.2  327.0  297.2
  917.0    890   15.0   14.2     95  11.22     50     10  295.4  327.8  297.4
  893.0   1114   13.9   13.2     95  10.75      0     13  296.5  327.8  298.4
  882.0   1219   13.5   12.7     95  10.54    345     10  297.1  327.8  299.0
  857.0   1462   12.3   11.5     95  10.06    350      3  298.3  327.9  300.1
  850.0   1531   12.0   11.2     95   9.92    325      4  298.7  327.9  300.5
  821.0   1818   10.5    9.8     95   9.32    295     10  300.1  327.8  301.8
  804.0   1990    9.6    8.9     95   8.97    295     12  301.0  327.7  302.6
  791.0   2125    8.9    8.2     95   8.71    260     12  301.6  327.7  303.2
  778.0   2262    8.2    7.5     95   8.44    265     15  302.3  327.7  303.9
  768.0   2369    7.7    7.0     95   8.24    270     12  302.8  327.7  304.3
  746.0   2609    6.5    5.8     96   7.80    240     10  304.0  327.7  305.4
  738.0   2698    6.0    5.3     96   7.64    260     10  304.4  327.7  305.9
  734.0   2743    5.8    5.1     96   7.56    245      4  304.7  327.7  306.1
  730.0   2788    5.5    4.9     96   7.48    210     10  304.9  327.7  306.3
  719.0   2913    4.9    4.2     96   7.27    230     13  305.5  327.8  306.9
  704.0   3087    4.0    3.4     96   6.98    210     18  306.4  327.8  307.6
  701.0   3122    3.8    3.2     96   6.92    206     18  306.5  327.8  307.8
  700.0   3134    3.8    3.3     97   6.98    205     18  306.7  328.1  307.9
  688.0   3274    2.6    1.9     95   6.42    195     17  306.8  326.7  308.0
  667.0   3525    0.4   -0.6     93   5.52    245     13  307.1  324.3  308.1
  663.0   3574    0.0   -1.1     92   5.35    247     13  307.2  323.9  308.2
  660.0   3610   -0.3   -5.2     70   3.95    248     12  307.2  319.8  308.0
  657.0   3646   -0.5   -4.7     73   4.13    250     12  307.4  320.5  308.2
  649.0   3745   -0.1   -8.1     55   3.22    253     11  308.9  319.3  309.6
  647.0   3769    0.0   -7.0     59   3.51    254     11  309.3  320.6  310.0
  645.0   3794   -0.1   -7.0     60   3.53    255     11  309.4  320.8  310.1
  619.0   4123   -2.1   -6.5     72   3.83    225     10  310.9  323.2  311.6
  616.0   4162   -2.3   -6.4     73   3.87    228     10  311.1  323.5  311.8
  612.0   4214   -1.7   -7.7     64   3.52    231     10  312.3  323.8  313.0
  577.0   4678   -5.3   -9.7     71   3.20    265     12  313.4  323.9  314.0
  567.0   4816   -6.4  -10.2     74   3.11    245     11  313.8  324.0  314.3
  561.0   4899   -7.0  -10.6     76   3.06    235     13  313.9  324.0  314.5
  551.0   5041   -8.1  -11.2     78   2.97    247     16  314.3  324.1  314.8
  528.0   5370  -10.3  -13.6     77   2.55    275     24  315.5  324.0  316.0
  517.0   5532  -11.4  -14.7     76   2.37    275     23  316.1  324.1  316.5
  509.0   5652  -12.2  -15.6     76   2.24    255     24  316.5  324.1  316.9
  505.0   5713  -12.6  -16.1     75   2.18    260     30  316.7  324.1  317.1
  500.0   5790  -13.1  -16.6     75   2.10    270     25  317.0  324.1  317.4
  499.0   5805  -13.1  -16.3     77   2.16    270     22  317.2  324.5  317.6
  493.0   5897  -13.1  -18.3     65   1.84    245     16  318.3  324.6  318.6
  492.0   5913  -13.1  -18.7     63   1.79    235     17  318.5  324.6  318.8
  485.0   6022  -13.1  -21.1     51   1.47    245     20  319.8  324.9  320.1
  474.0   6195  -14.3  -21.9     53   1.41    260     26  320.3  325.3  320.6
  441.0   6739  -18.3  -24.3     59   1.22    275     34  322.0  326.4  322.2
  417.0   7154  -20.5  -31.5     37   0.66    269     37  324.4  326.9  324.5
  400.0   7460  -23.3  -33.3     39   0.58    265     39  324.6  326.8  324.7
  375.0   7927  -27.8  -33.7     57   0.59    260     42  324.7  326.9  324.8
  366.0   8102  -29.5  -33.9     66   0.60    263     47  324.7  326.9  324.8
  349.0   8434  -32.1  -36.9     62   0.47    270     57  325.7  327.4  325.8
  317.0   9105  -37.3  -42.9     56   0.28    280     59  327.5  328.6  327.5
  300.0   9490  -40.3  -46.3     53   0.20    275     63  328.4  329.3  328.5
  277.0  10029  -45.3  -49.1     65   0.16    267     68  328.8  329.5  328.8
  262.0  10399  -47.9  -55.9     39   0.08    261     71  330.3  330.6  330.3
  259.0  10475  -47.3  -61.8     17   0.04    260     72  332.2  332.4  332.2
  256.0  10553  -46.7  -67.7      7   0.02    262     71  334.2  334.3  334.2
  250.0  10710  -47.1  -73.1      4   0.01    265     68  335.9  335.9  335.9
  249.0  10737  -47.1  -73.2      3   0.01    265     68  336.3  336.3  336.3
  239.0  11008  -47.2  -74.1      3   0.01    265     87  340.1  340.2  340.1
  226.0  11378  -47.3  -75.3      3   0.01    267     91  345.4  345.5  345.4
  200.0  12180  -50.9  -77.9      3   0.00    270     99  352.0  352.0  352.0
  183.0  12744  -54.2  -79.7      3   0.00    270    109  355.7  355.7  355.7
  157.0  13717  -59.9  -82.9      3   0.00    270    103  361.9  361.9  361.9
  150.0  14000  -60.9                         270    101  365.0         365.0
  142.0  14340  -63.9                         266    103  365.5         365.5
  140.0  14425  -64.2                         265    104  366.4         366.4
  124.0  15160  -66.9                         270     76  374.5         374.5
  106.0  16110  -70.3                         275     71  385.2         385.2
  100.0  16460  -67.7                         265     51  396.7         396.7
   91.0  17024  -71.0                         270     30  401.1         401.1
   86.5  17327  -72.7                         270     32  403.4         403.4
   85.0  17431  -72.7                         265     32  405.3         405.3
   83.0  17571  -72.8                         275     29  408.0         408.0
   81.0  17715  -72.8                         285     31  410.8         410.8
   78.0  17938  -72.9                         275     36  415.1         415.1
   77.1  18007  -72.9                         271     35  416.4         416.4
   70.0  18580  -70.5                         235     30  433.2         433.2
   69.0  18666  -69.9                         235     29  436.3         436.3
   66.7  18868  -68.5                         231     16  443.6         443.6
   66.0  18931  -68.9                         230     12  444.1         444.1
   65.0  19022  -69.5                         215      8  444.7         444.7
   63.3  19180  -70.5                         209      9  445.9         445.9
   62.0  19305  -70.0                         205     10  449.6         449.6
   60.0  19503  -69.2                         215     10  455.6         455.6
   55.0  20026  -67.2                         100     10  471.8         471.8
   53.0  20249  -66.3                          85     10  478.8         478.8
   51.0  20481  -65.4                          80      2  486.3         486.3
   50.0  20600  -64.9                          90      7  490.1         490.1
   48.0  20850  -63.8                         160      8  498.5         498.5
   47.5  20914  -63.5                                     500.7         500.7
