
-----------------------------------------------------------------------------
   PRES   HGHT   TEMP   DWPT   RELH   MIXR   DRCT   SKNT   THTA   THTE   THTV
    hPa     m      C      C      %    g/kg    deg   knot     K      K      K 
-----------------------------------------------------------------------------
 1018.0      5   18.4    8.4     52   6.84    225      6  290.1  309.7  291.3
 1000.0    160   16.6    8.6     59   7.06    260      6  289.8  310.0  291.0
  988.0    263   15.4    7.4     59   6.58    274      7  289.6  308.5  290.7
  981.0    323   16.6    5.6     48   5.84    283      8  291.3  308.4  292.4
  971.0    410   16.0    7.7     58   6.82    295      9  291.6  311.3  292.8
  959.0    515   15.2   10.2     72   8.21    305      9  291.8  315.4  293.3
  927.0    802   12.8    8.4     75   7.51    333      9  292.2  313.9  293.5
  925.0    820   12.6    8.3     75   7.48    335      9  292.2  313.8  293.5
  920.0    865   12.4    6.9     69   6.83    335     10  292.4  312.2  293.6
  893.0   1115   11.2   -0.8     43   4.06    311     11  293.7  305.9  294.4
  876.0   1275    9.8   -1.4     46   3.97    295     11  293.8  305.7  294.5
  856.0   1467    8.0   -2.0     49   3.88    272     13  293.9  305.6  294.6
  850.0   1525    8.4   -6.6     34   2.76    265     13  294.9  303.4  295.4
  837.0   1652    9.2  -17.1     14   1.20    245     10  297.1  301.0  297.3
  834.0   1682    9.4  -19.6     11   0.98    247     10  297.6  300.8  297.8
  806.0   1962    7.7  -19.2     13   1.05    270     10  298.7  302.2  298.9
  772.0   2316    5.6  -18.7     15   1.14    260      9  300.2  303.9  300.4
  756.0   2488    4.6  -18.4     17   1.19    267     14  300.9  304.8  301.1
  748.0   2574    5.1  -19.5     15   1.10    270     16  302.3  306.0  302.5
  746.0   2596    5.2  -19.8     14   1.07    269     16  302.7  306.2  302.9
  717.0   2918    3.8  -25.5     10   0.67    260     13  304.6  306.9  304.7
  700.0   3113    3.0  -29.0      7   0.50    265     17  305.8  307.6  305.9
  620.0   4082   -2.4  -39.4      4   0.20    270     25  310.4  311.1  310.4
  605.0   4277   -3.5  -41.5      3   0.17    267     28  311.3  311.9  311.3
  598.0   4369   -3.0  -44.1      2   0.13    265     29  312.9  313.4  312.9
  581.0   4597   -1.7  -50.7      1   0.06    261     47  317.0  317.3  317.0
  577.0   4652   -1.8  -50.8      1   0.06    260     51  317.5  317.8  317.5
  560.0   4889   -2.3  -51.3      1   0.06    256     56  319.6  319.9  319.7
  553.0   4989   -1.5  -46.5      2   0.11    254     58  321.8  322.2  321.8
  518.0   5502   -5.5  -36.2      7   0.33    245     68  323.0  324.3  323.0
  500.0   5780   -7.7  -30.7     14   0.60    250     65  323.6  325.8  323.7
  494.0   5874   -8.7  -30.7     15   0.60    253     65  323.5  325.7  323.6
  474.0   6194  -10.3  -44.3      4   0.16    265     65  325.3  326.0  325.4
  440.0   6762  -15.1  -32.1     22   0.59    254     75  326.3  328.5  326.4
  429.0   6953  -16.0  -37.6     14   0.35    250     79  327.5  328.9  327.6
  410.0   7294  -17.5  -47.5      5   0.13    253     82  329.8  330.4  329.9
  403.0   7424  -16.5  -50.5      4   0.09    254     83  332.7  333.1  332.8
  400.0   7480  -16.9  -46.9      6   0.14    255     84  332.9  333.5  333.0
  374.0   7983  -18.5  -42.5     10   0.24    261     86  337.3  338.3  337.3
  358.0   8305  -20.7  -47.1      7   0.15    265     87  338.6  339.2  338.6
  336.0   8773  -23.9  -53.9      5   0.07    271     85  340.4  340.7  340.4
  319.0   9148  -26.8  -55.0      5   0.07    275     83  341.4  341.7  341.4
  300.0   9590  -30.3  -56.3      6   0.06    270     83  342.6  342.8  342.6
  257.0  10670  -39.4  -61.7      8   0.04    275     78  344.6  344.8  344.6
  254.0  10752  -40.1  -62.1      8   0.04    275     79  344.7  344.9  344.8
  250.0  10860  -40.5  -62.5      8   0.03    275     80  345.7  345.9  345.7
  237.0  11221  -42.3  -68.3      4   0.02    270     81  348.3  348.4  348.3
  226.0  11534  -44.9  -69.5      5   0.01    265     81  349.1  349.1  349.1
  200.0  12340  -51.7  -72.7      6   0.01    270     80  350.7  350.8  350.7
  184.0  12873  -56.2  -75.6      7   0.01    275     78  351.8  351.9  351.8
  172.0  13305  -59.9  -77.9      8   0.01    275     79  352.6  352.6  352.6
  161.0  13716  -63.5                         275     81  353.3         353.3
  150.0  14150  -65.9                         275     82  356.4         356.4
  141.0  14517  -68.0                         270     81  359.1         359.1
  113.0  15831  -75.5                         275     74  368.5         368.5
  100.0  16540  -75.1                         275     50  382.4         382.4
   95.0  16836  -76.0                         285     52  386.2         386.2
   94.7  16855  -76.1                         284     52  386.4         386.4
   93.0  16960  -75.3                         280     52  389.9         389.9
   87.0  17348  -72.5                         255     39  403.1         403.1
   85.0  17484  -72.9                         255     33  405.0         405.0
   83.0  17623  -73.3                         270     31  407.0         407.0
   81.0  17765  -73.7                         295     32  409.0         409.0
   78.9  17919  -74.1                         302     35  411.2         411.2
   78.0  17986  -73.9                         305     37  413.1         413.1
   72.0  18455  -72.2                         275     41  426.2         426.2
   70.3  18595  -71.7                         267     39  430.1         430.1
   70.0  18620  -71.7                         265     39  430.7         430.7
   68.0  18790  -72.0                         255     36  433.7         433.7
   66.8  18895  -72.1                         259     32  435.6         435.6
   64.0  19150  -68.9                         270     21  448.0         448.0
   63.0  19244  -67.7                         285     18  452.6         452.6
   62.0  19339  -66.5                         310     19  457.3         457.3
   61.8  19359  -66.3                         310     20  458.2         458.2
   60.0  19537  -67.7                         310     25  459.1         459.1
   59.7  19567  -67.9                         307     26  459.2         459.2
   59.0  19638  -67.3                         300     28  462.1         462.1
   57.0  19848  -65.6                         280     22  470.6         470.6
   55.0  20065  -63.8                         305     17  479.5         479.5
   54.0  20176  -62.9                         300     17  484.1         484.1
   53.8  20199  -62.7                         294     17  485.1         485.1
   52.0  20408  -62.1                         240     17  491.1         491.1
   51.0  20528  -61.8                         195     10  494.6         494.6
   50.6  20576  -61.7                         193     10  496.0         496.0
   50.0  20650  -62.3                         190      9  496.2         496.2
   47.0  21030  -64.0                         105      3  500.9         500.9
   44.6  21352  -65.5                          57      6  504.9         504.9
   41.0  21873  -62.1                         340     10  525.8         525.8
   40.0  22027  -61.0                         345     18  532.0         532.0
   38.0  22345  -59.0                         295     17  545.2         545.2
   37.4  22443  -58.3                         279     16  549.4         549.4
   36.0  22683  -59.2                         240     13  553.0         553.0
   35.6  22753  -59.5                         216     11  554.1         554.1
   34.0  23042  -59.2                         115      1  562.2         562.2
   33.0  23230  -59.0                          15     10  567.5         567.5
   32.0  23423  -58.8                         345     17  573.0         573.0
   31.3  23562  -58.7                         317     20  577.0         577.0
   31.0  23623  -58.2                         305     22  579.8         579.8
   30.0  23830  -56.7                         275     21  589.5         589.5
   29.0  24046  -54.4                         275     16  601.5         601.5
   28.6  24135  -53.5                         291     16  606.4         606.4
   28.0  24270  -54.1                         315     17  608.5         608.5
   26.0  24743  -56.2                         300     14  615.6         615.6
   25.5  24866  -56.7                         301     15  617.5         617.5
   24.0  25252  -55.5                         305     20  631.8         631.8
   23.1  25495  -54.7                         290     17  641.0         641.0
   22.0  25805  -55.7                         270     14  647.0         647.0
   20.6  26223  -57.1                         291     15  655.1         655.1
   20.0  26410  -56.5                         300     16  662.5         662.5
   19.0  26739  -55.0                         270     15  676.9         676.9
   18.0  27085  -53.4                         325     18  692.4         692.4
   17.2  27376  -52.1                         297     12  705.7         705.7
   17.0                                       290     10                     
