
-----------------------------------------------------------------------------
   PRES   HGHT   TEMP   DWPT   RELH   MIXR   DRCT   SKNT   THTA   THTE   THTV
    hPa     m      C      C      %    g/kg    deg   knot     K      K      K 
-----------------------------------------------------------------------------
 1029.0      5   21.2   11.2     53   8.18    140      7  292.0  315.5  293.4
 1013.0    137   18.6    9.6     56   7.46    140     11  290.7  312.1  292.0
 1010.0    162   18.4    9.6     57   7.48    140     12  290.7  312.2  292.0
 1000.0    245   17.6    9.6     59   7.55    150     12  290.8  312.5  292.1
  988.0    347   16.6    9.4     62   7.53    150     12  290.7  312.4  292.1
  925.0    905   11.0    8.2     83   7.43    120     13  290.6  311.9  291.9
  909.0   1050    9.6    7.6     87   7.25    120     15  290.6  311.4  291.8
  903.0   1105    9.3    7.0     85   6.98    120     16  290.8  310.9  292.1
  870.0   1414    7.8    3.3     73   5.61     82     16  292.4  308.8  293.3
  864.0   1471    7.3    3.1     75   5.57     75     16  292.4  308.8  293.4
  850.0   1605    6.2    2.7     78   5.50     75     18  292.6  308.8  293.6
  811.0   1988    2.7    1.5     92   5.30     65     22  292.9  308.5  293.8
  803.0   2068    2.0    1.3     95   5.26     78     21  292.9  308.4  293.9
  801.0   2088    1.8    0.9     94   5.13     82     21  292.9  308.1  293.9
  794.0   2160    5.8  -13.2     24   1.75     94     20  297.9  303.6  298.3
  775.0   2358    7.8  -25.2      8   0.64    127     17  302.2  304.4  302.3
  773.0   2380    7.7  -25.2      8   0.64    130     17  302.2  304.4  302.4
  737.0   2770    4.8  -25.2      9   0.67    122     13  303.3  305.6  303.4
  730.0   2848    4.8  -26.2      8   0.62    120     12  304.1  306.2  304.2
  709.0   3085    4.6  -29.4      6   0.48    127     13  306.4  308.1  306.5
  700.0   3189    3.8  -30.2      6   0.45    130     13  306.7  308.3  306.7
  558.0   4969   -9.3  -40.0      6   0.21    175     10  311.7  312.5  311.7
  533.0   5328  -12.0  -42.0      6   0.18    195      5  312.6  313.3  312.6
  500.0   5830  -15.7  -44.7      6   0.14    205      8  313.8  314.4  313.9
  486.0   6043  -16.7  -48.7      4   0.09    199     11  315.2  315.5  315.2
  476.0   6197  -18.1  -48.1      5   0.10    195     13  315.3  315.7  315.3
  456.0   6514  -21.0  -46.9      8   0.12    195     14  315.6  316.1  315.6
  447.0   6662  -22.3  -46.3      9   0.13    183     13  315.7  316.3  315.8
  441.0   6760  -22.8  -48.2      8   0.11    175     13  316.4  316.8  316.4
  427.0   6995  -23.9  -52.9      5   0.07    200     10  317.9  318.1  317.9
  424.0   7047  -23.3  -59.3      2   0.03    205      9  319.3  319.4  319.3
  402.0   7434  -24.6  -58.8      3   0.03    225     21  322.5  322.6  322.5
  400.0   7470  -24.7  -58.7      3   0.03    230     22  322.8  322.9  322.8
  380.0   7843  -26.3  -52.3      7   0.08    239     31  325.5  325.8  325.5
  377.0   7898  -26.8  -52.3      7   0.08    240     32  325.5  325.8  325.5
  300.0   9500  -42.1  -52.1     33   0.10    245     40  325.9  326.3  325.9
  294.0   9637  -43.1  -53.1     32   0.09    247     42  326.4  326.8  326.4
  286.0   9824  -41.7  -63.7      7   0.03    251     44  331.0  331.1  331.0
  264.0  10363  -44.1  -68.5      5   0.01    260     51  335.1  335.2  335.1
  250.0  10730  -45.7  -71.7      4   0.01    255     52  338.0  338.0  338.0
  230.0  11276  -48.6  -73.9      4   0.01    255     62  341.7  341.7  341.7
  210.0  11871  -51.8  -76.2      4   0.01    250     52  345.7  345.8  345.7
  203.0  12093  -53.0  -77.1      4   0.01    255     49  347.2  347.3  347.2
  200.0  12190  -53.5  -77.5      4   0.00    260     49  347.9  347.9  347.9
  196.0  12320  -54.9  -78.9      4   0.00    265     52  347.7  347.7  347.7
  188.0  12587  -54.5  -80.4      3   0.00    275     58  352.4  352.4  352.4
  179.0  12901  -54.1  -82.1      2   0.00    266     67  358.1  358.1  358.1
  173.0  13117  -55.3  -83.1      2   0.00    260     74  359.7  359.7  359.7
  151.0  13979  -59.9  -86.9      2   0.00    250     69  366.0  366.0  366.0
  150.0  14020  -60.3                         250     69  366.0         366.0
  138.0  14534  -61.8                         235     60  372.1         372.1
  122.0  15293  -64.1                         255     48  381.3         381.3
  112.0  15821  -65.7                         260     58  387.8         387.8
  110.0  15930  -65.7                         255     60  389.8         389.8
  100.0  16510  -65.7                         235     42  400.5         400.5
   96.0  16758  -66.3                         225     28  404.1         404.1
   94.0  16886  -66.5                         235     24  406.0         406.0
   91.0  17083  -67.0                         260     23  408.9         408.9
   89.0  17218  -67.3                         243     26  410.9         410.9
   87.0  17356  -67.1                         225     30  414.0         414.0
   83.0  17643  -66.6                         230     19  420.6         420.6
   78.0  18021  -66.0                         205     26  429.4         429.4
   74.0  18342  -65.5                         215     16  437.0         437.0
   73.0  18425  -65.3                         195     14  439.0         439.0
   71.0  18594  -65.0                         200     11  443.1         443.1
   70.0  18680  -64.9                         185     10  445.2         445.2
   66.0  19039  -64.5                          95      1  453.6         453.6
   65.0  19132  -64.4                         180     10  455.8         455.8
   64.0  19227  -64.3                         180     14  458.0         458.0
   63.0  19323  -64.2                         130     10  460.3         460.3
   59.9  19631  -63.9                          95      3  467.7         467.7
   59.0  19725  -63.3                          85      1  471.1         471.1
   57.0  19937  -61.9                         160     10  479.0         479.0
   56.0  20047  -61.2                         145     16  483.0         483.0
   55.1  20147  -60.5                         141     13  486.8         486.8
   54.0  20272  -60.6                         135     10  489.4         489.4
   53.0  20388  -60.7                         145      3  491.9         491.9
   51.0  20627  -60.8                         185     10  496.9         496.9
   50.0  20750  -60.9                         170     12  499.5         499.5
   49.0  20876  -61.3                         130     20  501.5         501.5
   48.0  21004  -61.7                         120     17  503.6         503.6
   45.4  21351  -62.7                         133     14  509.1         509.1
   45.0  21406  -62.6                         135     14  510.6         510.6
   42.0  21837  -62.0                         115     21  522.3         522.3
   40.0  22142  -61.6                          95     14  530.7         530.7
   39.0  22300  -61.4                         120     21  535.1         535.1
   34.0  23158  -60.2                         110     37  559.6         559.6
   30.0  23940  -59.1                          85     36  582.9         582.9
   28.0  24381  -57.8                          80     29  598.1         598.1
   25.0  25105  -55.7                         110     37  623.9         623.9
   23.0  25637  -54.1                          90     51  643.5         643.5
   21.0  26218  -52.4                          75     41  665.6         665.6
   20.0  26530  -51.5                          80     42  677.8         677.8
   19.0  26864  -51.2                          85     43  688.7         688.7
   17.0  27587  -50.5                          75     41  713.1         713.1
   16.9  27625  -50.5                                     714.4         714.4
