
-----------------------------------------------------------------------------
   PRES   HGHT   TEMP   DWPT   RELH   MIXR   DRCT   SKNT   THTA   THTE   THTV
    hPa     m      C      C      %    g/kg    deg   knot     K      K      K 
-----------------------------------------------------------------------------
 1022.0      5   19.0   15.4     80  10.88    225      6  290.3  321.2  292.2
 1000.0    192   17.4   14.2     81  10.28    260      6  290.6  319.7  292.4
  998.0    209   17.2   14.2     83  10.30    266      6  290.5  319.8  292.3
  979.0    374   17.3   13.6     79  10.11    320     10  292.2  321.2  294.0
  965.0    497   17.4   13.2     76   9.97    326      9  293.5  322.2  295.3
  925.0    858   14.6   11.4     81   9.23    345      7  294.2  320.9  295.9
  911.0    987   13.7   11.1     84   9.16    345     10  294.5  321.1  296.2
  893.0   1155   12.4   10.6     89   9.06    336     10  294.9  321.3  296.5
  891.0   1174   12.6   10.0     84   8.72    335     10  295.3  320.7  296.8
  885.0   1231   13.0    8.2     73   7.76    342      9  296.3  319.1  297.7
  878.0   1298   14.0   -3.0     31   3.51    351      8  298.0  308.8  298.7
  870.0   1375   14.0    3.0     47   5.49      0      7  298.8  315.4  299.8
  850.0   1571   14.0   -2.0     33   3.90     25      4  300.8  312.9  301.5
  848.0   1591   14.2   -1.8     33   3.97     26      4  301.2  313.5  301.9
  836.0   1711   13.6    3.6     51   5.96     33      5  301.8  319.9  302.9
  791.0   2175   11.5    3.8     59   6.37     60     10  304.4  323.9  305.5
  777.0   2325   10.8    3.8     62   6.51    111      3  305.2  325.2  306.4
  772.0   2379   10.7    3.1     59   6.22    130      1  305.7  324.9  306.8
  747.0   2654   10.4   -0.6     46   4.93     71      2  308.2  323.7  309.1
  721.0   2948    9.2   -0.8     50   5.03      8      4  310.0  325.9  310.9
  700.0   3193    7.4   -0.6     57   5.26    315      5  310.6  327.3  311.6
  674.0   3503    5.3   -2.7     56   4.69    295     10  311.7  326.7  312.6
  665.0   3613    4.6   -3.4     56   4.50    304     14  312.1  326.5  312.9
  664.0   3625    4.6   -3.4     56   4.50    305     15  312.2  326.7  313.1
  659.0   3687    4.4   -4.9     51   4.06    310     17  312.6  325.8  313.4
  632.0   4026    3.0  -13.0     30   2.24    304     18  314.8  322.4  315.3
  627.0   4091    2.8  -10.2     38   2.82    303     18  315.3  324.7  315.9
  623.0   4142    2.2   -5.8     55   4.00    302     19  315.2  328.3  316.0
  592.0   4547   -1.4   -8.0     61   3.57    295     20  315.7  327.5  316.4
  555.0   5058   -5.9  -10.7     69   3.07    265     23  316.3  326.5  316.9
  539.0   5290   -7.9  -11.9     73   2.87    263     28  316.5  326.1  317.0
  527.0   5465   -9.1  -11.8     81   2.95    262     31  317.1  326.9  317.6
  509.0   5733  -10.3  -16.4     61   2.10    260     37  318.7  325.9  319.1
  504.0   5809  -10.7  -17.7     56   1.90    263     38  319.2  325.8  319.6
  500.0   5870  -11.3  -17.3     61   1.98    265     38  319.2  326.0  319.6
  470.0   6343  -14.9  -18.3     75   1.93    272     40  320.4  327.1  320.8
  464.0   6440  -14.3  -21.3     55   1.51    273     41  322.4  327.7  322.6
  410.0   7368  -21.3  -25.3     70   1.20    287     46  324.9  329.3  325.2
  407.0   7422  -21.1  -30.1     44   0.78    288     46  325.9  328.8  326.0
  404.0   7477  -21.5  -27.5     58   1.00    289     47  326.0  329.7  326.2
  400.0   7550  -21.5  -28.5     53   0.92    290     47  327.0  330.4  327.1
  385.0   7828  -23.4  -31.5     47   0.72    295     52  328.1  330.8  328.2
  342.0   8688  -29.2  -40.8     32   0.32    290     44  331.5  332.8  331.6
  337.0   8795  -29.9  -41.9     30   0.29    288     38  331.9  333.1  332.0
  331.0   8923  -30.2  -45.4     21   0.20    285     31  333.2  334.0  333.2
  324.0   9075  -30.6  -49.6     14   0.13    265     22  334.7  335.2  334.7
  315.0   9275  -31.1  -55.1      8   0.07    236     24  336.7  337.0  336.7
  313.0   9320  -31.4  -55.2      8   0.07    230     24  336.8  337.1  336.9
  300.0   9620  -33.7  -55.7      9   0.07    225     28  337.8  338.1  337.8
  282.0  10050  -37.9  -56.9     12   0.06    228     29  337.8  338.0  337.8
  250.0  10870  -42.9  -65.9      6   0.02    235     32  342.1  342.2  342.1
  215.0  11871  -51.3  -72.3      6   0.01    239     31  344.2  344.2  344.2
  205.0  12180  -52.6  -74.9      5   0.01    240     31  346.8  346.9  346.8
  200.0  12340  -53.3  -76.3      4   0.01    240     38  348.2  348.2  348.2
  187.0  12765  -55.9  -78.9      4   0.00    230     48  350.7  350.7  350.7
  169.0  13404  -59.9  -82.9      3   0.00    237     32  354.4  354.4  354.4
  162.0  13665  -61.1                         240     26  356.7         356.7
  150.0  14140  -63.3                         240     26  360.8         360.8
  142.0  14474  -65.6                         225     33  362.6         362.6
  133.0  14873  -68.3                         229     26  364.6         364.6
  121.0  15439  -70.5                         235     15  370.5         370.5
  117.0  15640  -71.3                         240     23  372.6         372.6
  100.0  16570  -72.1                         235     19  388.2         388.2
   92.3  17041  -73.5                         239     11  394.4         394.4
   90.0  17189  -73.5                         240      8  397.2         397.2
   87.0  17387  -73.5                         230     11  401.1         401.1
   85.0  17524  -73.5                         215     12  403.8         403.8
   84.0  17593  -73.5                         220     12  405.1         405.1
   83.2  17649  -73.5                         254     11  406.3         406.3
   82.0  17735  -72.3                         305     10  410.5         410.5
   80.0  17882  -70.2                         300     10  417.7         417.7
   77.9  18040  -67.9                         269     11  425.6         425.6
   74.0  18347  -69.0                         210     13  429.4         429.4
   71.0  18595  -70.0                         200     17  432.6         432.6
   70.0  18680  -70.3                         195     13  433.7         433.7
   69.7  18705  -70.5                         200     12  433.8         433.8
   67.0  18941  -69.1                         250      3  441.8         441.8
   64.2  19196  -67.5                         241     10  450.6         450.6
   64.0  19215  -67.5                         240     10  450.9         450.9
   57.0  19907  -69.3                         185     21  462.1         462.1
   55.5  20066  -69.7                         190     18  464.8         464.8
   54.0  20230  -69.2                         195     14  469.6         469.6
   51.0  20572  -68.1                         150      2  479.9         479.9
   50.0  20690  -67.7                         180      5  483.5         483.5
   47.0  21066  -65.3                         100     10  497.9         497.9
   46.0  21197  -64.4                         145     10  503.0         503.0
   44.9  21344  -63.5                         136     16  508.8         508.8
   43.0  21608  -64.7                         120     26  512.3         512.3
   42.3  21708  -65.1                          99     21  513.6         513.6
   42.0  21752  -64.6                          90     19  516.0         516.0
   41.0  21901  -62.7                         120     12  524.1         524.1
   39.6  22115  -60.1                         125     13  536.0         536.0
   38.0  22373  -59.4                         130     15  544.2         544.2
   36.6  22608  -58.7                          99      9  551.8         551.8
   36.0  22711  -58.9                          85      6  553.9         553.9
   33.0  23255  -59.9                          70     15  565.0         565.0
   32.0  23447  -60.3                          85     12  569.0         569.0
   31.5  23546  -60.5                         117     11  571.1         571.1
   31.0  23645  -60.2                         150     10  574.6         574.6
   30.0  23850  -59.5                         150     17  581.9         581.9
   29.0  24066  -59.1                         135     19  588.5         588.5
   28.0  24289  -58.8                         110     19  595.5         595.5
   26.0  24761  -58.0                         125     11  610.5         610.5
   24.0  25270  -57.1                          70     15  627.2         627.2
   23.0  25541  -56.6                          10     14  636.2         636.2
   22.0  25824  -56.1                           5     10  645.8         645.8
   21.0  26120  -55.6                         315     18  655.9         655.9
   20.0  26430  -55.1                         305     15  666.8         666.8
   19.0  26761  -53.9                         275     16  680.5         680.5
   16.7  27593  -50.7                         260     22  716.2         716.2
   16.0  27871  -51.0                         255     24  723.9         723.9
   15.9  27912  -51.1                                     725.0         725.0
