
-----------------------------------------------------------------------------
   PRES   HGHT   TEMP   DWPT   RELH   MIXR   DRCT   SKNT   THTA   THTE   THTV
    hPa     m      C      C      %    g/kg    deg   knot     K      K      K 
-----------------------------------------------------------------------------
 1025.0      5   18.4   13.7     74   9.70    200      5  289.5  317.0  291.2
 1004.0    182   17.4   11.6     69   8.61    140     10  290.2  314.8  291.7
 1000.0    216   17.2   11.2     68   8.42    140     12  290.4  314.4  291.8
  964.0    526   14.7    9.9     73   7.99    105     17  290.8  313.8  292.2
  925.0    876   11.8    8.4     80   7.53    100     24  291.4  313.1  292.7
  905.0   1058   10.4    7.8     84   7.40    105     25  291.7  313.1  293.0
  870.0   1386    7.8    6.8     93   7.17     96     24  292.4  313.1  293.6
  850.0   1578    6.6    6.0     96   6.94     90     23  293.1  313.2  294.3
  792.0   2156    4.1    2.9     92   5.98     75     12  296.4  314.1  297.5
  780.0   2281    3.6    2.2     91   5.78     52     11  297.1  314.4  298.1
  769.0   2397    4.1    0.8     79   5.29     30     10  298.9  314.8  299.8
  767.0   2418    4.2    0.5     77   5.20     28      9  299.2  314.9  300.1
  761.0   2482    5.0   -4.0     52   3.75     22      8  300.7  312.4  301.4
  738.0   2731    3.7   -9.8     37   2.47      0      1  301.9  309.8  302.4
  706.0   3090    1.8  -18.2     21   1.30    122      4  303.7  308.0  303.9
  700.0   3159    2.4  -22.6     14   0.89    145      4  305.1  308.2  305.3
  689.0   3287    3.2  -36.8      3   0.24    132      4  307.4  308.3  307.4
  639.0   3892   -1.1  -30.1      9   0.49     68      2  309.2  311.0  309.3
  628.0   4031   -0.7  -43.7      2   0.13     54      1  311.2  311.7  311.2
  589.0   4531   -4.1  -43.1      3   0.14      0      0  313.0  313.6  313.0
  569.0   4801   -5.9  -42.8      4   0.15    325     10  314.0  314.6  314.0
  563.0   4884   -6.5  -42.7      4   0.16    330     10  314.3  314.9  314.3
  537.0   5253   -8.9  -42.3      5   0.17    215     10  315.6  316.2  315.6
  523.0   5459  -10.3  -42.1      5   0.18    260     15  316.3  317.0  316.3
  500.0   5810  -12.7  -41.7      7   0.20    245     17  317.5  318.3  317.5
  498.0   5840  -12.8  -40.2      8   0.23    245     18  317.7  318.6  317.7
  494.0   5902  -13.1  -37.1     11   0.32    246     18  318.1  319.3  318.2
  463.0   6382  -17.8  -38.6     14   0.29    255     15  318.2  319.4  318.3
  431.0   6912  -22.9  -40.3     19   0.27    245     12  318.3  319.3  318.3
  410.0   7282  -26.5  -41.5     23   0.25    245     19  318.2  319.2  318.3
  402.0   7424  -27.3  -44.3     18   0.19    245     22  319.0  319.7  319.0
  400.0   7460  -27.3  -45.3     16   0.17    245     23  319.4  320.1  319.5
  394.0   7569  -25.9  -55.9      4   0.05    245     26  322.6  322.9  322.6
  336.0   8697  -34.0  -66.1      2   0.02    250     57  326.5  326.6  326.5
  314.0   9176  -37.5  -70.5      2   0.01    250     53  328.1  328.1  328.1
  311.0   9242  -37.8  -70.6      2   0.01    250     52  328.5  328.6  328.5
  300.0   9490  -39.1  -71.1      2   0.01    255     62  330.1  330.2  330.1
  271.0  10181  -42.5  -60.5     12   0.04    246     89  334.9  335.1  334.9
  255.0  10588  -45.8  -58.5     22   0.06    240    105  335.9  336.1  335.9
  250.0  10720  -46.9  -57.9     27   0.06    240    106  336.2  336.5  336.2
  230.0  11262  -51.7  -61.0     32   0.05    245    111  337.0  337.2  337.0
  217.0  11641  -55.1  -63.1     36   0.04    243    106  337.4  337.6  337.4
  200.0  12160  -56.3  -72.3     12   0.01    240     99  343.4  343.5  343.4
  195.0  12320  -57.1  -74.5      9   0.01    240     95  344.7  344.8  344.7
  186.0  12619  -58.5  -78.5      6   0.00    242     92  347.1  347.1  347.1
  167.0  13291  -60.3                         245     84  354.9         354.9
  150.0  13960  -62.1                         250     57  362.9         362.9
  144.0  14211  -63.1                         255     54  365.4         365.4
  134.0  14654  -64.9                         260     58  369.8         369.8
  131.0  14792  -64.9                         260     61  372.2         372.2
  110.0  15858  -65.2                         240     36  390.8         390.8
  105.0  16142  -65.2                         250     25  395.9         395.9
  100.0  16440  -65.3                         270     34  401.3         401.3
   92.0  16945  -67.3                         280     39  407.0         407.0
   90.0  17079  -67.8                         275     41  408.5         408.5
   89.0  17146  -68.1                         269     39  409.3         409.3
   86.0  17354  -67.8                         250     34  414.0         414.0
   82.0  17642  -67.3                         245     16  420.5         420.5
   80.0  17792  -67.1                         285     19  424.0         424.0
   74.0  18264  -66.4                         275     24  435.0         435.0
   70.0  18600  -65.9                         235     13  443.1         443.1
   69.0  18688  -65.9                         230     11  445.0         445.0
   68.0  18777  -65.8                         250      9  446.9         446.9
   67.0  18867  -65.8                         265     10  448.9         448.9
   65.0  19052  -65.7                         245     10  453.0         453.0
   63.0  19242  -65.6                         280     11  457.3         457.3
   60.0  19539  -65.4                         205     13  464.0         464.0
   59.0  19642  -65.4                         200     10  466.4         466.4
   57.0  19852  -65.3                         150     11  471.2         471.2
   55.0  20069  -65.2                          85     13  476.3         476.3
   54.0  20181  -65.1                          65     16  478.9         478.9
   53.0  20295  -65.1                          55     15  481.6         481.6
   52.0  20411  -65.0                          50     10  484.4         484.4
   51.0  20529  -65.0                         100     11  487.2         487.2
   50.0  20650  -64.9                         110     15  490.1         490.1
   49.0  20773  -64.8                          85     10  493.2         493.2
   47.9  20912  -64.7                          71      9  496.6         496.6
   44.3  21393  -61.5                          24      3  515.7         515.7
   44.0  21435  -61.6                          20      3  516.3         516.3
   39.0  22177  -64.1                         130     10  528.2         528.2
   37.5  22419  -64.9                         111     12  532.1         532.1
   37.0  22502  -64.3                         105     13  535.7         535.7
   36.0  22670  -63.1                         110     12  543.1         543.1
   35.0  22844  -61.8                          85     12  550.8         550.8
   34.6  22915  -61.3                         103     11  553.9         553.9
   34.2  22987  -61.9                         121     10  554.2         554.2
   34.0  23023  -61.9                         130     10  555.2         555.2
   32.0  23399  -61.4                          85     14  566.2         566.2
   31.0  23596  -61.1                          70     17  572.0         572.0
   30.0  23800  -60.9                          90     17  578.0         578.0
   28.0  24235  -59.5                          75     16  593.4         593.4
   27.0  24465  -58.8                         100     17  601.6         601.6
   26.0  24703  -58.0                          80     24  610.3         610.3
   25.0  24950  -57.3                          65     23  619.4         619.4
   21.0  26051  -53.8                          90     18  661.5         661.5
   20.3  26264  -53.1                          73     16  670.0         670.0
   20.0  26360  -53.5                          65     15  671.7         671.7
   19.1  26656  -54.3                          72     14  678.1         678.1
   18.0  27040  -53.0                          80     12  693.6         693.6
   17.0  27411  -51.8                          50     10  708.9         708.9
   15.0  28223  -49.2                         245      6  743.5         743.5
   14.8  28310  -48.9                                     747.3         747.3
