
-----------------------------------------------------------------------------
   PRES   HGHT   TEMP   DWPT   RELH   MIXR   DRCT   SKNT   THTA   THTE   THTV
    hPa     m      C      C      %    g/kg    deg   knot     K      K      K 
-----------------------------------------------------------------------------
 1024.0      5   22.4   11.4     50   8.33    345      6  293.6  317.7  295.0
 1019.0     48   20.6   10.6     53   7.93    350      6  292.2  315.1  293.6
 1000.0    211   18.8    9.8     56   7.66     10      6  291.9  314.1  293.3
  925.0    873   12.8    8.8     77   7.74     50      2  292.4  314.8  293.8
  914.0    974   12.0    8.7     80   7.78     66      3  292.6  315.1  293.9
  900.0   1103   11.8    5.8     67   6.46     87      5  293.7  312.6  294.8
  891.0   1187   12.6   -1.4     38   3.89    101      6  295.3  307.1  296.0
  875.0   1339   11.6    3.6     58   5.69    126      7  295.8  312.8  296.8
  850.0   1581   10.6    1.6     54   5.08    165     10  297.2  312.5  298.1
  849.0   1591   10.6    1.4     53   5.02    165     10  297.3  312.4  298.2
  793.0   2156    7.6   -8.4     31   2.57    130     11  300.0  308.1  300.4
  785.0   2240    7.9  -13.4     21   1.74    125     11  301.2  306.8  301.5
  772.0   2377    8.4  -21.6     10   0.89    132     11  303.2  306.2  303.3
  725.0   2890    4.8  -19.4     15   1.14    160     12  304.7  308.5  304.9
  700.0   3177    2.8  -18.2     20   1.31    165     14  305.6  309.9  305.8
  634.0   3969   -2.3  -26.3     14   0.71    161     14  308.5  311.0  308.6
  626.0   4070   -1.9  -32.9      7   0.39    161     14  310.1  311.5  310.2
  615.0   4210   -2.7  -27.2     13   0.67    160     14  310.8  313.1  310.9
  604.0   4353   -3.5  -21.5     23   1.14    174     15  311.4  315.4  311.6
  580.0   4672   -4.7  -33.9      8   0.38    205     17  313.7  315.1  313.7
  568.0   4836   -5.3  -40.3      4   0.20    204     17  314.8  315.6  314.9
  517.0   5562  -11.2  -35.1     12   0.37    200     18  316.3  317.7  316.4
  500.0   5820  -13.3  -33.3     17   0.46    210     17  316.8  318.5  316.9
  463.0   6400  -17.7  -34.7     21   0.44    219     17  318.3  319.9  318.4
  418.0   7158  -22.7  -37.7     24   0.36    230     18  321.3  322.7  321.4
  404.0   7407  -23.7  -41.7     17   0.24    234     18  323.2  324.1  323.2
  400.0   7480  -24.3  -42.3     17   0.23    235     18  323.3  324.2  323.4
  367.0   8101  -29.9  -50.2     12   0.11    250     21  323.9  324.4  323.9
  357.0   8300  -31.7  -52.7     11   0.08    250     21  324.1  324.4  324.1
  344.0   8562  -33.7  -48.7     21   0.13    250     21  324.8  325.4  324.8
  311.0   9261  -39.5  -56.7     14   0.06    250     21  326.3  326.5  326.3
  300.0   9510  -41.5  -59.5     12   0.04    255     20  326.8  326.9  326.8
  289.0   9761  -43.7  -60.5     14   0.04    260     20  327.2  327.3  327.2
  281.0   9950  -45.3  -61.3     15   0.04    263     22  327.5  327.6  327.5
  262.0  10411  -48.4  -64.4     14   0.03    270     28  329.6  329.7  329.6
  253.0  10642  -49.9  -65.9     14   0.02    266     36  330.6  330.7  330.6
  250.0  10720  -49.7  -66.7     12   0.02    265     39  332.1  332.1  332.1
  208.0  11909  -55.3  -72.3     10   0.01    269     66  341.2  341.2  341.2
  200.0  12160  -53.5  -73.5      7   0.01    270     72  347.9  347.9  347.9
  186.0  12625  -53.7  -78.7      3   0.00    270     81  354.9  354.9  354.9
  181.0  12797  -54.6  -79.9      3   0.00    270     85  356.1  356.1  356.1
  155.0  13777  -59.9  -86.9      2   0.00    266     81  363.3  363.3  363.3
  150.0  13980  -61.3                         265     80  364.3         364.3
  129.0  14903  -67.3                         268     69  369.6         369.6
  118.0  15437  -69.1                         270     62  375.8         375.8
  112.0  15750  -70.1                         270     52  379.5         379.5
  100.0  16430  -66.9                         265     38  398.2         398.2
   90.5  17030  -68.1                         268     31  407.3         407.3
   86.0  17338  -67.6                         270     28  414.4         414.4
   85.0  17409  -67.5                         260     27  416.0         416.0
   78.0  17927  -66.6                         190     10  428.1         428.1
   75.0  18164  -66.2                         255      2  433.8         433.8
   70.0  18580  -65.5                          65      4  443.9         443.9
   63.7  19155  -64.7                          73      9  457.8         457.8
   62.0  19320  -65.1                          75     10  460.4         460.4
   60.0  19520  -65.7                          65     10  463.5         463.5
   58.4  19684  -66.1                          81     10  466.1         466.1
   57.0  19833  -64.7                          95     10  472.5         472.5
   54.4  20119  -62.1                          75     13  484.9         484.9
   52.0  20398  -63.1                          55     16  488.9         488.9
   50.0  20640  -62.1                          75     15  496.7         496.7
   48.0  20893  -60.7                         105     16  505.9         505.9
   45.9  21171  -59.1                         105     19  516.2         516.2
   43.0  21582  -58.6                         105     23  527.2         527.2
   40.0  22038  -58.0                          85     29  539.7         539.7
   30.0  23850  -55.7                          90     32  592.2         592.2
   21.5  25968  -55.7                          90     41  651.3         651.3
   20.0  26430  -54.1                          90     43  669.8         669.8
   17.0  27481  -51.1                         100     45  711.4         711.4
   16.5  27674  -50.5                                     719.3         719.3
