
-----------------------------------------------------------------------------
   PRES   HGHT   TEMP   DWPT   RELH   MIXR   DRCT   SKNT   THTA   THTE   THTV
    hPa     m      C      C      %    g/kg    deg   knot     K      K      K 
-----------------------------------------------------------------------------
 1008.0      5   28.4   21.4     66  16.20     15     10  300.9  348.7  303.8
 1002.0     58   26.6   20.6     70  15.50     19     11  299.6  345.1  302.4
 1000.0     76   26.6   20.6     70  15.53     20     11  299.8  345.4  302.5
  952.0    509   22.0   19.6     86  15.32    352      9  299.3  344.2  302.1
  925.0    759   21.0   17.7     81  13.97    335      8  300.8  342.0  303.3
  908.5    914   20.1   16.9     82  13.56    310      6  301.4  341.5  303.8
  869.0   1298   17.8   15.1     84  12.57    310      7  302.9  340.3  305.1
  850.0   1488   17.6   11.6     68  10.19    310      7  304.6  335.3  306.4
  846.0   1528   17.4   10.4     63   9.44    306      8  304.8  333.4  306.5
  832.0   1671   18.0    1.0     32   4.97    291     11  306.9  322.4  307.8
  816.7   1829   17.1    1.1     34   5.11    275     14  307.5  323.6  308.5
  787.9   2134   15.3    1.4     39   5.39    285     16  308.8  325.8  309.8
  761.0   2428   13.6    1.6     44   5.68    290     23  310.0  327.9  311.1
  760.1   2438   13.5    1.6     44   5.69    290     23  310.0  328.0  311.1
  700.0   3125    7.2    3.0     75   6.83    280     28  310.4  331.8  311.7
  694.0   3196    6.4    2.9     78   6.84    280     30  310.3  331.7  311.6
  680.7   3353    5.6   -2.3     57   4.76    280     34  311.2  326.4  312.1
  655.6   3658    4.1  -12.5     29   2.25    275     30  312.8  320.3  313.3
  608.2   4267    1.1  -32.7      6   0.40    250     20  316.2  317.7  316.2
  600.0   4377    0.6  -36.4      4   0.28    256     19  316.8  317.9  316.8
  578.0   4676   -0.9  -20.9     20   1.26    273     16  318.4  322.9  318.6
  563.5   4877   -2.1  -23.6     18   1.02    285     14  319.3  322.9  319.5
  548.0   5099   -3.5  -26.5     15   0.80    281     14  320.2  323.1  320.4
  536.0   5273   -3.3  -28.3     12   0.70    279     14  322.5  325.1  322.6
  501.9   5791   -6.0  -31.9     11   0.53    270     15  325.4  327.4  325.5
  500.0   5820   -6.1  -32.1     11   0.52    270     15  325.5  327.5  325.6
  482.5   6096   -8.0  -35.7      9   0.38    290     17  326.6  328.0  326.6
  460.0   6466  -10.5  -40.5      7   0.24    287     21  327.9  328.9  327.9
  414.0   7264  -17.9  -30.9     31   0.71    282     28  328.4  331.1  328.5
  400.0   7520  -19.9  -33.9     28   0.55    280     31  329.0  331.1  329.1
  394.6   7620  -20.6  -35.2     26   0.49    275     30  329.4  331.3  329.5
  391.0   7688  -21.1  -36.1     25   0.45    278     31  329.6  331.4  329.7
  362.9   8230  -25.7  -33.9     46   0.60    305     37  330.5  332.9  330.7
  347.0   8556  -28.5  -32.6     68   0.72    308     41  331.0  333.8  331.2
  341.0   8681  -29.5  -35.5     56   0.55    309     43  331.3  333.4  331.4
  339.0   8723  -27.3  -54.3      6   0.07    309     43  334.9  335.2  334.9
  335.0   8808  -27.1  -63.1      2   0.02    310     45  336.3  336.4  336.3
  333.6   8839  -27.2  -63.2      2   0.02    310     45  336.6  336.7  336.6
  300.0   9600  -28.7  -64.7      2   0.02    290     70  344.8  344.9  344.8
  290.0   9845  -28.7  -64.7      2   0.02    290     77  348.2  348.3  348.2
  284.0   9993  -29.7  -65.4      2   0.02    290     82  348.8  348.9  348.9
  281.4  10058  -30.1  -65.7      2   0.02    290     82  349.1  349.2  349.1
  250.0  10900  -35.7  -69.7      2   0.01    305     75  352.9  352.9  352.9
  236.4  11278  -38.6  -71.8      2   0.01    310     78  354.1  354.2  354.1
  206.6  12192  -45.6  -77.1      2   0.01    295     71  357.1  357.1  357.1
  200.0  12410  -47.3  -78.3      2   0.00    300     70  357.7  357.7  357.7
  186.0  12887  -50.7  -81.7      1   0.00    299     68  359.7  359.7  359.7
  160.0  13849  -59.9  -81.9      4   0.00    296     64  360.0  360.0  360.0
  150.0  14250  -63.1                         295     62  361.2         361.2
  127.0  15240  -68.8                         290     52  368.6         368.6
  108.9  16154  -74.0                         315     51  375.2         375.2
  100.0  16660  -76.9                         290     45  378.9         378.9
   93.5  17043  -79.5                         300     41  381.1         381.1
   93.1  17069  -79.4                         290     45  381.8         381.8
   90.0  17260  -79.0                         305     35  386.3         386.3
   88.1  17381  -78.7                         314     32  389.3         389.3
   86.0  17519  -77.0                         325     29  395.3         395.3
   82.6  17751  -74.3                         303     18  405.5         405.5
   80.0  17937  -75.2                         285     10  407.3         407.3
   77.5  18120  -76.1                         300     10  409.2         409.2
   76.0  18233  -74.7                         310     10  414.4         414.4
   75.8  18249  -74.5                         309     10  415.1         415.1
   74.0  18388  -74.9                         300     12  417.2         417.2
   73.0  18467  -75.1                         310     10  418.3         418.3
   71.3  18603  -75.5                         340      4  420.3         420.3
   71.0  18628  -75.1                         345      3  421.6         421.6
   70.0  18710  -73.9                          25      4  426.0         426.0
   69.0  18795  -73.4                          50     10  428.8         428.8
   65.0  19150  -71.4                           5     12  440.6         440.6
   60.0  19626  -68.6                          80     10  456.9         456.9
   59.8  19646  -68.5                          78     10  457.6         457.6
   58.0  19829  -69.1                          60     14  460.3         460.3
   57.0  19934  -69.4                          60     16  461.8         461.8
   56.8  19955  -69.5                          62     16  462.1         462.1
   54.0  20262  -67.1                          90     14  474.4         474.4
   52.0  20492  -65.3                          70     21  483.6         483.6
   50.0  20730  -63.5                          80     19  493.4         493.4
   48.0  20982  -61.9                          60     19  503.0         503.0
   45.1  21367  -59.5                          74     17  517.9         517.9
   45.0  21381  -59.5                          75     17  518.2         518.2
   43.0  21664  -59.4                          40     12  525.2         525.2
   42.0  21811  -59.4                          70      8  528.9         528.9
   41.0  21961  -59.3                          95     10  532.6         532.6
   40.5  22038  -59.3                          95     10  534.5         534.5
   39.3  22225  -60.1                          95     12  537.1         537.1
   37.0  22603  -59.1                          95     14  548.9         548.9
   35.0  22952  -58.3                          65     27  560.0         560.0
   33.0  23321  -57.3                          35     20  571.9         571.9
   31.0  23713  -56.4                          45     15  584.9         584.9
   30.5  23815  -56.1                          40     15  588.3         588.3
   30.0  23920  -56.3                          35     15  590.6         590.6
   29.0  24136  -56.0                          90     10  597.0         597.0
   28.0  24360  -55.8                          75     10  603.7         603.7
   27.0  24592  -55.5                         100     14  610.8         610.8
   25.5  24957  -55.1                          78     17  622.1         622.1
   25.0  25085  -54.7                          70     18  626.8         626.8
   24.0  25350  -53.9                          95     22  636.5         636.5
   23.0  25625  -53.0                          85     21  646.9         646.9
   20.0  26530  -50.1                          75     28  682.1         682.1
   19.5  26696  -49.1                                     690.1         690.1
