
-----------------------------------------------------------------------------
   PRES   HGHT   TEMP   DWPT   RELH   MIXR   DRCT   SKNT   THTA   THTE   THTV
    hPa     m      C      C      %    g/kg    deg   knot     K      K      K 
-----------------------------------------------------------------------------
 1011.0      5   24.2   16.2     61  11.58    175      4  296.4  330.1  298.5
 1005.0     56   22.6   15.6     65  11.21    186      6  295.3  327.8  297.3
 1000.0     99   22.4   16.4     69  11.87    195      7  295.6  329.9  297.7
  926.0    762   16.7   13.6     82  10.70     90     12  296.3  327.4  298.2
  925.0    771   16.6   13.6     82  10.69     90     12  296.3  327.4  298.2
  850.0   1486   11.2    9.7     90   8.96     95     16  297.9  324.2  299.5
  837.0   1614   10.3    9.1     92   8.71     85     15  298.2  323.9  299.8
  821.0   1775    9.1    8.3     94   8.41     95     18  298.6  323.5  300.1
  814.0   1846    8.6    7.9     95   8.28     99     17  298.8  323.3  300.3
  808.0   1908   10.6   -0.4     46   4.62    102     15  301.6  315.8  302.4
  801.0   1980   10.8   -5.2     32   3.26    106     14  302.5  312.8  303.1
  793.0   2064   10.7   -8.5     25   2.54    110     12  303.3  311.4  303.8
  774.0   2265   10.4  -16.6     13   1.36    150     10  305.1  309.6  305.3
  767.0   2341   10.6   -4.4     35   3.61     80      5  306.1  317.6  306.8
  759.0   2428   10.4   -4.7     34   3.56      0      0  306.8  318.1  307.5
  738.0   2661    9.9   -5.6     33   3.42     45     12  308.7  319.7  309.3
  711.0   2970    9.2   -6.8     32   3.25    356     16  311.2  321.8  311.9
  708.0   3005    8.9   -6.5     33   3.33    350     17  311.3  322.1  312.0
  700.0   3099    8.2   -5.8     37   3.56    345     18  311.5  323.1  312.2
  680.0   3337    6.2   -1.7     57   5.00    340     21  311.9  327.9  312.9
  674.0   3409    5.6   -0.4     65   5.54    330     23  312.0  329.6  313.1
  658.0   3607    4.0    3.0     93   7.27    303     19  312.4  335.2  313.7
  656.0   3631    3.9    2.9     93   7.23    300     18  312.5  335.2  313.8
  634.0   3908    2.3    1.6     95   6.80    310     22  313.7  335.3  315.0
  630.0   3960    2.0    1.3     95   6.72    304     23  314.0  335.3  315.2
  620.0   4088    1.4    0.8     95   6.59    290     26  314.8  335.8  316.0
  579.0   4639   -0.9   -1.3     97   6.05    309     27  318.2  337.9  319.4
  558.0   4931   -2.3   -3.3     93   5.41    320     27  320.0  337.8  321.1
  520.0   5490   -4.9   -7.1     84   4.35    300     33  323.4  338.0  324.3
  500.0   5800   -6.3   -9.2     80   3.83    305     37  325.3  338.3  326.1
  477.0   6168   -8.1  -13.1     67   2.94    316     42  327.5  337.7  328.1
  469.0   6299   -9.2  -15.0     63   2.56    320     44  327.7  336.6  328.2
  456.0   6516  -11.1  -18.1     56   2.03    317     45  328.0  335.2  328.4
  437.0   6842  -13.3  -37.3     11   0.36    314     47  329.2  330.6  329.3
  420.0   7142  -15.2  -34.1     18   0.51    310     48  330.4  332.4  330.6
  411.0   7306  -16.3  -32.3     24   0.62    317     49  331.1  333.5  331.3
  408.0   7361  -16.3  -22.3     60   1.58    319     49  331.8  337.6  332.1
  400.0   7510  -17.5  -22.2     67   1.62    325     50  332.2  338.1  332.5
  398.0   7548  -17.9  -22.1     70   1.64    326     50  332.1  338.1  332.4
  368.0   8131  -21.9  -33.9     33   0.59    339     45  334.3  336.6  334.4
  359.0   8313  -23.3  -30.3     53   0.86    343     44  334.8  338.1  335.0
  354.0   8415  -24.2  -31.6     50   0.77    345     43  334.9  337.9  335.1
  347.0   8561  -25.5  -33.5     47   0.66    341     44  335.1  337.6  335.2
  345.0   8603  -25.9  -36.9     35   0.47    340     44  335.1  337.0  335.2
  338.0   8752  -25.5  -57.5      3   0.05    335     45  337.6  337.8  337.6
  318.0   9193  -28.1  -51.1      9   0.11    322     48  339.9  340.4  340.0
  300.0   9610  -30.5  -65.5      2   0.02    310     51  342.3  342.4  342.3
  289.0   9871  -32.2  -67.0      2   0.02    305     54  343.5  343.6  343.5
  259.0  10636  -37.3  -71.3      2   0.01    309     62  346.9  347.0  346.9
  255.0  10743  -36.5  -72.5      1   0.01    309     63  349.7  349.7  349.7
  251.0  10852  -36.8  -73.6      1   0.01    310     64  350.8  350.8  350.8
  250.0  10880  -36.9  -73.9      1   0.01    310     64  351.1  351.1  351.1
  218.0  11815  -42.1  -78.1      1   0.00    301     66  357.0  357.1  357.0
  200.0  12390  -47.1  -82.1      1   0.00    295     68  358.0  358.0  358.0
  187.0  12833  -51.3  -82.3      1   0.00    291     72  358.2  358.2  358.2
  185.0  12901  -51.8  -82.5      1   0.00    290     73  358.5  358.6  358.5
  153.0  14116  -59.9  -86.9      2   0.00    295     54  364.6  364.6  364.6
  150.0  14240  -60.9                         295     52  365.0         365.0
  135.0  14875  -66.2                         305     49  366.8         366.8
  131.0  15056  -67.7                         305     50  367.3         367.3
  117.0  15738  -73.3                         300     51  368.9         368.9
  115.0  15839  -72.9                         295     48  371.6         371.6
  109.0  16154  -71.5                         308     36  379.9         379.9
  108.0  16208  -71.7                         310     34  380.5         380.5
  100.0  16660  -73.3                         300     27  385.9         385.9
   92.0  17141  -76.1                         300     25  389.7         389.7
   89.0  17332  -77.2                         320     25  391.2         391.2
   86.0  17530  -78.3                         320     28  392.8         392.8
   85.0  17598  -77.7                         320     29  395.3         395.3
   82.0  17806  -75.9                         305     20  403.0         403.0
   78.0  18096  -73.4                         320     16  414.0         414.0
   76.0  18246  -72.1                         295     15  419.8         419.8
   74.8  18338  -71.3                         313     14  423.4         423.4
   74.0  18402  -71.2                         325     14  424.9         424.9
   72.0  18564  -71.1                         330     10  428.6         428.6
   70.0  18730  -70.9                         355      5  432.4         432.4
   68.0  18904  -70.2                          15     10  437.5         437.5
   67.0  18994  -69.8                           5     10  440.2         440.2
   59.0  19758  -66.7                           0      0  463.6         463.6
   57.0  19966  -65.8                         130     10  470.1         470.1
   56.8  19987  -65.7                         125     10  470.8         470.8
   56.0  20073  -65.9                         105     11  472.1         472.1
   53.0  20407  -66.9                          95     15  477.5         477.5
   51.0  20640  -67.5                          75     10  481.3         481.3
   50.4  20712  -67.7                          75      9  482.4         482.4
   50.0  20760  -67.5                          75      9  484.0         484.0
   48.0  21010  -66.9                          75     13  491.1         491.1
   46.0  21270  -66.2                          55     14  498.7         498.7
   43.0  21682  -65.2                          80     10  510.9         510.9
   41.0  21974  -64.5                         105      5  519.7         519.7
   40.0  22125  -64.2                         145     10  524.3         524.3
   38.0  22439  -63.4                         115     17  534.0         534.0
   35.0  22942  -62.1                         115     17  549.9         549.9
   32.2  23452  -60.9                          92     26  566.5         566.5
   32.0                                        90     27                     
