
-----------------------------------------------------------------------------
   PRES   HGHT   TEMP   DWPT   RELH   MIXR   DRCT   SKNT   THTA   THTE   THTV
    hPa     m      C      C      %    g/kg    deg   knot     K      K      K 
-----------------------------------------------------------------------------
 1016.0      5   22.6   -5.4     15   2.53    200      5  294.4  302.2  294.9
 1015.0     14   22.4   12.4     53   8.98    198      5  294.3  320.4  295.9
 1000.0    143   20.4   13.4     64   9.75    175      4  293.6  321.7  295.3
  925.0    811   14.8   12.5     86   9.94    320      3  294.4  323.2  296.2
  914.0    912   13.8   12.2     90   9.86    289      3  294.4  322.9  296.2
  901.0   1034   14.6    8.6     67   7.84    252      3  296.4  319.5  297.9
  872.0   1310   13.0    3.0     51   5.47    168      3  297.6  314.0  298.6
  871.0   1319   12.9    3.0     51   5.46    165      3  297.6  314.0  298.6
  850.0   1524   11.0    2.0     54   5.23    168      4  297.7  313.4  298.6
  790.0   2129    5.4    0.9     73   5.20    175      9  298.0  313.6  298.9
  771.0   2329    7.8  -21.2     11   0.92    178     10  302.6  305.7  302.8
  751.0   2545    7.6  -36.4      3   0.23    180     12  304.7  305.5  304.7
  700.0   3119    3.8  -24.2     11   0.78    188     16  306.7  309.4  306.8
  648.0   3740   -0.5  -17.5     26   1.50    195     21  308.6  313.7  308.9
  536.0   5231   -8.7  -44.4      4   0.14    215     32  316.0  316.5  316.0
  534.0   5260   -8.9  -44.9      4   0.13    215     32  316.1  316.6  316.1
  514.0   5556   -7.9  -54.9      1   0.04    218     34  320.8  321.0  320.8
  500.0   5770   -8.3  -56.3      1   0.04    220     36  322.9  323.0  322.9
  495.0   5848   -8.7  -55.7      1   0.04    220     37  323.3  323.5  323.3
  400.0   7460  -21.1  -50.1      6   0.10    230     49  327.5  327.9  327.5
  377.0   7896  -24.1  -55.1      4   0.06    232     52  329.1  329.4  329.1
  300.0   9520  -38.1  -62.1      6   0.03    240     64  331.6  331.7  331.6
  292.0   9705  -39.9  -62.9      7   0.03    242     65  331.6  331.7  331.6
  269.0  10257  -43.4  -63.8      9   0.03    250     68  334.4  334.5  334.4
  250.0  10750  -46.5  -64.5     11   0.03    255     77  336.8  336.9  336.8
  243.0  10938  -47.5  -65.5     11   0.02    260     77  338.1  338.2  338.1
  236.0  11129  -48.4  -67.0     10   0.02    265     77  339.6  339.7  339.6
  223.0  11500  -50.0  -69.9      8   0.01    270     85  342.6  342.7  342.6
  202.0  12146  -52.9  -74.9      5   0.01    270     98  347.9  347.9  347.9
  200.0  12210  -53.3  -76.3      4   0.01    270     99  348.2  348.2  348.2
  192.0  12469  -55.2  -77.3      5   0.01    270    101  349.3  349.3  349.3
  173.0  13129  -59.9  -79.9      6   0.00    268     95  352.0  352.1  352.0
  154.0  13847  -63.2                         265     89  358.4         358.4
  150.0  14010  -63.9                         265     88  359.8         359.8
  137.0  14562  -65.1                         274     84  367.1         367.1
  136.0  14607  -65.2                         275     84  367.8         367.8
  124.0  15166  -66.0                         260     67  376.1         376.1
  120.0  15365  -66.3                         267     62  379.1         379.1
  118.0  15465  -67.0                         270     59  379.6         379.6
  112.0  15777  -69.3                         280     63  381.0         381.0
  109.0  15940  -70.5                         280     65  381.7         381.7
  107.0  16049  -70.5                         275     66  383.9         383.9
  100.0  16450  -70.3                         260     51  391.6         391.6
   93.0  16880  -71.6                         270     41  397.4         397.4
   90.2  17062  -72.1                         262     36  399.8         399.8
   86.0  17345  -70.0                         250     29  409.5         409.5
   85.4  17386  -69.7                         256     27  410.9         410.9
   85.0  17414  -69.8                         260     25  411.3         411.3
   83.0  17556  -70.2                         270     27  413.2         413.2
   80.0  17775  -70.9                         265     34  416.2         416.2
   77.0  18005  -68.8                         250     26  425.2         425.2
   74.0  18244  -66.6                         225     10  434.7         434.7
   73.9  18252  -66.5                         232     10  435.0         435.0
   72.0  18409  -66.9                           0      0  437.4         437.4
   70.0  18580  -67.3                         350      8  440.1         440.1
   68.9  18675  -67.7                         337     10  441.2         441.2
   66.0  18938  -67.0                         300     15  448.1         448.1
   63.0  19221  -66.3                         290     12  455.7         455.7
   61.0  19418  -65.8                         315     11  461.1         461.1
   59.0  19621  -65.3                         305     12  466.6         466.6
   57.0  19831  -64.7                         240     12  472.5         472.5
   54.0  20161  -63.9                         120     10  481.8         481.8
   51.0  20509  -63.0                          75     13  491.8         491.8
   50.0  20630  -62.7                          75     14  495.3         495.3
   49.0  20756  -62.3                          75     16  499.2         499.2
   47.0  21015  -61.4                          85     15  507.4         507.4
   44.0  21426  -59.9                          60     13  520.5         520.5
   41.0  21865  -58.4                          70      7  535.0         535.0
   40.5  21942  -58.1                          69      7  537.5         537.5
   37.0  22508  -59.4                          65     10  548.4         548.4
   36.6  22577  -59.5                          68     10  549.7         549.7
   33.0  23234  -55.9                         100     12  575.9         575.9
   31.0  23632  -53.6                          90     13  592.2         592.2
   30.0  23840  -52.5                         100     15  600.9         600.9
   29.7  23905  -52.1                         100     16  603.7         603.7
   29.0  24061  -51.8                         100     18  608.6         608.6
   28.0  24290  -51.4                          75     23  615.8         615.8
   27.0  24528  -51.0                          65     20  623.4         623.4
   25.0  25031  -50.2                          55     14  639.7         639.7
   24.0  25298  -49.7                          70     16  648.5         648.5
   23.0  25576  -49.3                          40     14  657.8         657.8
   22.0  25867  -48.8                          55     10  667.7         667.7
   20.0  26490  -47.7                          60      4  689.4         689.4
   16.8  27649  -44.3                                     735.5         735.5
   16.0  27975  -45.5                                     742.0         742.0
