
-----------------------------------------------------------------------------
   PRES   HGHT   TEMP   DWPT   RELH   MIXR   DRCT   SKNT   THTA   THTE   THTV
    hPa     m      C      C      %    g/kg    deg   knot     K      K      K 
-----------------------------------------------------------------------------
 1014.0      5   28.0   17.0     51  12.16    295      4  300.0  335.8  302.1
 1012.0     22   26.2   15.2     51  10.84    294      4  298.3  330.2  300.3
 1000.0    123   25.0   17.0     61  12.34    285      5  298.1  334.2  300.4
  925.0    801   18.8   15.3     80  11.95    300     10  298.5  333.6  300.7
  924.0    810   18.7   15.3     80  11.95    300     10  298.5  333.6  300.7
  915.0    895   18.1   15.1     83  11.94    285     12  298.7  333.7  300.9
  914.0    904   18.0   15.1     83  11.94    285     12  298.7  333.8  300.9
  898.0   1056   18.5   11.8     65   9.78    285     13  300.8  329.8  302.5
  878.0   1250   19.1    7.6     47   7.52    315     18  303.4  326.2  304.7
  876.0   1269   19.2    7.2     46   7.32    315     18  303.6  325.9  305.0
  864.0   1388   19.0    4.0     37   5.93    313     18  304.6  322.9  305.7
  850.0   1528   18.0    3.0     37   5.62    310     18  305.0  322.4  306.0
  824.0   1788   15.9    2.2     40   5.48    305     17  305.5  322.5  306.5
  810.0   1932   14.7    1.8     42   5.41    320     18  305.7  322.5  306.7
  785.0   2195   12.6    1.0     45   5.28    305     18  306.2  322.6  307.2
  739.0   2701    8.5   -0.5     53   5.03    345     14  307.1  322.8  308.0
  723.0   2884    7.0   -1.0     57   4.94    336     14  307.4  322.9  308.3
  703.0   3114    5.6   -5.9     43   3.53    325     14  308.3  319.6  308.9
  700.0   3149    5.4   -6.6     42   3.35    330     14  308.4  319.2  309.1
  690.0   3266    4.4   -8.2     40   3.01    345     13  308.6  318.3  309.2
  682.0   3362    3.6   -9.4     38   2.76    346     13  308.7  317.7  309.2
  628.0   4026   -2.1  -10.1     54   2.84    353     17  309.6  318.8  310.1
  613.0   4217   -3.3  -10.0     60   2.93    355     18  310.4  319.9  310.9
  571.0   4777   -6.7   -9.7     79   3.22    340     21  312.7  323.2  313.3
  569.0   4805   -6.9   -9.7     80   3.24    338     21  312.8  323.4  313.4
  539.0   5228   -8.3  -12.3     73   2.77    300     16  316.0  325.3  316.5
  535.0   5286   -8.5  -12.9     70   2.66    295     15  316.4  325.3  316.9
  515.0   5581   -9.6  -16.1     59   2.12    305     21  318.6  325.8  319.0
  504.0   5748  -10.2  -18.0     53   1.86    290     23  319.8  326.3  320.2
  502.0   5779  -10.3  -18.3     52   1.81    290     24  320.1  326.3  320.4
  500.0   5810  -10.5  -19.5     48   1.64    290     24  320.2  325.9  320.5
  468.0   6312  -14.8  -21.2     58   1.51    310     27  321.0  326.3  321.3
  450.0   6610  -17.3  -22.2     66   1.44    304     28  321.4  326.5  321.7
  427.0   6998  -20.6  -25.6     64   1.12    295     30  322.0  326.1  322.3
  408.0   7335  -23.5  -28.5     63   0.90    298     31  322.5  325.8  322.7
  401.0   7462  -23.9  -36.9     29   0.40    300     32  323.6  325.2  323.7
  400.0   7480  -23.9  -36.9     29   0.41    300     32  323.8  325.4  323.9
  392.0   7627  -24.9  -27.6     78   1.02    299     33  324.4  328.1  324.6
  373.0   7988  -26.1  -34.1     47   0.58    297     36  327.5  329.6  327.6
  362.0   8199  -28.0  -36.5     44   0.47    295     37  327.8  329.6  327.9
  319.0   9094  -35.9  -46.6     33   0.18    285     33  328.8  329.6  328.9
  313.0   9228  -37.1  -48.1     31   0.16    285     34  328.9  329.6  329.0
  300.0   9520  -39.7  -48.7     38   0.15    285     36  329.3  329.9  329.3
  299.0   9543  -39.9  -48.9     38   0.15    285     36  329.3  329.9  329.4
  256.0  10585  -49.3  -51.8     75   0.13    281     46  330.4  330.9  330.4
  250.0  10740  -50.7  -53.2     75   0.11    280     47  330.6  331.0  330.6
  226.0  11384  -56.8  -61.2     57   0.04    285     53  330.9  331.1  330.9
  219.0  11584  -58.7  -63.7     52   0.03    277     57  331.0  331.1  331.0
  205.0  11997  -59.9  -65.9     45   0.03    259     67  335.4  335.5  335.4
  202.0  12088  -60.7  -67.0     43   0.02    255     69  335.5  335.6  335.5
  201.0  12119  -60.5  -67.4     40   0.02    255     69  336.3  336.4  336.3
  200.0  12150  -60.3  -67.8     37   0.02    255     69  337.1  337.2  337.1
  187.0  12575  -56.1  -73.0     10   0.01    250     46  350.5  350.6  350.5
  183.0  12711  -54.7  -74.7      7   0.01    258     41  354.9  354.9  354.9
  173.0  13065  -57.1  -77.4      6   0.01    280     28  356.6  356.7  356.6
  154.0  13797  -62.1  -82.9      5   0.00    295     45  360.2  360.2  360.2
  150.0  13960  -60.1  -84.1      3   0.00    295     50  366.3  366.4  366.3
  149.0  14002  -58.7  -82.7      3   0.00    294     52  369.4  369.5  369.4
  140.0  14395  -58.0  -85.3      2   0.00    285     66  377.2  377.2  377.2
  138.0  14486  -57.9  -85.9      2   0.00    282     63  379.1  379.1  379.1
  127.0  14999  -60.8                         265     48  382.9         382.9
  106.0  16116  -67.1                         260     48  391.2         391.2
  100.0  16470  -65.5                         275     39  400.9         400.9
   96.0  16716  -65.9                         285     39  404.9         404.9
   92.0  16973  -66.3                         265     36  409.0         409.0
   89.0  17172  -66.6                         290     31  412.3         412.3
   85.0  17450  -67.0                         280     35  416.8         416.8
   77.0  18045  -68.0                         255     13  426.8         426.8
   76.0  18124  -68.1                         260     10  428.1         428.1
   72.0  18450  -68.6                         355     10  433.7         433.7
   70.0  18620  -68.9                          10     15  436.6         436.6
   69.5  18663  -69.3                           5     16  436.7         436.7
   67.0  18882  -67.8                         340     20  444.5         444.5
   62.0  19348  -64.7                         250     10  461.4         461.4
   60.0  19548  -64.4                         330     10  466.5         466.5
   58.0  19754  -64.0                         330     17  471.8         471.8
   56.0  19968  -63.6                         295     10  477.4         477.4
   53.0  20304  -63.1                         185     10  486.3         486.3
   51.2  20515  -62.7                         127     14  492.0         492.0
   51.0  20539  -62.7                         120     14  492.4         492.4
   50.0  20660  -62.9                          90     16  494.8         494.8
   49.0  20784  -62.9                          60     11  497.6         497.6
   47.0  21040  -63.0                           0      0  503.4         503.4
   45.0  21308  -63.1                         110     10  509.4         509.4
   43.0  21587  -63.2                         125     16  515.9         515.9
   42.0  21731  -63.3                         105     24  519.2         519.2
   40.0  22031  -63.4                          65     18  526.3         526.3
   37.3  22461  -63.5                          74     11  536.5         536.5
   37.0                                        75     10                     
