
-----------------------------------------------------------------------------
   PRES   HGHT   TEMP   DWPT   RELH   MIXR   DRCT   SKNT   THTA   THTE   THTV
    hPa     m      C      C      %    g/kg    deg   knot     K      K      K 
-----------------------------------------------------------------------------
 1014.0      5   23.6    9.6     41   7.45    200      6  295.6  317.5  296.9
 1000.0    125   22.0   10.0     46   7.76    210      6  295.1  317.9  296.5
  984.0    265   20.6    9.6     49   7.68    214      7  295.1  317.6  296.5
  958.0    497   22.4    2.4     27   4.77    221     10  299.2  313.7  300.1
  925.0    800   20.4    1.4     28   4.60    230     13  300.2  314.2  301.0
  912.8    914   19.6    1.2     29   4.61    235     12  300.5  314.6  301.3
  850.0   1523   15.4    0.4     36   4.66    285     13  302.3  316.6  303.1
  849.9   1524   15.4    0.4     36   4.65    280     10  302.3  316.6  303.1
  829.0   1735   14.2   -0.8     36   4.37    283     12  303.2  316.7  304.0
  789.9   2134   10.6   -1.8     42   4.26    290     17  303.5  316.8  304.3
  733.9   2743    5.2   -3.4     54   4.08    295     17  304.0  316.8  304.8
  713.0   2982    3.0   -4.0     60   4.01    289     24  304.2  316.7  304.9
  700.0   3131    1.8   -5.2     60   3.73    285     28  304.4  316.2  305.1
  681.0   3353    0.1   -6.9     59   3.37    275     32  305.0  315.7  305.6
  676.0   3412   -0.3   -7.3     59   3.28    276     33  305.1  315.6  305.8
  654.9   3658   -2.2   -9.7     57   2.82    280     38  305.7  314.8  306.3
  605.4   4267   -7.0  -15.5     51   1.90    275     31  307.1  313.4  307.5
  559.6   4877  -11.8  -21.3     45   1.25    260     34  308.5  312.7  308.7
  500.0   5750  -18.7  -29.7     37   0.66    250     38  310.2  312.5  310.3
  439.0   6706  -22.4  -46.3     10   0.14    250     42  317.2  317.8  317.2
  404.1   7315  -24.8  -56.8      3   0.04    260     59  321.7  321.9  321.7
  400.0   7390  -25.1  -58.1      3   0.04    260     62  322.3  322.4  322.3
  355.7   8230  -28.6  -61.2      3   0.03    240     87  328.6  328.7  328.6
  326.7   8839  -31.1  -63.5      3   0.02    250    112  333.1  333.2  333.1
  300.0   9450  -33.7  -65.7      2   0.02    250    118  337.8  337.9  337.8
  250.0  10710  -39.9  -72.9      2   0.01    245    126  346.6  346.6  346.6
  206.0  12003  -50.1  -77.1      3   0.01    250    130  350.2  350.3  350.2
  200.2  12192  -51.6  -77.7      3   0.00    250    130  350.7  350.7  350.7
  200.0  12200  -51.7  -77.7      3   0.00    255    129  350.7  350.8  350.7
  150.0  14010  -65.1                         255    100  357.7         357.7
  149.7  14021  -65.1                         245    111  357.9         357.9
  142.3  14326  -66.0                         260     97  361.6         361.6
  128.7  14935  -67.8                         255     97  369.0         369.0
  122.3  15240  -68.6                         250     78  372.8         372.8
  116.3  15545  -69.5                         260     66  376.6         376.6
  110.5  15850  -70.4                         270     68  380.4         380.4
  106.0  16103  -71.1                         265     69  383.7         383.7
  100.0  16450  -69.5                         265     62  393.2         393.2
   95.0  16758  -69.2                         245     49  399.6         399.6
   94.9  16764  -69.2                         265     62  399.7         399.7
   85.0  17425  -68.6                         240     36  413.7         413.7
   82.0  17641  -68.4                         260     27  418.4         418.4
   78.0  17941  -68.1                         240     19  425.0         425.0
   77.0  18018  -68.0                         260     16  426.7         426.7
   75.0  18176  -67.9                         300     20  430.2         430.2
   74.0  18257  -67.8                         305     22  432.1         432.1
   71.0  18505  -67.6                         265     17  437.7         437.7
   70.0  18590  -67.5                         260     17  439.6         439.6
   64.9  19046  -67.9                         231     14  448.4         448.4
   61.6  19364  -62.1                         210     12  468.0         468.0
   60.0  19528  -61.9                         200     11  471.9         471.9
   51.0  20537  -60.6                          65      2  497.3         497.3
   50.0  20660  -60.5                         125      3  500.5         500.5
   44.0  21466  -59.3                          90     10  522.0         522.0
   40.0  22067  -58.4                          70     13  538.7         538.7
   38.0  22390  -57.9                         115     15  547.9         547.9
   37.0  22558  -57.7                         120     17  552.7         552.7
   35.0  22908  -57.1                          95     17  562.9         562.9
   33.0  23279  -56.6                         115     23  573.9         573.9
   32.0  23473  -56.3                         105     21  579.8         579.8
   30.0  23880  -55.7                         120     26  592.2         592.2
   22.0  25869  -53.1                          90     32  654.8         654.8
   20.0  26480  -52.3                         100     32  675.3         675.3
   19.0  26812  -52.0                          85     30  686.3         686.3
   17.6  27308  -51.5                                     703.0         703.0
