
-----------------------------------------------------------------------------
   PRES   HGHT   TEMP   DWPT   RELH   MIXR   DRCT   SKNT   THTA   THTE   THTV
    hPa     m      C      C      %    g/kg    deg   knot     K      K      K 
-----------------------------------------------------------------------------
 1020.0      5   22.6   14.6     61  10.34    355      7  294.1  323.9  295.9
 1008.0    107   20.8   12.8     60   9.29    358      5  293.3  320.1  294.9
 1000.0    176   20.2   13.2     64   9.62      0      4  293.4  321.1  295.1
  925.0    842   13.4   11.9     91   9.54    300      2  293.0  320.5  294.7
  905.0   1026   12.0   11.0     94   9.19    273      2  293.4  319.9  295.0
  901.0   1063   12.6    9.1     79   8.11    267      2  294.4  318.0  295.8
  879.0   1271   12.6    4.6     58   6.08    237      2  296.5  314.6  297.6
  859.0   1464   11.0    7.2     77   7.47    208      2  296.8  318.8  298.1
  850.0   1552   10.6    6.6     76   7.24    195      2  297.2  318.6  298.5
  840.0   1651   10.2    4.2     66   6.19    298      1  297.8  316.3  298.9
  834.0   1709    9.8    3.9     66   6.08      0      0  298.0  316.2  299.1
  780.0   2256    6.1    0.5     67   5.13    190     10  299.8  315.4  300.8
  769.0   2371    5.4   -0.2     68   4.94    195     13  300.2  315.3  301.1
  700.0   3139    0.2   -4.8     69   3.84    190      6  302.7  314.6  303.4
  667.0   3525   -2.3   -6.2     75   3.62    213      3  304.1  315.5  304.7
  658.0   3632   -2.7   -9.6     59   2.83    220      2  304.8  313.9  305.4
  634.0   3927   -3.7  -18.7     30   1.39    225      3  306.9  311.6  307.2
  618.0   4128   -4.9  -12.9     53   2.30    229      4  307.8  315.3  308.2
  590.0   4492   -5.7  -17.7     38   1.62    236      6  311.0  316.4  311.3
  570.0   4762   -7.3  -25.3     22   0.86    241      7  312.2  315.2  312.3
  551.0   5025   -8.9  -21.9     34   1.21    246      8  313.3  317.5  313.5
  535.0   5251  -10.4  -26.1     26   0.85    250      9  314.1  317.2  314.3
  500.0   5770  -13.9  -35.9     14   0.36    240     18  316.0  317.4  316.1
  471.0   6222  -16.3  -51.3      3   0.07    222     29  318.5  318.8  318.5
  465.0   6318  -16.3  -49.3      4   0.09    218     31  319.7  320.0  319.7
  461.0   6382  -16.9  -49.4      4   0.09    215     33  319.8  320.1  319.8
  409.0   7266  -24.5  -50.7      7   0.09    220     29  321.0  321.4  321.1
  400.0   7430  -25.9  -50.9      8   0.09    220     29  321.2  321.6  321.3
  358.0   8220  -32.9  -51.9     13   0.09    237     36  322.2  322.6  322.2
  351.0   8358  -33.2  -58.6      6   0.04    240     37  323.6  323.7  323.6
  346.0   8459  -33.5  -63.5      3   0.02    245     41  324.5  324.6  324.6
  326.0   8876  -32.7  -65.0      2   0.02    260     53  331.2  331.2  331.2
  320.0   9007  -32.5  -65.5      2   0.02    256     56  333.2  333.3  333.2
  305.0   9344  -32.8  -70.3      1   0.01    245     63  337.4  337.5  337.4
  300.0   9460  -32.9  -71.9      1   0.01    245     67  338.9  338.9  338.9
  293.0   9627  -33.3  -67.3      2   0.02    245     69  340.6  340.7  340.6
  281.0   9922  -34.2  -70.1      1   0.01    245     73  343.4  343.5  343.4
  269.0  10229  -35.1  -73.1      1   0.01    247     72  346.4  346.4  346.4
  250.0  10740  -38.5  -75.5      1   0.01    250     71  348.7  348.7  348.7
  231.0  11268  -42.0  -77.3      1   0.00    245     72  351.3  351.3  351.3
  208.0  11968  -46.7  -79.6      1   0.00    255     49  354.6  354.6  354.6
  200.0  12230  -48.5  -80.5      1   0.00    260     51  355.8  355.8  355.8
  188.0  12631  -51.7  -81.8      2   0.00    265     52  357.1  357.1  357.1
  169.0  13321  -57.1  -84.1      2   0.00    267     52  359.1  359.1  359.1
  157.0  13785  -59.9  -85.9      2   0.00    269     52  361.9  361.9  361.9
  150.0  14070  -61.7                         270     52  363.6         363.6
  137.0  14626  -64.8                         265     58  367.6         367.6
  132.0  14854  -66.1                         264     54  369.3         369.3
  129.0  14994  -65.1                         264     52  373.5         373.5
  100.0  16520  -72.1                         260     26  388.2         388.2
   91.4  17049  -73.5                         285     24  395.5         395.5
   87.0  17341  -70.2                         305     20  407.6         407.6
   85.5  17444  -69.1                         301     18  412.0         412.0
   82.0  17696  -68.5                         290     14  418.1         418.1
   78.0  17998  -67.8                         310     11  425.6         425.6
   74.0  18315  -67.1                         260      6  433.6         433.6
   70.0  18650  -66.3                         255      7  442.2         442.2
   67.2  18898  -65.1                         203      9  450.0         450.0
   65.0  19100  -65.7                         160     10  452.9         452.9
   62.5  19337  -66.5                         111     10  456.3         456.3
   61.0  19486  -66.0                          80     10  460.5         460.5
   60.0  19587  -65.7                          65     10  463.4         463.4
   57.0  19900  -64.8                          70      7  472.4         472.4
   56.0  20008  -64.4                          95      6  475.6         475.6
   54.0  20230  -63.8                          95     10  482.1         482.1
   50.0  20700  -62.3                          70     17  496.2         496.2
   49.9  20712  -62.3                          70     17  496.5         496.5
   49.0  20825  -62.4                          65     17  498.9         498.9
   46.0  21214  -62.6                          60     14  507.4         507.4
   45.0  21349  -62.7                          85     14  510.4         510.4
   43.1  21615  -62.9                          72     15  516.3         516.3
   42.0  21777  -62.3                          65     15  521.6         521.6
   38.0  22404  -59.9                          95     18  542.9         542.9
   32.0  23481  -55.7                          65     24  581.4         581.4
   31.2  23640  -55.1                          65     25  587.2         587.2
   31.0  23681  -55.2                          65     25  588.1         588.1
   30.0  23890  -55.5                          70     25  592.7         592.7
   29.9  23911  -55.7                          70     25  592.8         592.8
   24.0  25316  -54.6                          60     18  634.3         634.3
   23.4  25478  -54.5                          72     16  639.3         639.3
   23.0  25589  -53.6                          80     14  645.1         645.1
   22.0  25878  -51.3                          95     15  660.2         660.2
   21.1  26149  -49.1                          88     15  674.7         674.7
   20.0  26500  -49.3                          80     15  684.5         684.5
   19.0  26835  -49.8                         105     17  693.0         693.0
   18.1  27153  -50.3                          81     19  701.2         701.2
   17.0  27564  -47.9                          50     22  721.4         721.4
   16.8  27642  -47.5                                     725.2         725.2
