
-----------------------------------------------------------------------------
   PRES   HGHT   TEMP   DWPT   RELH   MIXR   DRCT   SKNT   THTA   THTE   THTV
    hPa     m      C      C      %    g/kg    deg   knot     K      K      K 
-----------------------------------------------------------------------------
 1021.0      5   26.6   19.6     65  14.27     25      6  298.0  339.6  300.5
 1017.0     40   24.6   16.6     61  11.82     27      6  296.3  330.6  298.4
 1000.0    187   23.4   18.4     74  13.50     35      8  296.6  335.7  298.9
  944.0    687   18.4   16.6     89  12.75     61      7  296.4  333.3  298.7
  925.0    862   17.2   15.2     88  11.88     70      7  296.9  331.4  299.0
  910.0   1002   16.4   14.2     87  11.31     71      8  297.5  330.5  299.5
  885.0   1239   16.6   11.7     73   9.85     74     11  300.0  329.2  301.8
  871.0   1375   15.8   11.6     76   9.97     75     12  300.6  330.2  302.4
  861.0   1473   15.2   11.6     79  10.06     72     11  300.9  330.8  302.8
  852.0   1562   15.0   10.5     74   9.46     70     10  301.7  329.9  303.4
  850.0   1582   15.0   10.3     73   9.33     70     10  301.9  329.8  303.5
  789.0   2209   11.0    6.9     76   7.97    100     10  304.1  328.2  305.5
  780.0   2305   10.7    5.9     72   7.50    105     10  304.7  327.5  306.1
  728.0   2879    8.6   -0.4     53   5.13    115      7  308.5  324.6  309.5
  704.0   3155    6.6   -4.4     45   3.94    119      5  309.3  321.9  310.0
  700.0   3202    6.4   -4.6     45   3.90    120      5  309.5  322.0  310.3
  661.0   3667    2.9   -5.7     53   3.80    145     10  310.7  322.9  311.4
  637.0   3967    0.6   -6.4     59   3.74    170     10  311.4  323.5  312.1
  621.0   4170   -0.9   -8.9     55   3.16    187     10  311.9  322.3  312.6
  618.0   4209   -1.1   -9.3     54   3.08    190     10  312.2  322.2  312.7
  606.0   4364   -1.9  -10.9     50   2.77    185     10  313.0  322.1  313.5
  591.0   4564   -2.9  -12.9     46   2.41    210      4  314.1  322.1  314.5
  581.0   4699   -2.8  -16.6     34   1.81    280     10  315.8  322.0  316.1
  578.0   4740   -2.7  -17.7     31   1.66    284     12  316.3  322.0  316.6
  574.0   4794   -3.1  -18.2     30   1.59    290     14  316.5  322.0  316.8
  555.0   5060   -4.9  -20.9     27   1.31    283     21  317.4  322.0  317.6
  535.0   5349   -2.9  -47.9      2   0.09    276     29  323.1  323.5  323.1
  519.0   5588   -4.3  -25.3     18   0.95    270     35  324.3  327.7  324.4
  500.0   5880   -6.9  -31.9     12   0.53    265     31  324.6  326.6  324.7
  477.0   6245  -10.3  -37.3      9   0.33    265     28  324.8  326.0  324.8
  461.0   6506  -11.8  -43.1      5   0.18    265     25  326.1  326.8  326.1
  434.0   6968  -14.5  -53.5      2   0.06    263     26  328.3  328.6  328.3
  400.0   7580  -19.7  -54.7      3   0.06    260     28  329.3  329.6  329.3
  385.0   7862  -21.8  -56.8      3   0.05    250     30  330.1  330.3  330.1
  371.0   8134  -23.9  -58.9      2   0.04    257     32  330.9  331.0  330.9
  355.0   8454  -25.8  -57.2      4   0.05    265     35  332.5  332.7  332.5
  345.0   8662  -27.1  -56.1      5   0.06    265     36  333.5  333.7  333.5
  300.0   9650  -36.7  -48.7     28   0.15    265     39  333.5  334.2  333.6
  294.0   9789  -38.0  -48.7     32   0.16    265     38  333.6  334.2  333.6
  291.0   9859  -38.7  -48.7     34   0.16    266     41  333.6  334.3  333.6
  275.0  10246  -39.5  -57.9     12   0.06    270     59  337.8  338.1  337.8
  272.0  10321  -39.7  -59.7     10   0.05    270     60  338.6  338.9  338.6
  250.0  10890  -44.5  -62.5     12   0.03    270     67  339.8  339.9  339.8
  242.0  11103  -46.1  -63.3     12   0.03    270     70  340.6  340.8  340.6
  215.0  11878  -51.7  -66.1     16   0.02    265     60  343.5  343.6  343.5
  203.0  12255  -54.5  -67.5     19   0.02    261     63  344.8  344.9  344.8
  200.0  12350  -54.9  -69.9     14   0.02    260     64  345.7  345.7  345.7
  174.0  13231  -59.9  -77.9      8   0.01    262     71  351.5  351.5  351.5
  150.0  14150  -64.1                         265     79  359.5         359.5
  147.0  14272  -64.6                         260     80  360.6         360.6
  137.0  14697  -66.5                         250     60  364.7         364.7
  120.0  15498  -69.9                         253     47  372.5         372.5
  111.0  15963  -69.1                         254     40  382.4         382.4
  106.0  16235  -71.0                         255     35  383.9         383.9
  100.0  16580  -73.3                         270     28  385.9         385.9
   94.0  16941  -75.6                         290     28  388.2         388.2
   93.2  16991  -75.9                         290     30  388.6         388.6
   91.0  17129  -76.0                         290     35  390.9         390.9
   90.1  17187  -76.1                         284     37  391.9         391.9
   88.0  17323  -76.0                         270     41  394.7         394.7
   82.0  17733  -75.9                         245     34  403.1         403.1
   76.0  18173  -75.7                         250     29  412.4         412.4
   74.0  18328  -75.6                         235     22  415.7         415.7
   70.9  18576  -75.5                         235     24  421.0         421.0
   70.0  18650  -74.5                         235     24  424.7         424.7
   67.0  18909  -72.6                         200     17  434.2         434.2
   66.0  18998  -71.9                         205     12  437.5         437.5
   64.0  19179  -70.5                         260     10  444.4         444.4
   62.0  19367  -69.1                         190     15  451.6         451.6
   61.4  19424  -68.7                         177     15  453.8         453.8
   59.6  19602  -69.7                         137     13  455.4         455.4
   58.0  19767  -68.4                         100     12  461.9         461.9
   56.0  19980  -66.7                         100      5  470.5         470.5
   55.0  20089  -65.8                         130     13  474.9         474.9
   53.0  20314  -64.0                          80     17  484.1         484.1
   52.0  20429  -63.1                          70     17  488.9         488.9
   51.8  20452  -62.9                          70     17  489.9         489.9
   50.0  20670  -63.5                          65     13  493.4         493.4
   48.0  20921  -63.6                          75     11  498.9         498.9
   47.3  21011  -63.7                          61     10  500.8         500.8
   47.0  21051  -63.6                          55     10  502.1         502.1
   40.0  22057  -60.2                         125     10  534.2         534.2
   38.0  22378  -59.1                          95     10  544.8         544.8
   37.0  22544  -58.6                          80      3  550.4         550.4
   36.0  22715  -58.0                         125     10  556.2         556.2
   35.0  22891  -57.4                         100     20  562.2         562.2
   34.5  22981  -57.1                          88     19  565.4         565.4
   34.0  23073  -56.9                          75     17  568.2         568.2
   33.0  23263  -56.5                          80     13  574.1         574.1
   31.0  23661  -55.7                          65     21  586.6         586.6
   30.0  23870  -55.3                          85     11  593.3         593.3
   29.0  24090  -54.6                         110     12  601.0         601.0
   28.0  24318  -53.8                         130     16  609.2         609.2
   27.0  24554  -53.0                         110     21  617.7         617.7
   26.0  24798  -52.2                         105     25  626.7         626.7
   25.0  25053  -51.4                          75     21  636.2         636.2
   22.0  25882  -48.7                          75     21  667.9         667.9
   21.0  26184  -47.7                                     679.9         679.9
