
-----------------------------------------------------------------------------
   PRES   HGHT   TEMP   DWPT   RELH   MIXR   DRCT   SKNT   THTA   THTE   THTV
    hPa     m      C      C      %    g/kg    deg   knot     K      K      K 
-----------------------------------------------------------------------------
 1019.0      5   23.8   14.8     57  10.49      5      9  295.4  325.8  297.2
 1012.0     65   21.8   12.8     57   9.25      1      9  293.9  320.7  295.6
 1000.0    167   21.2   13.2     60   9.62    355     10  294.4  322.2  296.1
  994.0    219   20.7   13.1     61   9.58    355     10  294.4  322.1  296.1
  932.0    771   15.8   11.4     75   9.16     10     10  294.8  321.4  296.4
  925.0    836   15.2   11.2     77   9.11     15      9  294.8  321.3  296.5
  919.0    891   14.8   10.8     77   8.92     21      9  295.0  320.9  296.6
  871.0   1343   13.0    5.0     58   6.32     68      5  297.7  316.5  298.8
  866.0   1392   13.2    6.2     63   6.91     73      5  298.4  318.9  299.6
  850.0   1549   15.6  -10.4     16   2.05     90      4  302.5  309.1  302.9
  849.0   1559   15.6  -10.4     16   2.05     91      4  302.6  309.2  302.9
  822.0   1831   14.6  -13.5     13   1.65    120     10  304.4  309.8  304.6
  795.0   2113   13.6  -16.6     11   1.31    130     14  306.2  310.6  306.4
  774.0   2338   12.8  -19.2      9   1.09    109     13  307.7  311.4  307.9
  765.0   2435   12.2  -19.4      9   1.08    100     13  308.0  311.7  308.2
  725.0   2881    9.2  -20.2     11   1.06     90     10  309.5  313.1  309.7
  700.0   3172    7.2  -20.8     12   1.05     75      6  310.4  314.1  310.6
  673.0   3494    4.6  -21.4     13   1.03     32      3  311.0  314.6  311.2
  656.0   3703    5.4  -35.6      3   0.28      3      1  314.2  315.3  314.3
  654.0   3727    5.3  -35.8      3   0.28      0      1  314.4  315.4  314.4
  582.0   4672    0.8  -45.2      2   0.12      0      4  319.8  320.2  319.8
  500.0   5870   -9.1  -45.1      4   0.14      0      7  321.9  322.4  321.9
  484.0   6119  -11.3  -43.3      5   0.17    352      7  322.2  322.9  322.2
  471.0   6326  -12.0  -42.2      6   0.20    345      7  323.8  324.6  323.9
  462.0   6473  -12.5  -41.5      7   0.22    300      9  325.0  325.9  325.0
  460.0   6506  -12.8  -41.4      7   0.22    290     10  325.1  326.0  325.1
  442.0   6806  -15.2  -40.1     10   0.26    260     14  325.8  326.8  325.8
  428.0   7049  -17.1  -39.1     13   0.30    264     16  326.3  327.5  326.4
  424.0   7118  -17.6  -40.3     12   0.27    265     16  326.6  327.6  326.6
  400.0   7550  -20.7  -47.7      7   0.13    245     21  328.0  328.5  328.0
  369.0   8142  -24.7  -45.7     12   0.17    227     23  330.3  331.0  330.4
  365.0   8220  -25.4  -47.0     12   0.15    225     23  330.4  331.0  330.4
  326.0   9030  -32.9  -59.9      5   0.04    225     28  330.9  331.1  330.9
  324.0   9073  -33.5  -52.5     13   0.09    225     28  330.7  331.1  330.7
  300.0   9610  -36.5  -59.5      7   0.04    225     32  333.8  334.0  333.8
  258.0  10639  -45.5  -61.5     15   0.04    225     50  335.3  335.4  335.3
  251.0  10823  -44.9  -67.9      6   0.02    225     54  338.8  338.9  338.8
  250.0  10850  -44.9  -68.9      5   0.01    225     54  339.2  339.2  339.2
  223.0  11609  -46.7  -74.2      3   0.01    225     57  347.7  347.8  347.7
  206.0  12136  -47.9  -77.9      2   0.00    225     54  353.8  353.8  353.8
  200.0  12330  -49.3  -79.3      2   0.00    225     53  354.5  354.6  354.5
  187.0  12766  -51.4  -80.8      2   0.00    225     47  358.1  358.1  358.1
  178.0  13086  -52.9  -81.9      2   0.00    236     45  360.6  360.7  360.6
  171.0  13341  -54.6  -83.1      2   0.00    245     43  362.0  362.0  362.0
  156.0  13922  -58.5  -85.9      2   0.00    245     47  364.9  365.0  364.9
  155.0  13963  -58.8  -86.1      2   0.00    245     47  365.2  365.2  365.2
  151.0  14129  -59.9  -86.9      2   0.00    245     45  366.0  366.0  366.0
  150.0  14170  -60.3                         245     44  366.0         366.0
  131.0  14989  -66.4                         245     36  369.5         369.5
  115.0  15777  -72.3                         240     26  372.6         372.6
  112.0  15933  -70.5                         240     21  378.8         378.8
  105.0  16313  -71.9                         280     20  383.2         383.2
  100.0  16600  -72.9                         260     21  386.6         386.6
   95.0  16899  -73.5                         235     11  391.1         391.1
   91.0  17150  -74.0                         290      2  394.9         394.9
   80.5  17864  -75.5                          58      1  406.0         406.0
   80.0  17901  -75.4                          65      1  407.0         407.0
   76.0  18200  -74.3                         165     10  415.3         415.3
   72.0  18516  -73.1                         160     18  424.2         424.2
   70.0  18680  -72.5                         145     19  428.9         428.9
   68.5  18808  -70.5                         130     20  435.9         435.9
   68.0  18852  -70.4                         125     21  437.0         437.0
   65.0  19121  -70.0                         110     27  443.5         443.5
   58.6  19740  -69.1                          87     27  458.9         458.9
   58.0  19802  -69.3                          85     27  459.8         459.8
   57.0  19906  -69.7                          90     25  461.2         461.2
   55.0  20122  -68.1                         100     21  469.6         469.6
   53.0  20347  -66.5                          95     20  478.4         478.4
   51.0  20580  -64.8                         100     24  487.6         487.6
   50.0  20700  -63.9                          95     27  492.5         492.5
   49.4  20774  -63.5                          92     28  495.1         495.1
   48.0  20950  -63.9                          85     29  498.3         498.3
   45.3  21304  -64.7                          92     31  504.6         504.6
   44.0  21482  -64.2                          95     32  510.0         510.0
   42.0  21767  -63.5                          85     37  518.6         518.6
   40.4  22005  -62.9                          88     36  525.9         525.9
   35.0  22890  -62.5                         100     34  548.9         548.9
   30.0  23840  -62.1                          95     36  574.8         574.8
   27.0  24498  -57.5                          83     45  605.2         605.2
   25.0  24983  -58.9                          75     51  614.7         614.7
   22.2  25735  -54.9                          75     49  647.8         647.8
   21.0  26089  -55.6                          75     48  656.2         656.2
   20.4  26274  -55.9                          78     38  660.6         660.6
   20.0  26400  -55.3                          80     32  666.2         666.2
   18.0  27082  -53.5                         100     37  692.3         692.3
   14.0  28710  -49.1                          95     40  758.5         758.5
   13.5  28945  -48.5                                     768.6         768.6
