
-----------------------------------------------------------------------------
   PRES   HGHT   TEMP   DWPT   RELH   MIXR   DRCT   SKNT   THTA   THTE   THTV
    hPa     m      C      C      %    g/kg    deg   knot     K      K      K 
-----------------------------------------------------------------------------
 1014.0      5   22.0   16.0     69  11.40    260      6  294.0  326.8  296.0
 1000.0    125   20.2   15.2     73  10.97    245      5  293.4  324.9  295.3
  995.0    168   20.2   14.2     68  10.33    246      6  293.8  323.5  295.6
  985.0    256   22.2   10.2     46   7.99    247      8  296.6  320.1  298.1
  970.0    389   21.7    8.9     44   7.44    250     11  297.4  319.4  298.7
  929.0    763   20.1    5.4     38   6.07    205     14  299.5  317.8  300.6
  925.0    800   20.0    5.0     37   5.94    205     15  299.8  317.7  300.8
  879.0   1236   17.6    2.0     35   5.05    180     12  301.6  317.1  302.6
  850.0   1523   16.0    0.0     34   4.52    205      7  302.9  316.9  303.7
  821.0   1817   15.1   -4.5     26   3.34    190     15  304.9  315.6  305.6
  818.0   1848   15.0   -5.0     25   3.24    188     14  305.2  315.5  305.8
  751.0   2563    9.9   -4.7     35   3.61    140      2  307.2  318.7  307.9
  732.0   2777    8.4   -4.6     39   3.73    176      7  307.8  319.7  308.5
  714.0   2982    7.0    2.0     70   6.23    212     12  308.4  327.9  309.6
  700.0   3145    6.0    0.0     65   5.50    240     16  309.1  326.4  310.1
  695.0   3204    6.0    0.0     65   5.54    242     16  309.7  327.2  310.8
  688.0   3287    7.0  -15.0     19   1.74    245     17  311.7  317.6  312.1
  685.0   3323    6.8  -15.2     19   1.72    246     17  311.9  317.7  312.2
  662.0   3604    8.6  -40.4      2   0.17    255     20  317.0  317.7  317.0
  649.0   3768    8.8  -22.2      9   1.00    260     21  319.0  322.6  319.2
  602.0   4384    5.6  -23.8     10   0.93    260     29  322.2  325.6  322.4
  569.0   4845    3.2  -25.0     11   0.89    275     32  324.6  327.9  324.8
  564.0   4917    2.8  -25.2     11   0.88    275     32  325.0  328.3  325.2
  520.0   5569   -2.1  -21.1     22   1.37    271     32  326.7  331.7  327.0
  510.0   5723   -3.1  -23.6     19   1.13    270     32  327.4  331.5  327.6
  500.0   5880   -4.1  -26.1     16   0.91    265     32  328.0  331.4  328.2
  475.0   6282   -6.5  -29.8     14   0.69    245     38  329.9  332.5  330.0
  461.0   6516   -7.9  -31.9     13   0.58    246     42  330.9  333.2  331.1
  418.0   7267  -14.9  -36.9     13   0.39    249     53  331.3  332.9  331.4
  415.0   7321  -13.9  -45.9      5   0.15    249     54  333.3  333.9  333.3
  406.0   7487  -14.8  -46.9      5   0.14    250     57  334.2  334.8  334.2
  400.0   7600  -15.5  -47.5      5   0.13    245     55  334.8  335.3  334.8
  376.0   8063  -19.7  -49.7      5   0.11    250     51  335.2  335.6  335.2
  317.0   9313  -25.9  -60.9      2   0.03    264     42  343.3  343.5  343.3
  313.0   9405  -26.6  -61.1      2   0.03    265     41  343.7  343.8  343.7
  300.0   9710  -28.7  -61.7      3   0.03    260     39  344.8  345.0  344.8
  250.0  10980  -40.7  -64.7      6   0.03    260     40  345.4  345.5  345.4
  227.0  11628  -46.9  -66.5      9   0.02    260     38  345.7  345.8  345.7
  224.0  11718  -47.7  -66.7      9   0.02    259     38  345.7  345.8  345.7
  205.0  12300  -50.9  -73.9      5   0.01    256     41  349.5  349.6  349.5
  200.0  12460  -52.3  -74.3      5   0.01    255     42  349.8  349.8  349.8
  170.0  13491  -59.9  -76.9      9   0.01    263     43  353.8  353.8  353.8
  150.0  14260  -65.5                         270     43  357.1         357.1
  148.0  14340  -66.2                         270     44  357.3         357.3
  139.0  14715  -69.2                         265     47  358.3         358.3
  128.0  15207  -73.3                         258     46  359.6         359.6
  124.0  15392  -73.3                         255     46  362.9         362.9
  117.0  15732  -73.3                         248     33  368.9         368.9
  114.0  15883  -74.1                         245     27  370.1         370.1
  110.0  16089  -75.3                         260     19  371.8         371.8
  107.0  16249  -76.2                         295     16  373.1         373.1
  106.0  16303  -76.4                         315     17  373.5         373.5
  104.0  16413  -77.0                         320     20  374.4         374.4
  100.0  16640  -78.3                         300     26  376.2         376.2
   99.8  16651  -78.3                         300     26  376.4         376.4
   98.0  16756  -78.2                         295     25  378.6         378.6
   95.0  16935  -78.0                         325     25  382.2         382.2
   90.0  17246  -77.8                         290     24  388.8         388.8
   87.0  17440  -77.6                         295     20  392.9         392.9
   84.0  17642  -77.4                         280     14  397.2         397.2
   81.0  17851  -77.2                         330     16  401.7         401.7
   78.0  18068  -77.0                         320     18  406.5         406.5
   75.0  18293  -76.8                         275     16  411.5         411.5
   73.0  18449  -76.7                         255     10  415.0         415.0
   70.2  18674  -76.5                         292      9  420.1         420.1
   70.0  18690  -76.5                         295      9  420.4         420.4
   68.0  18860  -74.6                         265     10  428.0         428.0
   66.0  19035  -72.7                         280     11  435.9         435.9
   62.7  19335  -69.3                         250     11  449.7         449.7
   56.0  20015  -66.9                         185     10  470.1         470.1
   55.0  20123  -66.5                         185     10  473.4         473.4
   54.0  20234  -66.1                         125      5  476.8         476.8
   53.0  20346  -65.7                          70      7  480.3         480.3
   52.6  20392  -65.5                          61      9  481.7         481.7
   51.0  20580  -65.1                          25     17  486.8         486.8
   50.0  20700  -64.9                         345     13  490.1         490.1
   44.7  21385  -63.9                         323      6  508.5         508.5
   42.0  21766  -65.0                         310      2  515.0         515.0
   41.7  21810  -65.1                         299      3  515.7         515.7
   38.0  22386  -61.4                         150     10  539.0         539.0
   36.0  22721  -59.2                          90     20  553.0         553.0
   35.0  22896  -58.1                          35     16  560.4         560.4
   34.0  23079  -57.9                           0     10  565.8         565.8
   33.0  23268  -57.6                           0      0  571.3         571.3
   31.0  23663  -57.0                         165     10  583.1         583.1
   30.5  23765  -56.9                         155     12  586.2         586.2
   30.0  23870  -57.3                         145     15  587.8         587.8
   29.0  24083  -57.8                         130     12  592.2         592.2
   28.8  24127  -57.9                         112     12  593.1         593.1
   28.0  24306  -57.0                          40     11  600.5         600.5
   27.0  24536  -55.7                         345     11  610.2         610.2
   26.2  24726  -54.7                         333      8  618.4         618.4
   26.0  24775  -54.8                         330      7  619.6         619.6
   24.0  25285  -55.2                         345     17  632.6         632.6
   23.0  25556  -55.5                         320     21  639.6         639.6
   22.9  25584  -55.5                         319     21  640.3         640.3
   22.0  25840  -54.7                         305     18  650.0         650.0
   21.0  26138  -53.8                         285      9  661.4         661.4
   20.0  26450  -52.9                         255      9  673.5         673.5
   19.0  26782  -52.2                         260     15  685.7         685.7
   17.1  27465  -50.7                         227     19  711.4         711.4
   17.0                                       225     19                     
