
-----------------------------------------------------------------------------
   PRES   HGHT   TEMP   DWPT   RELH   MIXR   DRCT   SKNT   THTA   THTE   THTV
    hPa     m      C      C      %    g/kg    deg   knot     K      K      K 
-----------------------------------------------------------------------------
 1018.0      5   27.0   20.0     66  14.68     90     10  298.6  341.6  301.2
 1012.0     58   25.0   19.0     69  13.86     87     10  297.1  337.4  299.6
 1000.0    163   24.0   19.2     75  14.21     80     10  297.1  338.4  299.7
  977.0    367   22.2   18.9     82  14.27     80     10  297.3  338.8  299.9
  938.0    721   19.2   16.3     83  12.58     80     10  297.8  334.4  300.0
  934.0    757   19.0   15.5     80  11.99     80     10  297.9  332.9  300.1
  931.0    785   19.4   13.4     68  10.48     80     10  298.6  329.4  300.5
  925.0    841   19.0   13.0     68  10.27     80     10  298.7  329.0  300.6
  911.0    971   17.8   12.7     72  10.24     80     10  298.8  328.9  300.6
  876.0   1306   14.6   12.0     84  10.15     72     10  298.8  328.7  300.7
  863.0   1432   14.2   11.3     83   9.83     68     10  299.7  328.8  301.5
  850.0   1561   16.8    4.8     45   6.38     65     10  303.7  323.2  304.9
  847.0   1591   17.2    3.2     39   5.72     64     10  304.5  322.1  305.5
  831.0   1754   18.0   -4.0     22   3.44     57     12  307.0  317.9  307.6
  825.0   1816   18.1   -3.3     23   3.65     55     13  307.7  319.4  308.4
  821.0   1857   18.2   -2.8     24   3.81     56     13  308.2  320.4  308.9
  799.0   2089   16.6   -1.4     29   4.34     59     10  308.9  322.7  309.8
  796.0   2121   16.6   -1.7     29   4.27     60     10  309.2  322.8  310.0
  776.0   2337   16.4   -3.6     25   3.79     22      4  311.3  323.6  312.0
  765.0   2458   15.5   -4.0     26   3.73      0      0  311.6  323.7  312.3
  731.0   2841   12.6   -5.4     28   3.51    350      1  312.5  324.0  313.2
  723.0   2934   13.2  -22.8      7   0.85    347      1  314.1  317.2  314.3
  700.0   3204   11.2   -6.8     28   3.30    340      2  314.9  325.7  315.5
  698.0   3228   11.0   -6.0     30   3.52    338      2  314.9  326.5  315.6
  692.0   3300   10.2    1.2     54   6.07    333      3  314.8  334.2  315.9
  658.0   3717    7.2    1.2     66   6.38    300      8  316.0  336.4  317.2
  648.0   3843    6.7    0.4     64   6.13    290     10  316.8  336.5  317.9
  631.0   4061    5.8   -0.9     62   5.72    280     10  318.1  336.7  319.2
  617.0   4245    5.0   -2.0     61   5.38    288     10  319.3  336.9  320.3
  597.0   4514    4.0   -7.0     45   3.81    299     10  321.2  333.9  321.9
  565.0   4960    0.6   -8.4     51   3.61    317     10  322.2  334.4  323.0
  548.0   5204   -1.3  -12.3     43   2.73    328     10  322.8  332.2  323.4
  536.0   5380   -2.5  -11.8     49   2.91    335     10  323.4  333.4  324.0
  534.0   5410   -2.7  -11.7     50   2.94    339     10  323.5  333.6  324.1
  520.0   5620   -3.9  -15.9     39   2.14      8     11  324.6  332.1  325.0
  514.0   5712   -3.6  -30.5     10   0.59     20     12  326.0  328.2  326.1
  508.0   5805   -3.3  -45.3      2   0.13     31     12  327.5  328.0  327.5
  500.0   5930   -4.1  -47.1      2   0.11     45     12  328.0  328.4  328.0
  490.0   6087   -5.1  -48.3      2   0.10     60     13  328.6  329.1  328.7
  445.0   6838   -9.9  -53.9      1   0.06     72     20  331.8  332.0  331.8
  404.0   7574  -15.9  -60.8      1   0.03     85     27  333.3  333.4  333.3
  400.0   7650  -16.5  -61.5      1   0.02     80     27  333.5  333.6  333.5
  375.0   8120  -20.5  -62.6      1   0.02     80     24  334.4  334.5  334.4
  343.0   8769  -26.0  -64.2      1   0.02    110     17  335.5  335.6  335.5
  309.0   9529  -32.5  -66.1      2   0.02    110     10  336.6  336.7  336.6
  305.0   9624  -33.3  -66.3      2   0.02    103     10  336.7  336.8  336.7
  300.0   9740  -34.1  -68.1      2   0.01     95      9  337.2  337.3  337.2
  289.0   9998  -36.0  -68.0      2   0.01     90      6  338.1  338.2  338.1
  284.0  10119  -36.9  -67.9      3   0.01     96      8  338.5  338.6  338.5
  277.0  10291  -37.1  -71.1      2   0.01    105     10  340.6  340.7  340.6
  270.0  10467  -37.3  -74.3      1   0.01    101     14  342.9  342.9  342.9
  250.0  10990  -41.9  -73.9      2   0.01     90     27  343.6  343.7  343.6
  249.0  11017  -42.1  -75.1      2   0.01     89     27  343.7  343.8  343.7
  243.0  11179  -43.2  -75.4      2   0.01     85     28  344.5  344.5  344.5
  225.0  11689  -46.7  -76.5      2   0.01     85     23  346.8  346.8  346.8
  213.0  12052  -49.2  -77.2      2   0.00    100     14  348.3  348.4  348.3
  202.0  12404  -51.6  -78.0      3   0.00    100     17  349.8  349.9  349.8
  200.0  12470  -52.1  -78.1      3   0.00    105     18  350.1  350.1  350.1
  182.0  13071  -56.3  -80.2      3   0.00    130     24  352.8  352.8  352.8
  168.0  13581  -59.9  -81.9      4   0.00    126     24  355.0  355.0  355.0
  153.0  14159  -64.7                         121     25  356.4         356.4
  150.0  14280  -65.3                         120     25  357.4         357.4
  138.0  14774  -67.5                         120     29  362.1         362.1
  124.0  15407  -70.4                         120     42  368.2         368.2
  106.0  16335  -74.5                          90     24  377.1         377.1
  100.0  16680  -76.1                          90     30  380.4         380.4
   89.0  17344  -78.5                         105     32  388.4         388.4
   85.0  17606  -79.5                          90     37  391.6         391.6
   81.0  17881  -80.5                          80     33  395.0         395.0
   80.3  17930  -80.7                          81     32  395.6         395.6
   73.0  18472  -78.5                          95     19  411.2         411.2
   70.0  18710  -77.5                         105     21  418.3         418.3
   61.4  19468  -73.5                          90     29  443.1         443.1
   59.0  19704  -70.1                          85     31  455.8         455.8
   58.7  19734  -69.7                                     457.4         457.4
