
-----------------------------------------------------------------------------
   PRES   HGHT   TEMP   DWPT   RELH   MIXR   DRCT   SKNT   THTA   THTE   THTV
    hPa     m      C      C      %    g/kg    deg   knot     K      K      K 
-----------------------------------------------------------------------------
 1023.0      5   16.8   11.8     72   8.56    270      5  288.1  312.3  289.6
 1006.0    145   15.0   10.6     75   8.03    323      9  287.7  310.4  289.1
 1002.0    178   15.0   10.3     74   7.92    335     10  288.0  310.4  289.4
 1000.0    195   15.0   10.2     73   7.87    335     11  288.1  310.5  289.5
  985.0    323   16.2    9.2     63   7.46    337     17  290.6  312.1  291.9
  968.0    471   15.2    9.2     68   7.60    340     24  291.0  312.8  292.3
  953.0    604   14.2    9.2     72   7.72    340     20  291.3  313.5  292.7
  929.0    819   15.4  -11.6     14   1.70    340     13  294.7  300.1  295.0
  925.0    856   15.2   -5.8     23   2.69    340     12  294.8  303.1  295.3
  911.0    985   14.2    3.2     48   5.31    340      9  295.1  310.9  296.1
  901.0   1078   13.4    2.8     49   5.23    340      7  295.2  310.8  296.2
  885.0   1229   12.2    2.2     50   5.09    347      9  295.5  310.7  296.4
  877.0   1305   11.9    0.8     46   4.63    350     10  295.9  309.8  296.8
  850.0   1566   10.8   -4.2     35   3.31     20     11  297.4  307.6  298.0
  843.0   1635   10.8   -4.2     35   3.34     23     12  298.1  308.4  298.8
  840.0   1665   10.9   -5.9     30   2.94     25     13  298.5  307.6  299.1
  815.0   1916   11.4  -20.6      9   0.92    349     12  301.7  304.8  301.8
  812.0   1947   11.3  -21.1      9   0.88    345     12  301.9  304.9  302.1
  792.0   2154   10.8  -24.5      7   0.67    345     11  303.5  305.8  303.6
  780.0   2281   10.4  -26.6      6   0.56    354     10  304.4  306.4  304.5
  773.0   2356   10.1  -24.1      7   0.71      0     10  304.8  307.3  305.0
  748.0   2628    8.8  -15.2     17   1.58    358      8  306.3  311.6  306.6
  746.0   2650    8.6   -7.4     31   2.95    358      7  306.4  315.8  306.9
  700.0   3174    6.4  -14.6     21   1.77    355      3  309.5  315.5  309.9
  698.0   3197    6.2  -14.8     21   1.75    353      3  309.6  315.4  309.9
  652.0   3750    1.7  -17.4     23   1.50    310      1  310.6  315.6  310.9
  625.0   4092   -1.1  -19.1     24   1.36    293      7  311.1  315.8  311.4
  612.0   4259   -1.7  -23.2     18   0.97    285     10  312.3  315.7  312.5
  592.0   4524   -2.7  -29.7     10   0.55    285     14  314.1  316.2  314.3
  591.0   4537   -2.8  -29.7     11   0.55    285     14  314.2  316.2  314.3
  557.0   5003   -6.9  -30.8     13   0.53    250     16  314.8  316.7  314.9
  547.0   5145   -8.1  -31.1     14   0.52    250     16  314.9  316.8  315.0
  527.0   5435   -8.7  -37.7      8   0.28    285     20  317.6  318.6  317.6
  524.0   5479   -9.1  -37.8      8   0.28    290     21  317.6  318.7  317.6
  500.0   5840  -12.5  -38.5      9   0.28    275     19  317.7  318.8  317.8
  499.0   5855  -12.6  -38.5      9   0.28    270     19  317.8  318.9  317.9
  487.0   6040  -13.7  -38.7     10   0.28    263     26  318.7  319.7  318.7
  482.0   6117  -14.0  -38.6     11   0.28    260     29  319.2  320.3  319.3
  466.0   6372  -15.1  -38.1     12   0.31    265     37  321.0  322.1  321.0
  451.0   6615  -17.3  -38.2     14   0.32    270     45  321.2  322.5  321.3
  431.0   6953  -20.3  -38.3     18   0.33    272     45  321.6  322.9  321.6
  425.0   7056  -20.1  -49.1      6   0.10    272     45  323.1  323.6  323.1
  400.0   7500  -23.9  -50.9      6   0.09    275     44  323.8  324.2  323.9
  397.0   7554  -24.4  -51.0      7   0.09    275     43  323.9  324.3  323.9
  338.0   8698  -34.3  -53.8     12   0.08    260     49  325.6  325.9  325.6
  320.0   9087  -37.7  -54.7     15   0.07    255     61  326.1  326.4  326.1
  303.0   9462  -40.4  -49.0     39   0.15    250     72  327.4  328.0  327.4
  300.0   9530  -40.9  -47.9     47   0.17    250     74  327.6  328.3  327.6
  294.0   9667  -42.3  -48.3     52   0.16    253     77  327.5  328.2  327.6
  291.0   9736  -42.7  -48.7     52   0.16    254     79  327.9  328.6  327.9
  287.0   9830  -40.7  -59.7     11   0.04    256     81  332.1  332.2  332.1
  272.0  10196  -39.5  -68.5      3   0.01    262     90  338.9  339.0  338.9
  266.0  10348  -40.2  -69.5      3   0.01    265     94  340.1  340.2  340.1
  250.0  10770  -42.1  -72.1      2   0.01    270    104  343.3  343.4  343.3
  242.0  10987  -43.6  -72.4      3   0.01    270    107  344.3  344.3  344.3
  219.0  11653  -48.2  -73.3      4   0.01    265    113  347.1  347.2  347.1
  213.0  11838  -49.5  -73.5      4   0.01    263    111  347.9  347.9  347.9
  200.0  12250  -51.3  -76.3      4   0.01    260    105  351.4  351.4  351.4
  197.0  12348  -51.5  -77.1      3   0.01    260     99  352.5  352.6  352.6
  184.0  12791  -52.5  -80.5      2   0.00    271     85  357.9  357.9  357.9
  179.0  12966  -54.0  -81.0      2   0.00    275     79  358.3  358.4  358.3
  170.0  13294  -56.7  -81.9      3   0.00    285     86  359.1  359.1  359.1
  160.0  13679  -59.9  -82.9      3   0.00    281     91  360.0  360.0  360.0
  158.0  13758  -60.5                         280     92  360.3         360.3
  150.0  14080  -62.9                         275     92  361.5         361.5
  138.0  14589  -65.7                         278     86  365.3         365.3
  136.0  14677  -63.9                         279     85  370.0         370.0
  131.0  14903  -65.4                         280     83  371.4         371.4
  119.0  15481  -69.1                         260     76  374.9         374.9
  116.0  15635  -70.1                         260     65  375.8         375.8
  108.0  16061  -69.0                         265     42  385.5         385.5
  100.0  16520  -67.9                         265     44  396.3         396.3
   95.0  16827  -69.1                         265     34  399.8         399.8
   91.0  17084  -70.1                         290     30  402.8         402.8
   86.2  17408  -71.3                         265     33  406.6         406.6
   82.0  17704  -71.3                         250     30  412.4         412.4
   81.0  17777  -71.3                         258     29  413.9         413.9
   77.0  18080  -67.2                         290     23  428.4         428.4
   76.9  18088  -67.1                         289     23  428.8         428.8
   73.0  18404  -65.6                         265     16  438.3         438.3
   71.1  18565  -64.9                         284     16  443.2         443.2
   70.0  18660  -65.5                         295     16  443.9         443.9
   69.0  18747  -65.7                         300     17  445.3         445.3
   65.4  19072  -66.5                         285     15  450.4         450.4
   61.0  19497  -63.7                         265     13  465.7         465.7
   58.0  19807  -63.3                         250     11  473.3         473.3
   57.0  19914  -63.2                         270     10  475.9         475.9
   56.0  20023  -63.1                         300     12  478.6         478.6
   53.0  20361  -62.7                         275     10  487.1         487.1
   50.0  20720  -62.3                         295     17  496.2         496.2
   49.0  20846  -62.0                         275     10  499.7         499.7
   47.0  21107  -61.5                         320     13  506.9         506.9
   46.0  21241  -61.3                         320     16  510.7         510.7
   45.0  21379  -61.0                         275     18  514.5         514.5
   43.0  21663  -60.5                         280      7  522.6         522.6
   41.0  21961  -59.9                         245     13  531.2         531.2
   40.0  22115  -59.6                         260     10  535.8         535.8
   36.0  22773  -58.3                           0      0  555.5         555.5
   34.9  22967  -57.9                          19      5  561.4         561.4
   34.0  23132  -58.6                          35     10  563.6         563.6
   33.0  23319  -59.5                          10     14  566.2         566.2
   32.1  23493  -60.3                         343     11  568.6         568.6
   32.0  23512  -60.0                         340     11  569.9         569.9
   31.0  23712  -57.1                         345     16  582.9         582.9
   30.0  23920  -56.9                         350     21  588.9         588.9
   28.0  24357  -56.8                         330     15  601.0         601.0
   27.0  24587  -56.7                         345     17  607.4         607.4
   26.5  24706  -56.7                         335     17  610.7         610.7
   25.0  25082  -55.2                         305     18  625.4         625.4
   22.0  25906  -51.8                         325     19  658.7         658.7
   21.0  26205  -50.6                         325     15  671.2         671.2
   20.0  26520  -49.3                         305     13  684.5         684.5
   19.2  26789  -47.5                         273     11  698.1         698.1
   19.0  26858  -47.6                         265     11  700.0         700.0
   18.0  27214  -47.9                         290     18  709.8         709.8
   17.0  27591  -48.3                         255     18  720.4         720.4
   16.9  27630  -48.3                                     721.5         721.5
