
-----------------------------------------------------------------------------
   PRES   HGHT   TEMP   DWPT   RELH   MIXR   DRCT   SKNT   THTA   THTE   THTV
    hPa     m      C      C      %    g/kg    deg   knot     K      K      K 
-----------------------------------------------------------------------------
 1015.0      5   26.8   18.8     62  13.64     95      4  298.7  338.6  301.1
 1007.0     76   24.6   16.6     61  11.94     98      6  297.2  331.9  299.3
 1000.0    138   24.2   18.2     69  13.33    100      7  297.4  336.1  299.7
  958.0    511   20.6   17.0     80  12.89    104      7  297.4  334.9  299.7
  947.0    611   19.9   15.9     78  12.14    105      7  297.7  333.1  299.8
  945.0    629   19.8   15.7     77  12.01    105      7  297.7  332.8  299.9
  925.0    813   18.4   14.7     79  11.49    100      8  298.1  331.8  300.2
  903.0   1019   16.6   13.7     83  11.03    105      9  298.3  330.6  300.3
  886.0   1181   16.2   10.2     68   8.89    109     10  299.5  325.9  301.1
  882.0   1220   16.4    8.4     59   7.92    110     10  300.1  323.8  301.6
  872.0   1317   17.0    4.0     42   5.88    107     13  301.7  319.6  302.8
  863.0   1405   20.0  -19.0      6   0.99    103     16  305.8  309.1  305.9
  854.0   1496   21.4  -27.6      3   0.47    100     19  308.1  309.8  308.2
  853.0   1506   21.4  -27.6      3   0.47    100     19  308.2  309.9  308.3
  850.0   1536   21.2  -27.8      2   0.46    100     20  308.3  310.0  308.4
  829.0   1751   20.4  -28.6      2   0.44    107     24  309.7  311.3  309.8
  809.0   1961   18.8   -1.2     26   4.35    113     28  310.2  324.1  311.0
  799.0   2068   19.2   -6.8     17   2.89    116     30  311.7  321.2  312.2
  773.0   2351   18.6    3.6     37   6.45    125     36  314.0  334.6  315.2
  700.0   3193   12.4    2.4     50   6.54    140     37  316.2  337.2  317.4
  674.0   3509    9.4    1.9     59   6.56    140     40  316.2  337.3  317.5
  669.0   3571    8.8    1.8     61   6.56    140     40  316.3  337.3  317.5
  638.0   3964    6.6   -1.4     57   5.44    142     39  318.1  335.8  319.1
  627.0   4107    6.8   -8.2     33   3.30    143     38  319.9  331.0  320.5
  574.0   4827    1.8   -7.2     51   3.90    146     37  322.2  335.3  323.0
  567.0   4926    2.0  -10.0     41   3.17    146     36  323.6  334.4  324.2
  507.0   5819   -4.1  -14.4     45   2.49    150     34  326.6  335.4  327.1
  500.0   5930   -4.9  -14.9     45   2.42    150     34  327.0  335.5  327.5
  489.0   6105   -5.9  -14.9     49   2.47    155     32  327.9  336.6  328.4
  476.0   6315   -7.5  -17.3     45   2.08    160     30  328.5  335.9  328.9
  474.0   6348   -7.7  -17.7     45   2.02    159     30  328.6  335.8  329.0
  468.0   6447   -8.5  -19.5     41   1.75    156     28  328.8  335.1  329.1
  442.0   6889   -9.7  -29.7     18   0.74    144     21  332.7  335.5  332.8
  433.0   7045  -10.9  -31.1     17   0.66    140     19  333.1  335.7  333.2
  400.0   7650  -15.5  -36.5     15   0.42    135     22  334.8  336.4  334.8
  367.0   8290  -20.8  -43.1     12   0.23    140     25  336.1  337.1  336.1
  352.0   8600  -23.3  -46.3     10   0.17    146     26  336.7  337.4  336.7
  321.0   9268  -28.5  -42.5     25   0.28    160     28  338.5  339.6  338.6
  315.0   9403  -29.5  -56.5      5   0.06    163     28  338.9  339.2  338.9
  311.0   9494  -29.9  -44.9     22   0.23    165     28  339.6  340.6  339.6
  300.0   9750  -31.3  -53.3     10   0.09    170     29  341.1  341.5  341.2
  295.0   9868  -32.3  -54.3      9   0.08    170     29  341.4  341.8  341.4
  271.0  10464  -37.1  -59.1      8   0.05    170     21  342.8  343.0  342.8
  250.0  11020  -39.5  -63.5      6   0.03    170     14  347.2  347.3  347.2
  248.0  11075  -39.7  -64.5      5   0.03    170     13  347.6  347.8  347.6
  245.0  11158  -40.1  -66.1      5   0.02    163     12  348.3  348.4  348.3
  242.0  11240  -40.8  -66.6      5   0.02    155     10  348.5  348.6  348.5
  229.0  11608  -44.0  -69.0      5   0.02    125     14  349.1  349.2  349.1
  203.0  12411  -51.0  -74.2      5   0.01    120     17  350.3  350.3  350.3
  200.0  12510  -51.9  -74.9      5   0.01    120     18  350.4  350.5  350.4
  185.0  13009  -56.1  -72.1     12   0.01    141     21  351.5  351.6  351.5
  182.0  13112  -56.8  -73.2     11   0.01    145     22  352.0  352.0  352.0
  170.0  13541  -59.9  -77.9      8   0.01    147     24  353.8  353.8  353.8
  150.0  14310  -65.5                         150     27  357.1         357.1
  148.0  14392  -66.1                         150     28  357.4         357.4
  138.0  14803  -68.7                         150     32  360.0         360.0
  105.0  16411  -78.9                         133     17  369.9         369.9
  103.0  16521  -76.9                         132     16  375.7         375.7
  100.0  16690  -78.5                         130     14  375.8         375.8
   93.0  17100  -80.8                         175     11  379.1         379.1
   90.0  17285  -81.9                         165     17  380.5         380.5
   88.9  17355  -82.3                         155     20  381.1         381.1
   81.0  17877  -81.5                          95     21  393.0         393.0
   79.3  17996  -81.3                          95     19  395.8         395.8
   78.0  18091  -80.4                          95     17  399.5         399.5
   73.0  18470  -76.8                         130     28  414.8         414.8
   70.0  18710  -74.5                         125     37  424.7         424.7
   69.0  18793  -74.4                         120     38  426.6         426.6
   59.0  19701  -73.8                         110     38  447.6         447.6
   58.1  19790  -73.7                         106     38  449.7         449.7
   55.0  20112  -72.5                          90     40  459.6         459.6
   51.0  20554  -70.8                          70     36  473.7         473.7
   50.0  20670  -70.3                          70     33  477.4         477.4
   48.0  20913  -70.0                          75     26  483.8         483.8
   47.6  20963  -69.9                          78     25  485.1         485.1
   45.0  21302  -67.2                         100     17  499.4         499.4
   43.0  21577  -65.1                         110     20  511.3         511.3
   42.3  21676  -64.3                         110     21  515.6         515.6
   39.3  22126  -65.3                         110     26  524.0         524.0
   39.0  22174  -65.0                         110     26  526.1         526.1
   36.0  22675  -61.3                          95     31  547.6         547.6
   32.0  23413  -55.9                         110     36  580.7         580.7
   30.6  23693  -53.9                         100     42  593.7         593.7
   30.0  23820  -53.9                          95     44  597.1         597.1
   29.0  24040  -53.1                          85     36  605.1         605.1
   27.0  24503  -51.5                          85     47  622.2         622.2
   24.6  25107  -49.3                          69     46  645.2         645.2
   24.0  25268  -49.9                          65     46  648.0         648.0
   22.9  25574  -51.1                          66     45  653.2         653.2
   20.0  26460  -48.1                          70     44  688.2         688.2
   18.2  27083  -47.1                          79     40  710.1         710.1
   18.0                                        80     39                     
