
-----------------------------------------------------------------------------
   PRES   HGHT   TEMP   DWPT   RELH   MIXR   DRCT   SKNT   THTA   THTE   THTV
    hPa     m      C      C      %    g/kg    deg   knot     K      K      K 
-----------------------------------------------------------------------------
 1017.0      5   26.4   19.4     65  14.15    120      9  298.1  339.4  300.6
 1012.0     48   24.6   15.6     57  11.13    127      9  296.7  329.2  298.7
 1000.0    153   23.6   16.6     65  12.02    145      9  296.8  331.7  298.9
  925.0    828   17.6   16.1     91  12.60    140     11  297.3  334.0  299.6
  923.0    847   17.4   15.8     90  12.38    140     11  297.3  333.3  299.5
  917.0    902   18.0   12.0     68   9.69    140     11  298.4  327.0  300.2
  914.0    930   17.8   12.0     69   9.73    140     11  298.5  327.2  300.3
  864.0   1410   14.4   12.2     87  10.43    132      7  299.8  330.6  301.7
  850.0   1548   14.4   10.6     78   9.53    130      6  301.2  329.6  302.9
  847.0   1578   14.4   10.0     75   9.20    130      5  301.5  329.0  303.2
  817.0   1883   14.2    4.2     51   6.37    166      9  304.4  323.9  305.6
  806.0   1997   13.3    3.0     50   5.91    180     10  304.6  322.8  305.7
  780.0   2273   11.0    0.0     47   4.93    195     11  305.1  320.4  306.0
  700.0   3163    2.8   -3.2     65   4.34    245     13  305.6  319.1  306.4
  681.0   3385    0.8   -3.4     73   4.39    261     11  305.7  319.5  306.6
  676.0   3445    2.8  -18.2     20   1.36    265     10  308.6  313.2  308.9
  673.0   3481    3.6  -25.4     10   0.72    264     10  309.9  312.5  310.0
  638.0   3908    0.8  -30.5      8   0.48    250     10  311.5  313.2  311.6
  609.0   4280   -1.7  -34.9      6   0.33    270     13  312.8  314.0  312.9
  584.0   4615   -3.9  -38.9      5   0.23    260     15  314.0  314.8  314.0
  579.0   4683   -3.1  -48.1      2   0.09    258     15  315.7  316.0  315.7
  572.0   4778   -3.6  -48.9      2   0.08    255     16  316.2  316.5  316.2
  532.0   5347   -6.5  -53.8      1   0.05    270     19  319.3  319.5  319.3
  519.0   5541   -7.5  -55.5      1   0.04    268     20  320.4  320.6  320.4
  500.0   5830   -9.9  -54.9      1   0.04    265     21  320.9  321.1  320.9
  400.0   7510  -23.1  -47.1      9   0.14    265     31  324.9  325.4  324.9
  394.0   7621  -24.3  -49.3      8   0.11    264     32  324.7  325.2  324.7
  389.0   7714  -23.9  -51.9      6   0.08    264     32  326.4  326.8  326.4
  357.0   8324  -28.7  -55.0      6   0.06    260     36  328.1  328.4  328.2
  300.0   9560  -38.3  -61.3      7   0.03    280     45  331.3  331.4  331.3
  295.0   9675  -39.0  -62.0      7   0.03    285     45  331.9  332.0  331.9
  280.0  10032  -41.1  -64.1      7   0.02    291     56  333.8  333.9  333.8
  274.0  10180  -40.5  -64.5      6   0.02    294     60  336.8  336.9  336.8
  260.0  10535  -42.6  -67.1      5   0.02    300     71  338.8  338.9  338.8
  250.0  10800  -44.1  -69.1      5   0.01    300     73  340.4  340.4  340.4
  212.0  11886  -49.1  -77.1      2   0.01    300     78  349.0  349.0  349.0
  200.0  12270  -50.9  -79.9      2   0.00    300     76  352.0  352.0  352.0
  161.0  13658  -57.9  -88.4      1   0.00    295     54  362.8  362.8  362.8
  151.0  14068  -59.9  -90.9      1   0.00    304     59  366.0  366.0  366.0
  150.0  14110  -60.5                         305     59  365.6         365.6
  146.0  14273  -61.5                         310     61  366.7         366.7
  138.0  14613  -63.7                         300     67  368.9         368.9
  133.0  14836  -65.0                         290     63  370.3         370.3
  111.0  15927  -71.9                         290     37  377.1         377.1
  100.0  16540  -71.1                         295     25  390.1         390.1
   95.0  16845  -70.9                         275     22  396.2         396.2
   88.9  17239  -70.7                         290     17  404.2         404.2
   87.0  17366  -71.5                         295     15  405.1         405.1
   78.0  18008  -75.5                         270     10  409.8         409.8
   77.5  18046  -75.7                         270     10  410.0         410.0
   72.0  18475  -73.8                         285      1  422.7         422.7
   70.0  18640  -73.1                         355      6  427.7         427.7
   59.0  19646  -71.1                          70     10  453.5         453.5
   56.8  19869  -70.7                          66     14  459.4         459.4
   56.0  19955  -69.6                          65     15  463.8         463.8
   53.0  20286  -65.3                          90     16  481.0         481.0
   51.9  20413  -63.7                          88     16  487.7         487.7
   50.0  20640  -65.7                          85     17  488.2         488.2
   49.4  20713  -66.3                          88     17  488.5         488.5
   48.0  20890  -65.3                          95     17  494.8         494.8
   45.0  21286  -63.2                          75     18  509.2         509.2
   42.5  21637  -61.3                          87     20  522.3         522.3
   42.0  21710  -61.6                          90     21  523.4         523.4
   41.0  21860  -62.1                          70     21  525.8         525.8
   40.2  21982  -62.5                          73     22  527.7         527.7
   34.0  23032  -58.4                         100     27  564.3         564.3
   31.2  23571  -56.3                         100     29  584.0         584.0
   30.0  23820  -56.5                         100     30  590.0         590.0
   28.4  24167  -56.9                          96     33  598.2         598.2
   25.1  24959  -51.7                          88     40  634.6         634.6
   24.0  25251  -51.2                          85     42  644.2         644.2
   21.0  26122  -49.8                          80     37  673.5         673.5
   20.0  26440  -49.3                          85     34  684.5         684.5
   19.0  26777  -48.8                          90     37  696.1         696.1
   18.4  26987  -48.5                                     703.5         703.5
