
-----------------------------------------------------------------------------
   PRES   HGHT   TEMP   DWPT   RELH   MIXR   DRCT   SKNT   THTA   THTE   THTV
    hPa     m      C      C      %    g/kg    deg   knot     K      K      K 
-----------------------------------------------------------------------------
 1016.0      5   26.6   16.6     54  11.83      5      5  298.4  333.1  300.5
 1012.0     38   24.8   14.8     54  10.56      5      6  296.9  327.8  298.8
 1003.0    114   25.0   17.0     61  12.30      5      7  297.9  333.8  300.1
 1000.0    139   24.8   16.8     61  12.18      5      8  297.9  333.6  300.1
  965.0    450   20.8   15.8     73  11.83    347      9  297.0  331.4  299.1
  929.0    778   17.8   15.1     84  11.75    327     10  297.1  331.4  299.2
  925.0    815   17.6   14.8     84  11.57    325     10  297.3  331.0  299.4
  915.0    907   17.1   13.9     81  11.02    325     10  297.7  330.0  299.7
  895.0   1095   16.1   12.1     77   9.98    320     11  298.6  328.0  300.4
  850.0   1533   13.8    7.8     67   7.87    345     15  300.6  324.1  302.0
  842.0   1613   13.4    8.2     71   8.18    350     14  301.0  325.5  302.5
  837.0   1663   13.2    8.5     73   8.39    347     14  301.3  326.4  302.8
  829.0   1744   13.4    6.4     63   7.32    341     13  302.3  324.4  303.7
  780.0   2255   10.0    5.0     71   7.06    305     10  304.0  325.5  305.3
  773.0   2330    9.7    4.3     69   6.78    300     10  304.4  325.1  305.7
  730.0   2804    7.8   -0.2     57   5.19    323     11  307.4  323.6  308.4
  727.0   2838    7.5   -0.3     58   5.18    325     11  307.4  323.6  308.4
  700.0   3149    4.8   -1.2     65   5.03    325     12  307.8  323.6  308.7
  660.0   3623    1.3   -2.4     76   4.87    315     17  309.0  324.4  309.9
  624.0   4074   -2.1   -3.6     89   4.72    300     21  310.1  325.1  311.0
  607.0   4293   -3.5   -6.9     77   3.77    293     23  311.0  323.1  311.7
  600.0   4385   -1.9  -29.9     10   0.54    290     24  313.9  315.8  314.0
  590.0   4518   -2.7  -34.4      7   0.35    285     25  314.4  315.7  314.5
  565.0   4859   -4.9  -45.9      2   0.11    288     29  315.8  316.2  315.8
  551.0   5055   -5.9  -43.8      3   0.14    290     31  316.9  317.5  316.9
  505.0   5733   -9.2  -36.5      9   0.34    320     34  320.8  322.1  320.9
  504.0   5749   -9.3  -36.3      9   0.34    320     34  320.9  322.2  321.0
  500.0   5810   -9.9  -39.9      7   0.24    320     33  320.9  321.8  320.9
  473.0   6233  -13.8  -39.4     10   0.27    315     27  321.3  322.3  321.3
  452.0   6579  -16.9  -38.9     13   0.29    289     31  321.5  322.6  321.6
  449.0   6629  -17.1  -41.6     10   0.22    285     32  321.9  322.8  321.9
  428.0   6988  -18.3  -61.3      1   0.02    285     33  324.8  324.9  324.8
  400.0   7490  -22.5  -50.5      6   0.09    285     35  325.7  326.1  325.7
  300.0   9530  -39.3  -64.3      5   0.02    295     42  329.9  330.0  329.9
  288.0   9807  -41.7  -65.4      6   0.02    295     42  330.4  330.4  330.4
  281.0   9973  -43.1  -66.1      6   0.02    293     44  330.6  330.7  330.6
  250.0  10750  -48.1  -74.1      3   0.01    285     56  334.4  334.5  334.4
  240.0  11017  -49.6  -74.3      4   0.01    285     57  336.1  336.1  336.1
  223.0  11498  -52.4  -74.7      5   0.01    290     69  339.0  339.0  339.0
  221.0  11557  -52.7  -74.7      5   0.01    289     69  339.3  339.4  339.3
  200.0  12200  -55.1  -85.1      1   0.00    280     66  345.4  345.4  345.4
  169.0  13262  -59.9  -85.9      2   0.00    280     72  354.4  354.4  354.4
  150.0  14000  -63.1                         280     64  361.2         361.2
  137.0  14554  -65.3                         275     60  366.7         366.7
  134.0  14690  -65.9                         273     54  368.0         368.0
  129.0  14921  -65.5                         270     44  372.9         372.9
  124.0  15162  -65.0                         295     33  377.9         377.9
  123.0  15212  -64.9                         298     33  379.0         379.0
  121.0  15310  -65.3                         305     34  380.0         380.0
  112.0  15777  -67.2                         305     48  384.9         384.9
  102.0  16342  -69.5                         295     37  391.0         391.0
  100.0  16460  -69.3                         300     35  393.6         393.6
   88.0  17223  -70.0                         290     15  406.8         406.8
   86.0  17360  -70.1                         300     11  409.2         409.2
   84.0  17501  -70.3                         325     16  411.7         411.7
   83.6  17529  -70.3                         324     17  412.2         412.2
   81.0  17719  -69.0                         320     23  418.6         418.6
   77.0  18023  -66.9                         280     10  429.1         429.1
   75.0  18182  -67.2                         295      3  431.7         431.7
   73.2  18329  -67.5                         262      3  434.1         434.1
   71.1  18505  -65.9                         221      4  441.1         441.1
   70.0  18600  -66.3                         200      4  442.2         442.2
   67.0  18865  -67.0                         120      2  446.3         446.3
   64.8  19067  -67.5                         120      6  449.4         449.4
   63.0  19238  -64.8                         120     10  458.9         458.9
   62.5  19287  -64.1                         120     13  461.6         461.6
   62.0  19336  -64.3                         120     16  462.3         462.3
   60.0  19536  -65.0                         105     21  465.1         465.1
   57.0  19848  -66.0                          65     16  469.6         469.6
   56.8  19870  -66.1                          66     16  469.9         469.9
   54.0  20179  -64.8                          80     14  479.6         479.6
   52.0  20410  -63.9                          85     17  487.0         487.0
   50.0  20650  -62.9                          70     27  494.8         494.8
   49.0  20775  -62.4                          65     28  498.8         498.8
   47.0  21033  -61.4                          45     22  507.2         507.2
   46.0  21167  -60.9                          45     17  511.6         511.6
   45.0  21303  -60.4                          55     16  516.1         516.1
   44.1  21428  -59.9                          82     21  520.2         520.2
   44.0  21442  -60.0                          85     22  520.4         520.4
   42.5  21658  -60.9                          85     25  523.3         523.3
   40.0  22038  -60.2                          85     30  534.1         534.1
   35.0  22874  -58.8                          80     21  558.6         558.6
   34.0  23056  -58.5                          95     19  564.1         564.1
   32.0  23436  -57.8                          80     21  575.8         575.8
   30.0  23840  -57.1                          80     18  588.4         588.4
   28.5  24165  -55.7                          99     22  600.9         600.9
   28.0  24277  -55.9                         105     23  603.5         603.5
   25.0  24995  -57.1                         102     32  619.9         619.9
   23.0  25526  -55.0                         100     39  641.0         641.0
   21.2  26046  -52.9                          85     33  662.4         662.4
   20.0  26420  -53.5                          75     29  671.7         671.7
   19.0  26749  -53.8                          65     27  680.6         680.6
   18.7  26852  -53.9                          64     26  683.4         683.4
   16.0  27864  -49.3                          55     17  729.7         729.7
   15.8  27946  -48.9                                     733.5         733.5
