
-----------------------------------------------------------------------------
   PRES   HGHT   TEMP   DWPT   RELH   MIXR   DRCT   SKNT   THTA   THTE   THTV
    hPa     m      C      C      %    g/kg    deg   knot     K      K      K 
-----------------------------------------------------------------------------
 1015.0      5   25.2   16.2     57  11.54      0     12  297.1  330.7  299.1
 1009.0     58   22.8   14.8     61  10.59      0     12  295.2  325.9  297.1
 1000.0    137   22.2   15.2     65  10.97      0     12  295.4  327.1  297.3
  967.0    426   19.5   14.1     71  10.58    350     12  295.5  326.2  297.4
  925.0    808   16.0   12.7     81  10.07    340     19  295.7  324.9  297.4
  919.0    863   15.7   12.2     80   9.79    340     19  295.9  324.4  297.6
  910.0    947   15.2   11.4     78   9.38    341     18  296.2  323.6  297.9
  895.0   1089   17.8   -8.2     16   2.31    343     15  300.3  307.7  300.7
  879.0   1242   17.2   -5.6     21   2.88    345     13  301.3  310.4  301.8
  855.0   1478   16.4   -1.6     29   4.00    320     11  302.8  315.2  303.5
  850.0   1528   16.0   -2.0     29   3.90    315     10  302.9  315.1  303.6
  842.0   1608   16.4  -13.8     11   1.57    310     10  304.1  309.3  304.4
  833.0   1699   16.8  -27.2      3   0.50    311      9  305.5  307.2  305.6
  799.0   2052   15.6  -20.4      7   0.95    313      6  307.9  311.1  308.1
  771.0   2350   13.4  -21.3      7   0.91    315      3  308.6  311.8  308.8
  721.0   2909    9.2  -22.9      8   0.85    245     10  310.1  313.0  310.2
  700.0   3155    7.4  -23.6      9   0.82    225     10  310.6  313.5  310.8
  673.0   3476    4.7  -18.8     16   1.29    205     10  311.1  315.5  311.3
  661.0   3623    3.4  -16.6     22   1.59    232      9  311.3  316.7  311.6
  653.0   3721    3.2  -20.7     15   1.13    250      8  312.2  316.1  312.4
  627.0   4049    2.7  -34.4      5   0.33    315     13  315.3  316.5  315.3
  612.0   4245    2.4  -42.5      2   0.15    320     18  317.1  317.7  317.1
  610.0   4271    2.4  -43.6      2   0.13    319     19  317.4  317.9  317.4
  573.0   4767   -1.4  -44.0      2   0.13    290     29  318.6  319.2  318.7
  516.0   5596   -7.7  -44.7      3   0.14    302     24  320.7  321.2  320.7
  500.0   5840   -8.5  -48.5      2   0.09    305     22  322.6  323.0  322.6
  478.0   6188  -11.1  -50.1      2   0.08    297     25  323.6  323.9  323.6
  447.0   6695  -15.4  -51.3      3   0.08    285     30  324.4  324.7  324.4
  411.0   7329  -20.9  -52.9      4   0.07    281     38  325.2  325.5  325.2
  400.0   7530  -21.7  -54.7      3   0.06    280     40  326.7  326.9  326.7
  371.0   8079  -24.3  -55.3      4   0.06    276     46  330.4  330.6  330.4
  330.0   8915  -29.9  -60.9      3   0.03    270     56  333.9  334.1  333.9
  315.0   9248  -32.1  -63.1      3   0.03    265     55  335.3  335.4  335.3
  300.0   9590  -32.9  -66.9      2   0.02    260     53  338.9  339.0  338.9
  292.0   9781  -33.1  -67.1      2   0.02    258     51  341.2  341.3  341.2
  282.0  10023  -34.8  -68.6      2   0.01    255     49  342.2  342.3  342.2
  251.0  10832  -40.5  -73.5      2   0.01    245     65  345.3  345.4  345.3
  250.0  10860  -40.7  -73.7      2   0.01    245     64  345.4  345.5  345.4
  241.0  11109  -42.5  -74.5      2   0.01    242     63  346.4  346.4  346.4
  218.0  11777  -46.6  -79.1      1   0.00    235     60  350.1  350.1  350.1
  200.0  12350  -50.1  -83.1      1   0.00    235     50  353.3  353.3  353.3
  170.0  13389  -57.0  -87.2      1   0.00    260     45  358.5  358.6  358.5
  159.0  13817  -59.9  -88.9      1   0.00    242     44  360.6  360.6  360.6
  155.0  13975  -60.2                         235     44  362.7         362.7
  150.0  14180  -60.7                         230     37  365.3         365.3
  146.0  14348  -61.1                         230     32  367.4         367.4
  139.0  14644  -63.5                         230     22  368.4         368.4
  124.0  15333  -69.2                         260     22  370.3         370.3
  119.0  15582  -71.3                         260     25  370.9         370.9
  117.0  15684  -72.1                         259     23  371.1         371.1
  109.0  16097  -73.3                         255     14  376.5         376.5
  106.0  16260  -73.7                         285      9  378.6         378.6
  104.0  16371  -74.0                         310     11  380.1         380.1
  100.0  16600  -74.7                         305     15  383.1         383.1
   97.5  16747  -75.3                         290     15  384.8         384.8
   95.0  16898  -75.3                         275     14  387.6         387.6
   91.0  17148  -75.3                         285     10  392.4         392.4
   78.6  17999  -75.3                         247      3  409.2         409.2
   78.0  18043  -74.8                         245      3  411.2         411.2
   74.6  18305  -71.7                         186      6  422.9         422.9
   71.0  18596  -72.5                         120     10  427.3         427.3
   70.0  18680  -72.7                         105     12  428.5         428.5
   69.9  18688  -72.7                         105     12  428.7         428.7
   65.0  19118  -69.8                          80     18  444.0         444.0
   64.2  19192  -69.3                          84     18  446.7         446.7
   60.0  19594  -69.9                         105     18  454.1         454.1
   58.4  19755  -70.1                         101     21  457.1         457.1
   51.0  20571  -65.4                          80     38  486.2         486.2
   50.0  20690  -64.7                          75     38  490.6         490.6
   49.9  20702  -64.5                          74     38  491.4         491.4
   49.0  20814  -64.7                          65     36  493.5         493.5
   45.1  21322  -65.5                          68     28  503.3         503.3
   42.0  21764  -64.5                          70     22  516.1         516.1
   40.0  22066  -63.9                          85     28  525.0         525.0
   34.0  23074  -61.6                          75     31  555.8         555.8
   30.0  23850  -59.9                         100     32  580.8         580.8
   27.0  24508  -58.5                          95     46  602.6         602.6
   26.7  24578  -58.3                          94     45  604.9         604.9
   22.0  25809  -53.4                          80     32  653.8         653.8
   21.2  26045  -52.5                          84     35  663.6         663.6
   20.0  26420  -52.5                          90     39  674.7         674.7
   19.0  26753  -52.2                          90     43  685.7         685.7
   17.0  27474  -51.4                          85     46  710.2         710.2
   15.2  28200  -50.7                          72     30  735.7         735.7
   15.0  28286  -50.6                          70     28  738.7         738.7
   14.0  28736  -50.4                          90     22  754.2         754.2
   13.6  28925  -50.3                                     760.8         760.8
