
-----------------------------------------------------------------------------
   PRES   HGHT   TEMP   DWPT   RELH   MIXR   DRCT   SKNT   THTA   THTE   THTV
    hPa     m      C      C      %    g/kg    deg   knot     K      K      K 
-----------------------------------------------------------------------------
 1013.0      5   22.2   17.4     74  12.49    170      6  294.3  330.2  296.5
 1000.0    117   21.8   15.8     69  11.41    163      9  294.9  327.9  297.0
  944.4    610   17.5   14.7     84  11.27    130     20  295.4  328.1  297.4
  928.0    761   16.2   14.4     89  11.23    128     20  295.6  328.1  297.6
  913.0    899   15.4   11.2     76   9.23    125     20  296.1  323.1  297.8
  911.4    914   15.3   11.2     77   9.27    125     20  296.2  323.2  297.8
  887.0   1144   13.6   11.8     89   9.89    125     18  296.7  325.6  298.5
  850.0   1503   12.4    6.4     67   7.14    125     16  299.1  320.4  300.4
  817.0   1834   10.8    2.8     58   5.76    130     16  300.8  318.3  301.9
  788.0   2134    8.6   -0.6     52   4.66    135     16  301.6  315.9  302.4
  770.0   2325    7.2   -2.8     49   4.06    141     15  302.1  314.7  302.8
  741.0   2641    6.4  -12.6     24   1.97    151     14  304.6  311.0  304.9
  728.0   2786    6.0   -7.0     39   3.12    155     13  305.6  315.6  306.2
  723.0   2842    5.8  -22.2     11   0.90    157     13  306.0  309.1  306.2
  713.0   2956    5.4   -9.6     33   2.60    160     13  306.8  315.2  307.3
  700.0   3106    4.6  -13.4     26   1.95    165     12  307.6  314.0  307.9
  671.0   3450    3.2  -21.8     14   1.00    202     16  309.7  313.2  309.9
  661.0   3571    2.2   -7.8     48   3.23    216     17  309.9  320.4  310.5
  653.9   3658    1.3   -7.5     52   3.36    225     18  309.8  320.7  310.5
  639.0   3844   -0.7   -6.7     64   3.64    225     18  309.6  321.3  310.3
  631.0   3944   -0.9   -1.6     95   5.42    225     18  310.5  327.7  311.6
  605.8   4267   -2.8   -3.5     95   4.91    225     18  312.0  327.7  312.9
  549.0   5045   -7.3   -8.0     95   3.83    230     25  315.5  328.1  316.3
  508.0   5648  -10.1  -15.1     67   2.34    234     31  319.2  327.2  319.7
  500.0   5770  -11.1  -17.1     61   2.01    235     32  319.4  326.4  319.8
  477.0   6129  -14.1  -21.1     55   1.50    236     37  320.1  325.3  320.4
  459.0   6419  -16.7  -18.6     85   1.93    237     40  320.4  327.0  320.7
  446.0   6634  -17.7  -28.7     38   0.81    238     43  321.7  324.7  321.9
  435.0   6820  -19.1  -28.1     45   0.87    238     46  322.3  325.4  322.4
  431.0   6888  -19.5  -23.4     71   1.35    238     47  322.6  327.4  322.9
  400.0   7440  -20.9  -23.5     80   1.45    240     54  327.7  333.0  328.0
  393.0   7571  -21.3  -24.3     77   1.37    240     54  328.9  333.9  329.1
  374.1   7925  -24.0  -27.1     75   1.11    240     54  330.0  334.1  330.2
  300.0   9510  -35.9  -39.7     68   0.41    260     74  334.7  336.3  334.7
  276.8  10058  -40.7  -45.0     63   0.25    260     74  335.6  336.6  335.6
  250.0  10750  -46.7  -51.6     57   0.13    265     84  336.5  337.1  336.5
  240.0  11020  -48.9  -53.9     56   0.10    260     84  337.1  337.6  337.2
  225.0  11445  -47.3  -57.3     31   0.07    253     85  345.9  346.2  345.9
  208.0  11963  -49.1  -76.1      3   0.01    244     86  350.9  350.9  350.9
  200.0  12220  -50.7  -79.7      2   0.00    240     86  352.3  352.3  352.3
  159.0  13687  -60.1  -91.1      1   0.00    236     76  360.3  360.3  360.3
  150.0  14050  -61.7                         235     74  363.6         363.6
  105.7  16154  -71.9                         245     34  382.4         382.4
  100.0  16490  -73.5                         260     38  385.5         385.5
   95.4  16764  -74.7                         260     38  388.4         388.4
   89.3  17149  -76.3                         247     34  392.6         392.6
   80.3  17772  -70.3                         227     27  417.0         417.0
   70.0  18590  -70.3                         200     18  433.7         433.7
   62.2  19291  -69.9                         163     17  449.4         449.4
   57.3  19785  -65.3                         138     16  470.5         470.5
   50.0  20620  -61.7                          95     14  497.7         497.7
   46.1  21124  -60.5                                     512.2         512.2
   35.1  22829  -58.5                                     558.9         558.9
