
-----------------------------------------------------------------------------
   PRES   HGHT   TEMP   DWPT   RELH   MIXR   DRCT   SKNT   THTA   THTE   THTV
    hPa     m      C      C      %    g/kg    deg   knot     K      K      K 
-----------------------------------------------------------------------------
 1015.0      5   22.2   14.2     60  10.12      0     15  294.1  323.3  295.9
 1013.0     22   20.6   11.6     56   8.53    359     16  292.7  317.3  294.2
 1000.0    133   19.2   12.2     64   9.00    350     19  292.4  318.2  293.9
  969.0    403   16.6   11.7     73   8.99    346     18  292.4  318.2  293.9
  964.0    447   16.2   11.5     74   8.92    345     18  292.4  318.1  294.0
  926.0    788   13.4   10.0     80   8.39    340     21  292.9  317.1  294.4
  925.0    797   13.4    9.8     79   8.28    340     21  293.0  316.9  294.5
  921.0    834   13.7    8.4     70   7.57    340     21  293.6  315.7  295.0
  905.0    982   14.8    2.8     44   5.20    332     21  296.3  311.8  297.2
  886.0   1162   15.4   -9.6     17   2.09    323     22  298.7  305.4  299.1
  850.0   1512   12.8    4.8     58   6.38    305     23  299.5  318.7  300.7
  842.0   1591   12.0    6.0     67   7.01    303     23  299.5  320.5  300.8
  818.0   1833   10.6    3.8     63   6.17    295     24  300.6  319.2  301.7
  814.0   1874   10.4    3.4     62   6.04    294     24  300.7  319.0  301.8
  739.0   2671    4.0    3.0     93   6.47    282     22  302.2  321.8  303.4
  728.0   2792    3.3    0.4     81   5.44    280     22  302.7  319.4  303.7
  700.0   3110    1.6   -6.4     55   3.40    270     24  304.2  314.9  304.9
  694.0   3179    1.2   -7.8     51   3.08    269     24  304.5  314.3  305.1
  657.0   3617   -2.5  -12.5     46   2.24    265     28  305.2  312.4  305.6
  583.0   4549  -11.7  -15.6     73   1.96    254     34  305.0  311.4  305.4
  578.0   4615   -9.1  -36.1      9   0.30    254     35  308.8  309.9  308.9
  563.0   4819   -8.9  -46.9      3   0.10    252     36  311.4  311.8  311.4
  554.0   4943   -8.3  -49.3      2   0.08    250     37  313.5  313.9  313.6
  553.0   4957   -8.4  -49.3      2   0.08    250     37  313.6  313.9  313.6
  500.0   5730  -14.1  -50.1      3   0.08    260     36  315.8  316.1  315.8
  458.0   6390  -18.7  -57.7      2   0.03    269     37  318.1  318.2  318.1
  451.0   6505  -19.1  -57.6      2   0.04    270     37  318.9  319.1  318.9
  430.0   6859  -20.5  -57.5      2   0.04    272     43  321.6  321.7  321.6
  400.0   7390  -25.1  -58.1      3   0.04    275     51  322.3  322.4  322.3
  398.0   7426  -25.1  -58.1      3   0.04    275     52  322.7  322.9  322.8
  371.0   7933  -27.4  -62.1      2   0.02    275     66  326.3  326.4  326.3
  367.0   8012  -27.7  -62.7      2   0.02    276     69  326.9  326.9  326.9
  341.0   8535  -31.1  -62.1      3   0.03    283     86  329.2  329.3  329.2
  335.0   8661  -30.5  -67.5      1   0.01    284     90  331.6  331.7  331.6
  315.0   9096  -32.2  -65.3      2   0.02    290    105  335.1  335.2  335.1
  310.0   9209  -32.7  -64.7      3   0.02    290    110  336.0  336.1  336.0
  307.0   9278  -32.1  -65.1      2   0.02    290    112  337.8  337.9  337.8
  300.0   9440  -33.1  -64.1      3   0.02    290    119  338.6  338.7  338.6
  285.0   9799  -36.1  -57.1     10   0.06    286    123  339.3  339.6  339.3
  280.0   9921  -36.9  -59.0      8   0.05    285    124  339.8  340.0  339.8
  250.0  10700  -42.3  -71.3      3   0.01    285    114  343.0  343.1  343.0
  246.0  10808  -43.5  -71.5      3   0.01    283    116  342.8  342.9  342.8
  241.0  10943  -44.3  -72.1      3   0.01    280    118  343.6  343.7  343.6
  201.0  12137  -51.5  -77.5      3   0.00    280    122  350.6  350.6  350.6
  200.0  12170  -51.7  -77.7      3   0.00    280    122  350.7  350.8  350.7
  182.0  12771  -55.6  -80.2      3   0.00    285    114  354.0  354.0  354.0
  164.0  13435  -59.9  -82.9      3   0.00    275    106  357.4  357.5  357.4
  156.0  13746  -61.1                         270    102  360.5         360.5
  151.0  13949  -61.9                         280     92  362.5         362.5
  150.0  13990  -62.1                         280     92  362.9         362.9
  136.0  14592  -64.9                         272     82  368.2         368.2
  133.0  14728  -64.3                         270     80  371.7         371.7
  131.0  14821  -63.9                         276     76  374.0         374.0
  126.0  15056  -65.5                         290     66  375.4         375.4
  115.0  15607  -69.1                         285     61  378.6         378.6
  111.0  15820  -70.5                         280     61  379.8         379.8
  109.0  15928  -70.5                         275     60  381.8         381.8
  105.0  16150  -70.4                         290     54  386.0         386.0
  100.0  16440  -70.3                         270     49  391.6         391.6
   95.9  16689  -69.7                         273     45  397.5         397.5
   94.2  16797  -67.5                         274     43  403.9         403.9
   93.0  16875  -66.8                         275     42  406.7         406.7
   89.8  17087  -64.9                         247     34  414.6         414.6
   89.0  17142  -64.8                         240     32  415.9         415.9
   85.0  17425  -64.1                         260     22  422.8         422.8
   76.0  18113  -62.4                         255     13  440.0         440.0
   75.3  18169  -62.3                         262     10  441.5         441.5
   75.0  18194  -62.3                         265      9  441.9         441.9
   74.0  18277  -62.5                         295      6  443.3         443.3
   73.0  18361  -62.6                         345     10  444.7         444.7
   72.0  18446  -62.8                         330     10  446.1         446.1
   70.0  18620  -63.1                         265     11  449.1         449.1
   67.2  18871  -64.1                         242     14  452.2         452.2
   67.0  18889  -63.9                         240     14  452.9         452.9
   66.0  18982  -63.1                         235     13  456.7         456.7
   65.0  19076  -62.2                         230     10  460.6         460.6
   64.0  19172  -61.3                         280      3  464.6         464.6
   62.9  19279  -60.3                         250      4  469.1         469.1
   59.4  19636  -61.1                         151      8  475.1         475.1
   58.0  19786  -60.4                         110     10  480.0         480.0
   57.0  19895  -59.8                         115     12  483.7         483.7
   54.0  20236  -58.1                          90     13  495.1         495.1
   50.0  20720  -55.7                          95     22  511.8         511.8
   49.0  20849  -55.3                         100     24  515.6         515.6
   48.9  20862  -55.3                          99     24  516.0         516.0
   46.0  21250  -56.7                          75     19  521.7         521.7
   45.2  21361  -57.1                          63     21  523.4         523.4
   44.0  21533  -56.8                          45     25  528.1         528.1
   42.0  21830  -56.3                         100     18  536.5         536.5
   40.0  22142  -55.7                         125     23  545.4         545.4
   38.0  22470  -55.1                         105     25  554.9         554.9
   37.0  22640  -54.9                         110     26  559.9         559.9
   34.0  23180  -53.9                          90     33  576.1         576.1
   30.0  23980  -52.5                         100     40  600.9         600.9
   29.0  24199  -51.5                         110     44  609.5         609.5
   26.4  24807  -52.3                         100     50  623.8         623.8
   23.0  25707  -49.8                          85     58  656.2         656.2
   22.8  25764  -49.7                          85     58  658.3         658.3
   21.0  26301  -48.2                          75     52  678.4         678.4
   20.0  26620  -47.3                          85     53  690.6         690.6
   18.0  27319  -46.1                          70     56  715.4         715.4
   17.6  27468  -45.9                                     720.8         720.8
