
-----------------------------------------------------------------------------
   PRES   HGHT   TEMP   DWPT   RELH   MIXR   DRCT   SKNT   THTA   THTE   THTV
    hPa     m      C      C      %    g/kg    deg   knot     K      K      K 
-----------------------------------------------------------------------------
 1019.0      5   19.0   11.0     60   8.15    185      7  290.6  313.9  292.0
 1014.0     47   17.6    9.6     59   7.45    189      7  289.6  310.9  290.9
 1000.0    167   16.6   10.6     68   8.08    200      6  289.8  312.8  291.2
  927.0    809   12.3    8.7     78   7.65      0      0  291.7  313.8  293.1
  925.0    827   12.2    8.6     79   7.63      0      0  291.8  313.8  293.1
  907.0    992   11.0    7.7     80   7.32    331      2  292.2  313.4  293.5
  850.0   1531    7.8    3.5     74   5.82    235      8  294.3  311.5  295.3
  838.0   1648    7.1    2.5     73   5.51    235     10  294.8  311.1  295.8
  829.0   1737    6.6    1.8     71   5.28    233     10  295.1  310.9  296.1
  784.0   2191    2.7   -0.7     79   4.67    225     10  295.7  309.6  296.5
  768.0   2359    1.2   -1.6     82   4.45    243     10  295.8  309.2  296.6
  751.0   2539   -0.3   -3.8     77   3.86    262     10  296.1  307.8  296.8
  731.0   2754   -1.2  -10.5     49   2.37    285     10  297.4  304.8  297.8
  725.0   2820   -1.5  -12.5     43   2.03    279     10  297.8  304.2  298.2
  718.0   2897   -0.1  -24.1     14   0.76    273     11  300.2  302.7  300.3
  705.0   3044    1.4  -36.5      4   0.24    260     12  303.4  304.2  303.4
  703.0   3067    1.6  -38.4      3   0.20    260     12  303.9  304.6  303.9
  700.0   3101    1.4  -37.6      4   0.22    260     13  304.0  304.8  304.0
  640.0   3816   -2.7  -31.7      9   0.42    270     21  307.2  308.8  307.3
  637.0   3853   -3.0  -31.7      9   0.42    270     21  307.3  308.8  307.4
  592.0   4427   -8.1  -32.1     13   0.44    270     20  307.9  309.5  308.0
  554.0   4940   -9.7  -43.7      4   0.14    270     19  311.9  312.4  311.9
  531.0   5262  -12.6  -43.3      6   0.16    270     18  312.2  312.8  312.2
  507.0   5614  -15.8  -42.8      8   0.17    285     25  312.5  313.2  312.6
  500.0   5720  -16.7  -42.7      9   0.18    285     27  312.6  313.3  312.6
  464.0   6276  -21.3  -46.3      9   0.13    276     34  313.6  314.1  313.7
  462.0   6308  -21.2  -48.4      7   0.10    275     34  314.1  314.6  314.2
  456.0   6405  -20.9  -54.9      3   0.05    275     38  315.7  315.9  315.7
  421.0   6994  -21.3  -57.3      2   0.04    275     60  322.5  322.6  322.5
  401.0   7352  -23.8  -56.0      3   0.05    275     73  323.8  324.0  323.8
  400.0   7370  -23.9  -55.9      4   0.05    275     74  323.8  324.1  323.9
  358.0   8170  -29.9  -58.9      4   0.04    277     82  326.2  326.4  326.2
  315.0   9072  -35.3  -64.3      4   0.02    279     92  330.9  331.0  330.9
  300.0   9410  -38.3  -66.3      4   0.02    280     96  331.3  331.4  331.3
  279.0   9904  -42.7  -67.0      5   0.02    280     98  331.9  332.0  331.9
  277.0   9953  -43.1  -67.1      5   0.02    280    100  332.0  332.1  332.0
  250.0  10640  -46.3  -67.3      7   0.02    280    123  337.1  337.2  337.1
  246.0  10747  -47.2  -67.9      7   0.02    285    124  337.4  337.4  337.4
  233.0  11105  -50.1  -70.1      8   0.01    282    121  338.2  338.2  338.2
  224.0  11363  -50.3  -72.4      6   0.01    280    118  341.7  341.7  341.7
  216.0  11601  -50.5  -74.5      4   0.01    282    121  345.0  345.0  345.0
  200.0  12100  -53.7  -77.7      4   0.00    285    127  347.6  347.6  347.6
  199.0  12132  -53.9  -77.9      4   0.00    285    127  347.8  347.8  347.8
  180.0  12768  -57.9  -81.2      4   0.00    285    110  351.4  351.4  351.4
  172.0  13056  -59.7  -82.7      4   0.00    285    108  352.9  353.0  352.9
  167.0  13240  -59.9  -82.9      3   0.00    291    106  355.6  355.6  355.6
  164.0  13353  -59.9  -83.3      3   0.00    295    104  357.4  357.4  357.4
  156.0  13665  -60.0  -84.3      3   0.00    285    104  362.4  362.4  362.4
  150.0  13910  -60.1  -85.1      2   0.00    280     94  366.3  366.4  366.3
  144.0  14164  -60.2                         280     79  370.4         370.4
  134.0  14612  -60.5                         282     66  377.6         377.6
  124.0  15089  -63.7                         285     53  380.3         380.3
  121.0  15239  -64.7                         285     55  381.1         381.1
  115.0  15549  -65.0                         280     59  386.2         386.2
  107.0  15987  -65.3                         288     55  393.6         393.6
  100.0  16400  -63.5                         295     52  404.8         404.8
   96.0  16650  -64.0                         290     51  408.5         408.5
   91.0  16977  -64.7                         280     36  413.5         413.5
   90.0  17045  -64.8                         290     32  414.5         414.5
   87.0  17253  -65.2                         295     34  417.7         417.7
   86.6  17281  -65.3                         293     34  418.1         418.1
   83.0  17541  -63.9                         275     34  426.0         426.0
   81.4  17660  -63.3                         286     30  429.7         429.7
   78.0  17923  -63.1                         310     22  435.3         435.3
   75.0  18165  -63.0                         305     25  440.6         440.6
   71.0  18503  -62.8                         270     25  448.0         448.0
   70.0  18590  -62.7                         265     22  449.9         449.9
   69.0  18679  -62.7                         270     19  451.8         451.8
   68.0  18768  -62.6                         290     16  453.8         453.8
   66.0  18952  -62.5                         310     18  457.9         457.9
   64.6  19084  -62.5                         305     18  460.8         460.8
   63.0  19238  -62.8                         300     19  463.4         463.4
   60.0  19537  -63.4                         310     26  468.5         468.5
   56.9  19862  -64.1                         306     20  474.2         474.2
   54.0  20184  -60.7                         303     14  489.1         489.1
   52.0  20418  -61.7                         300     10  492.2         492.2
   51.0  20538  -62.2                         220      3  493.7         493.7
   50.0  20660  -62.7                         155      3  495.3         495.3
   48.6  20836  -60.5                         111      6  504.6         504.6
   47.0  21043  -61.9                          60     10  506.2         506.2
   44.9  21326  -63.7                          65     10  508.3         508.3
   42.2  21711  -59.7                          72     10  527.3         527.3
   41.0  21892  -59.5                          75     10  532.1         532.1
   40.0  22047  -59.4                          40     15  536.2         536.2
   39.0  22206  -59.2                          40     10  540.5         540.5
   38.0  22368  -59.1                          62      7  544.9         544.9
   37.4  22469  -56.9                          76      4  553.0         553.0
   37.0  22537  -56.7                          85      3  555.2         555.2
   35.3  22836  -55.7                          68      9  565.3         565.3
   35.0  22891  -55.9                          65     10  566.2         566.2
   33.0  23265  -57.0                          50     16  572.7         572.7
   32.6  23342  -57.3                          54     14  574.0         574.0
   32.0  23460  -57.0                          60     10  577.9         577.9
   31.0  23662  -56.5                          30     10  584.6         584.6
   30.0  23870  -55.9                          40      5  591.6         591.6
   27.0  24546  -54.1                           0      0  614.8         614.8
   22.2  25803  -50.7                          24     10  660.2         660.2
   22.0  25861  -50.7                          25     10  661.9         661.9
   21.0  26163  -50.8                          50     16  670.5         670.5
   20.0  26480  -50.9                          80     14  679.6         679.6
   19.0  26814  -50.1                         170     10  692.2         692.2
   18.8  26883  -49.9                         165     10  694.9         694.9
   18.0  27167  -50.5                         145     10  701.7         701.7
   17.7  27277  -50.7                         121     10  704.4         704.4
   17.0  27540  -50.6                          65     10  712.8         712.8
   16.0  27935  -50.5                          40     14  725.7         725.7
   15.0  28361  -45.6                          30     11  755.3         755.3
   14.7  28495  -44.1                          59      9  764.8         764.8
   14.3  28680  -43.7                          99      7  772.2         772.2
   14.0                                       130      5                     
