
-----------------------------------------------------------------------------
   PRES   HGHT   TEMP   DWPT   RELH   MIXR   DRCT   SKNT   THTA   THTE   THTV
    hPa     m      C      C      %    g/kg    deg   knot     K      K      K 
-----------------------------------------------------------------------------
 1016.0      5   20.4    9.4     49   7.33    205     12  292.2  313.5  293.5
 1000.0    142   18.6    9.6     56   7.55    210     13  291.8  313.6  293.1
  988.0    245   17.6    8.6     56   7.14    200     13  291.8  312.4  293.0
  925.0    806   15.2    4.2     48   5.62    145     15  294.8  311.5  295.9
  850.0   1517   10.2    1.2     54   4.93    150     23  296.8  311.6  297.7
  803.0   1988    8.0   -5.0     39   3.30    179     22  299.3  309.6  299.9
  785.0   2175    9.4  -17.6     13   1.23    191     22  302.8  306.9  303.0
  700.0   3118    6.0  -36.0      3   0.25    250     21  309.1  310.1  309.1
  681.0   3343    5.6  -38.4      2   0.20    253     24  311.1  311.9  311.1
  555.0   4981   -6.7  -16.7     45   1.88    274     49  315.3  321.6  315.6
  522.0   5458   -9.7  -44.7      4   0.14    281     56  317.2  317.8  317.2
  500.0   5790  -11.1  -48.1      3   0.10    285     61  319.4  319.8  319.5
  499.0   5805  -11.3  -47.3      3   0.11    285     61  319.4  319.8  319.4
  495.0   5867  -10.9  -21.9     40   1.35    286     62  320.6  325.4  320.9
  465.0   6344  -14.5  -19.0     69   1.84    292     66  321.9  328.3  322.3
  451.0   6576  -14.1  -18.2     71   2.03    294     67  325.2  332.4  325.6
  400.0   7480  -18.5  -21.6     77   1.71    305     75  330.9  337.1  331.2
  383.0   7803  -20.5  -22.7     83   1.62    305     79  332.4  338.3  332.7
  372.0   8019  -21.5  -24.1     79   1.47    305     82  333.8  339.2  334.1
  304.0   9474  -32.0  -36.8     63   0.54    305    101  338.9  341.0  339.0
  300.0   9570  -32.7  -37.6     62   0.50    305    100  339.2  341.2  339.3
  284.0   9951  -35.7  -42.7     49   0.31    304    100  340.2  341.5  340.3
  250.0  10820  -42.9  -48.9     52   0.18    300     99  342.1  342.9  342.2
  200.0  12280  -55.9  -61.9     47   0.05    295     92  344.1  344.3  344.1
  198.0  12344  -56.5  -63.5     41   0.04    295     92  344.1  344.3  344.1
  191.0  12571  -58.1  -64.1     46   0.04    294     92  345.1  345.3  345.1
  187.0  12704  -57.3  -69.3     20   0.02    294     93  348.5  348.6  348.5
  172.0  13229  -59.9  -79.9      6   0.00    292     94  352.6  352.6  352.6
  152.0  13990  -65.9                         290     95  355.0         355.0
  150.0  14070  -65.7                         290     95  356.7         356.7
  117.0  15565  -70.5                         285     60  374.1         374.1
  100.0  16500  -69.7                         295     49  392.8         392.8
   84.0  17544  -67.7                         298     39  416.9         416.9
   77.5  18025  -70.9                         300     35  420.0         420.0
   76.0  18141  -70.7                         300     34  422.7         422.7
   70.0  18630  -69.9                         275     33  434.5         434.5
   68.0  18803  -70.1                         270     28  437.7         437.7
   66.0  18980  -70.3                         305     18  441.0         441.0
   65.9  18989  -70.3                         305     18  441.2         441.2
   64.0  19167  -68.6                         305     16  448.6         448.6
   63.0  19262  -67.7                         335     14  452.6         452.6
   62.0  19359  -66.8                         340     17  456.8         456.8
   60.0  19558  -64.9                         300     16  465.3         465.3
   59.0  19660  -63.9                         295     12  469.8         469.8
   58.0  19763  -62.9                         330     10  474.3         474.3
   57.4  19827  -62.3                         330     10  477.1         477.1
   56.0  19979  -62.3                         330     10  480.5         480.5
   55.0  20091  -62.2                          40      2  483.1         483.1
   50.0  20680  -62.1                          25      8  496.7         496.7
   42.9  21622  -63.7                          94      9  515.0         515.0
   37.0  22543  -60.7                         160     10  545.0         545.0
   36.0  22714  -60.1                         140     15  550.7         550.7
   35.0  22889  -59.6                          90     10  556.6         556.6
   32.0  23448  -57.7                          55      1  575.9         575.9
   30.1  23829  -56.5                         126     10  589.5         589.5
   30.0  23850  -56.5                         130     10  590.0         590.0
   28.0  24286  -58.1                         155     10  597.2         597.2
   27.6  24376  -58.5                         131     12  598.7         598.7
   27.0  24516  -57.7                          95     16  604.7         604.7
   23.3  25456  -52.3                         123      8  646.5         646.5
   23.0                                       125      7                     
