
-----------------------------------------------------------------------------
   PRES   HGHT   TEMP   DWPT   RELH   MIXR   DRCT   SKNT   THTA   THTE   THTV
    hPa     m      C      C      %    g/kg    deg   knot     K      K      K 
-----------------------------------------------------------------------------
 1016.0      5   26.8   16.8     54  11.98     90      5  298.6  333.7  300.7
 1000.0    141   24.4   16.4     61  11.87     95      7  297.6  332.2  299.7
  992.0    211   23.2   15.2     61  11.06    105      7  297.0  329.3  299.0
  957.0    522   20.4   14.8     70  11.21    150      6  297.3  330.0  299.3
  925.0    817   17.8   14.5     81  11.34    140      5  297.5  330.6  299.5
  913.0    929   16.8   14.1     84  11.20    129      6  297.6  330.3  299.6
  888.0   1165   15.2   11.8     80   9.89    105      8  298.3  327.4  300.1
  873.0   1310   14.2   10.4     78   9.15    107      9  298.7  325.7  300.4
  861.0   1427   14.6    7.6     63   7.66    109     10  300.3  323.2  301.7
  850.0   1536   17.2  -14.8     10   1.43    110     11  304.1  308.9  304.4
  848.0   1556   17.5  -16.6      8   1.23    110     12  304.6  308.8  304.9
  834.0   1698   19.4  -29.6      2   0.40    128     16  308.1  309.6  308.2
  829.0   1750   19.3  -29.7      2   0.39    135     18  308.5  310.0  308.6
  795.0   2108   18.4  -30.6      2   0.38    131     22  311.3  312.7  311.4
  783.0   2238   17.5  -31.5      2   0.35    130     24  311.7  313.0  311.7
  782.0   2249   17.4  -31.6      2   0.35    130     24  311.7  313.0  311.8
  763.0   2458   15.2   -0.8     33   4.75    132     22  311.5  326.7  312.4
  743.0   2682   13.6   -2.4     33   4.34    135     19  312.1  326.1  313.0
  700.0   3182   10.8   -8.2     26   2.96    140     14  314.4  324.2  315.0
  690.0   3301   10.1   -9.3     24   2.74    145     15  315.0  324.1  315.5
  659.0   3682    8.0  -13.0     21   2.15    105     11  316.8  324.1  317.2
  639.0   3937    6.6  -15.4     19   1.82    100     15  317.9  324.2  318.3
  625.0   4119    7.2  -37.8      2   0.24    107     15  320.6  321.6  320.7
  613.0   4279    6.6  -22.4     10   1.04    112     16  321.7  325.5  321.9
  605.0   4387    7.6  -30.4      5   0.51    116     16  324.1  326.0  324.2
  568.0   4900    4.0  -33.0      5   0.42    135     17  325.8  327.4  325.9
  535.0   5387    0.6  -35.4      5   0.35    113     20  327.3  328.7  327.4
  530.0   5463    0.9  -38.7      3   0.25    110     20  328.5  329.5  328.6
  524.0   5555    1.2  -42.8      2   0.17    114     20  330.0  330.7  330.0
  500.0   5930   -1.7  -44.7      2   0.14    130     19  330.9  331.5  330.9
  499.0   5945   -1.8  -44.7      2   0.14    130     19  330.9  331.5  331.0
  479.0   6261   -4.5  -44.0      3   0.16    120     20  331.5  332.2  331.6
  444.0   6846   -9.5  -42.9      5   0.20    150     17  332.5  333.3  332.6
  410.0   7460  -14.7  -41.7      8   0.24    165     23  333.4  334.4  333.5
  400.0   7650  -16.3  -41.3     10   0.26    165     22  333.7  334.8  333.8
  389.0   7859  -18.3  -43.3      9   0.21    154     23  333.8  334.6  333.8
  382.0   7995  -18.9  -46.9      7   0.15    147     24  334.7  335.3  334.7
  370.0   8230  -20.5  -50.4      5   0.10    135     25  335.7  336.1  335.7
  351.0   8620  -23.1  -56.1      3   0.05    150     26  337.2  337.5  337.2
  339.0   8870  -25.1  -55.8      4   0.06    160     26  337.9  338.2  338.0
  319.0   9308  -28.5  -55.4      6   0.07    145     28  339.1  339.4  339.2
  300.0   9750  -31.9  -54.9      8   0.07    155     30  340.3  340.6  340.3
  295.0   9868  -32.7  -51.7     13   0.11    156     31  340.8  341.3  340.8
  290.0   9988  -33.3  -58.3      6   0.05    158     31  341.6  341.9  341.6
  250.0  11010  -42.3  -60.3     12   0.05    170     36  343.0  343.2  343.1
  245.0  11147  -43.7  -60.7     14   0.04    171     36  342.9  343.1  342.9
  229.0  11598  -46.9  -61.8     17   0.04    175     37  344.8  345.0  344.8
  222.0  11806  -48.3  -62.3     18   0.04    190     37  345.7  345.8  345.7
  220.0  11865  -48.6  -62.9     17   0.04    195     37  346.0  346.2  346.0
  200.0  12490  -52.3  -69.3     11   0.02    190     39  349.8  349.9  349.8
  191.0  12783  -53.8  -72.0      9   0.01    190     42  352.0  352.1  352.0
  158.0  13988  -59.9  -82.9      3   0.00    166     33  361.3  361.3  361.3
  151.0  14269  -62.0                         160     31  362.4         362.4
  150.0  14310  -62.3                         160     31  362.6         362.6
  139.0  14772  -65.6                         180     34  364.7         364.7
  126.0  15367  -69.9                         170     23  367.3         367.3
  118.0  15751  -71.8                         160     30  370.7         370.7
  100.0  16720  -76.7                         175     34  379.3         379.3
   88.6  17417  -76.1                         147     16  393.8         393.8
   88.0  17456  -76.3                         145     15  394.2         394.2
   85.0  17654  -77.3                         155     17  396.1         396.1
   78.0  18145  -79.8                         140     23  400.7         400.7
   77.8  18160  -79.9                         135     23  400.9         400.9
   70.0  18760  -78.1                          75     19  417.0         417.0
   68.0  18930  -77.1                          95     21  422.6         422.6
   65.0  19194  -75.6                          95     26  431.4         431.4
   64.0  19285  -75.1                          90     29  434.4         434.4
   61.0  19567  -73.5                          70     24  444.0         444.0
   55.0  20174  -70.0                         100     18  465.4         465.4
   54.0  20281  -69.3                         100     21  469.3         469.3
   53.0  20391  -68.7                          90     28  473.2         473.2
   52.0  20505  -69.0                          80     36  475.2         475.2
   50.0  20740  -69.5                          60     27  479.3         479.3
   49.8  20764  -69.5                          63     27  479.9         479.9
   48.0  20988  -67.5                          90     23  489.7         489.7
   46.0  21247  -65.2                          55     19  501.2         501.2
   45.0  21380  -64.0                          70     15  507.3         507.3
   44.0  21517  -62.8                         130     14  513.5         513.5
   43.3  21614  -61.9                         123     18  518.0         518.0
   42.0  21803  -62.0                         110     25  522.4         522.4
   40.0  22105  -62.1                          60     15  529.5         529.5
   39.1  22246  -62.1                          56     12  532.9         532.9
   39.0  22262  -62.0                          55     12  533.5         533.5
   37.0  22591  -60.5                         130     17  545.5         545.5
   34.0  23121  -58.0                         105     18  565.3         565.3
   32.7  23365  -56.9                         100     22  574.6         574.6
   31.7  23561  -58.1                          97     25  576.5         576.5
   30.0  23910  -56.5                          90     30  590.0         590.0
   28.0  24356  -54.8                         105     36  606.6         606.6
   26.0  24835  -52.9                         105     42  624.9         624.9
   24.0  25353  -50.9                          85     36  645.2         645.2
   22.0  25915  -48.7                          90     43  668.0         668.0
   21.5  26064  -48.1                          85     49  674.1         674.1
   21.0  26219  -48.3                          80     55  678.1         678.1
   20.0  26540  -48.7                          65     52  686.3         686.3
   16.4  27850  -46.5                          74     39  733.5         733.5
   16.0                                        75     37                     
