
-----------------------------------------------------------------------------
   PRES   HGHT   TEMP   DWPT   RELH   MIXR   DRCT   SKNT   THTA   THTE   THTV
    hPa     m      C      C      %    g/kg    deg   knot     K      K      K 
-----------------------------------------------------------------------------
 1018.0      5   26.0   20.0     70  14.68    130      8  297.6  340.4  300.2
 1001.0    155   23.6   19.1     76  14.06    125     10  296.6  337.4  299.1
 1000.0    164   23.4   19.0     76  14.03    125     10  296.6  337.2  299.0
  996.0    199   23.0   18.9     78  14.00    124     10  296.5  337.1  299.0
  958.0    538   20.2   17.0     82  12.89    111     14  297.0  334.4  299.3
  942.0    684   19.3   15.7     79  12.01    105     15  297.5  332.6  299.7
  925.0    841   18.4   14.2     77  11.12    105     16  298.1  330.7  300.1
  887.0   1199   15.7   13.2     85  10.84    110     16  298.9  330.8  300.8
  870.0   1364   14.4   12.7     90  10.71    105     14  299.2  330.8  301.1
  850.0   1561   13.4   11.9     91  10.40    100     12  300.2  330.9  302.1
  841.0   1651   12.7   11.6     93  10.32    100     12  300.4  330.9  302.2
  837.0   1691   12.4   11.5     94  10.28    101     12  300.4  330.9  302.3
  784.0   2238   10.1    9.3     95   9.47    120     15  303.7  332.2  305.4
  772.0   2367    9.6    8.8     95   9.29    117     14  304.4  332.5  306.1
  747.0   2640    8.0    3.9     75   6.82    111     11  305.6  326.5  306.8
  741.0   2707   10.2  -12.8     18   1.94    110     10  308.7  315.1  309.1
  700.0   3178    9.0  -31.0      4   0.41    140     10  312.4  313.9  312.5
  691.0   3285    8.8  -35.7      3   0.27    145     10  313.4  314.4  313.4
  682.0   3393    8.6  -40.4      2   0.17    146     10  314.3  315.0  314.3
  629.0   4055    3.2  -24.8     11   0.82    151     10  315.5  318.4  315.6
  555.0   5055   -2.3  -30.3     10   0.56    160     10  320.5  322.5  320.6
  528.0   5453   -4.5  -32.5      9   0.48    182     11  322.4  324.2  322.5
  519.0   5588   -5.3  -33.6      9   0.43    190     12  323.0  324.7  323.1
  500.0   5880   -7.1  -36.1      8   0.35    195     11  324.3  325.7  324.4
  493.0   5990   -7.5  -37.5      7   0.31    195     10  325.1  326.4  325.2
  477.0   6245   -9.9  -22.9     34   1.28    195      8  325.2  329.9  325.5
  475.0   6277  -10.1  -23.7     32   1.20    195      8  325.4  329.7  325.6
  442.0   6829  -13.5  -37.5     11   0.35    195     13  327.9  329.2  327.9
  433.0   6983  -14.6  -37.1     13   0.37    195     15  328.4  329.9  328.5
  413.0   7339  -17.0  -36.3     17   0.42    230     16  329.7  331.4  329.8
  400.0   7580  -18.7  -35.7     21   0.46    225     16  330.6  332.4  330.7
  397.0   7636  -19.1  -36.1     21   0.44    227     15  330.8  332.5  330.9
  386.0   7844  -20.1  -42.1     12   0.25    237     13  332.1  333.1  332.2
  382.0   7921  -20.6  -41.7     13   0.26    240     12  332.4  333.5  332.5
  370.0   8156  -22.3  -40.3     18   0.31    233     13  333.3  334.5  333.3
  359.0   8377  -23.7  -44.7     13   0.20    227     15  334.3  335.1  334.3
  356.0   8438  -24.2  -45.3     12   0.19    225     15  334.4  335.2  334.5
  328.0   9027  -28.8  -51.2     10   0.10    245     16  336.0  336.5  336.0
  317.0   9272  -30.7  -53.7      9   0.08    241     16  336.6  337.0  336.7
  300.0   9660  -34.5  -54.5     11   0.08    235     15  336.6  337.0  336.6
  297.0   9729  -35.1  -54.9     11   0.07    235     16  336.8  337.1  336.8
  277.0  10208  -39.2  -57.7     12   0.06    255     19  337.6  337.9  337.6
  255.0  10777  -44.1  -61.1     13   0.04    247     25  338.4  338.6  338.4
  250.0  10910  -44.9  -60.9     15   0.04    245     26  339.2  339.4  339.2
  215.0  11898  -51.5  -70.5      9   0.01    248     27  343.9  343.9  343.9
  200.0  12360  -55.5  -68.5     18   0.02    250     28  344.7  344.8  344.7
  187.0  12786  -58.3  -69.3     23   0.02    246     28  346.9  347.0  346.9
  177.0  13131  -59.9  -72.9     17   0.01    242     29  349.8  349.8  349.8
  170.0  13383  -60.6                         240     29  352.7         352.7
  157.0  13878  -61.9                         254     30  358.5         358.5
  156.0  13917  -62.0                         255     30  359.1         359.1
  150.0  14160  -62.5                         245     30  362.2         362.2
  145.0  14368  -63.2                         235     35  364.6         364.6
  133.0  14896  -64.9                         255     25  370.6         370.6
  125.0  15276  -66.1                         245     21  375.1         375.1
  119.0  15568  -68.1                         265     20  376.6         376.6
  106.0  16254  -72.9                         260     20  380.2         380.2
  100.0  16600  -75.3                         235     16  382.0         382.0
   94.4  16931  -77.3                         225     16  384.4         384.4
   94.0  16955  -77.3                         225     16  384.9         384.9
   91.0  17141  -77.2                         195     10  388.7         388.7
   87.0  17398  -77.1                         185      5  394.0         394.0
   84.0  17599  -77.0                         210     10  398.1         398.1
   82.4  17709  -76.9                         198     11  400.4         400.4
   80.0  17881  -75.6                         180     12  406.6         406.6
   78.0  18028  -74.4                         145     10  411.9         411.9
   76.0  18179  -73.2                         115     10  417.4         417.4
   72.8  18429  -71.3                         134     10  426.7         426.7
   71.0  18577  -71.6                         145     10  429.2         429.2
   70.0  18660  -71.7                         135     10  430.7         430.7
   68.0  18832  -71.5                         120     10  434.6         434.6
   63.0  19285  -71.0                         110     10  445.3         445.3
   58.0  19776  -70.5                         125     13  457.1         457.1
   52.7  20345  -69.9                          99     20  471.2         471.2
   52.0  20425  -69.5                          95     21  473.9         473.9
   50.0  20660  -68.5                          75     18  481.6         481.6
   49.0  20782  -68.0                          65     16  485.5         485.5
   46.0  21163  -66.6                          80     18  497.9         497.9
   45.8  21189  -66.5                          78     18  498.7         498.7
   44.0  21431  -67.2                          60     14  502.7         502.7
   43.3  21528  -67.5                          70     12  504.3         504.3
   43.0  21571  -67.2                          75     11  506.1         506.1
   41.0  21863  -65.0                         110     15  518.4         518.4
   37.3  22442  -60.7                         100     25  543.7         543.7
   34.0  23024  -59.2                          90     34  562.3         562.3
   30.0  23810  -57.1                          80     33  588.4         588.4
   29.6  23895  -57.3                          78     34  590.1         590.1
   28.0  24249  -55.2                          70     37  605.3         605.3
   25.6  24821  -51.9                          82     32  630.5         630.5
   24.0  25242  -50.9                          90     29  645.1         645.1
   22.0  25809  -49.6                          80     28  665.3         665.3
   21.0  26112  -48.9                          95     33  676.4         676.4
   20.0  26430  -48.1                          95     38  688.2         688.2
   18.8  26837  -48.5                          91     38  699.2         699.2
   17.0  27506  -44.2                          85     38  733.4         733.4
   16.8  27585  -43.7                          86     37  737.5         737.5
   16.0  27913  -43.6                          90     33  748.2         748.2
   14.0  28811  -43.2                          90     50  778.5         778.5
   13.4  29106  -43.1                                     788.7         788.7
