
-----------------------------------------------------------------------------
   PRES   HGHT   TEMP   DWPT   RELH   MIXR   DRCT   SKNT   THTA   THTE   THTV
    hPa     m      C      C      %    g/kg    deg   knot     K      K      K 
-----------------------------------------------------------------------------
 1013.0      5   25.8   17.8     61  12.82     15     10  297.9  335.3  300.1
 1005.0     76   23.6   15.6     61  11.21     15     10  296.3  328.9  298.3
 1000.0    121   23.2   17.2     69  12.50     15     10  296.4  332.6  298.6
  972.0    368   20.6   16.4     77  12.21     20     10  296.1  331.6  298.3
  946.0    602   18.9   14.7     77  11.24      5      8  296.7  329.4  298.7
  925.0    795   17.4   13.3     77  10.48    345      6  297.1  327.7  299.0
  886.0   1162   14.4   11.9     85   9.97      5      4  297.7  326.9  299.4
  874.0   1277   14.4   10.8     79   9.39     12      4  298.8  326.5  300.5
  850.0   1512   13.0    9.8     81   9.02     25      3  299.8  326.5  301.4
  785.0   2176    8.6    5.8     83   7.42    333      2  301.9  324.3  303.3
  775.0   2283    9.4    0.4     53   5.11    325      2  303.9  319.7  304.8
  766.0   2380   10.8  -15.2     15   1.54    317      1  306.4  311.6  306.7
  752.0   2533   11.0  -27.0      5   0.56    305      1  308.3  310.2  308.4
  746.0   2600   10.6  -26.3      6   0.60    300      1  308.6  310.7  308.7
  719.0   2905    9.0  -23.0      8   0.84    352      3  310.0  313.0  310.2
  700.0   3126    7.4  -21.6     11   0.98     30      5  310.6  314.1  310.8
  663.0   3570    3.8  -22.2     13   0.98    127      3  311.5  314.9  311.6
  654.0   3681    3.0  -17.0     21   1.55    151      2  311.8  317.1  312.1
  647.0   3768    2.0   -4.0     64   4.42    171      1  311.6  325.8  312.4
  640.0   3856    1.4   -6.6     55   3.66    190      1  311.9  323.8  312.6
  631.0   3971    2.0  -27.0     10   0.67    243      6  313.8  316.2  314.0
  623.0   4074    3.0  -28.0      8   0.62    290     10  316.1  318.4  316.2
  603.0   4337    1.8  -35.2      4   0.32    304     16  317.7  318.9  317.8
  602.0   4351    1.8  -35.2      4   0.32    305     16  317.9  319.1  317.9
  591.0   4500    1.8  -35.2      4   0.33    315     15  319.5  320.8  319.6
  571.0   4773   -0.8  -27.6     11   0.70    335     13  319.6  322.2  319.8
  538.0   5247   -5.4  -14.4     49   2.34    315     14  319.7  327.7  320.1
  530.0   5366   -6.5  -11.1     70   3.11    324     15  319.7  330.1  320.3
  516.0   5575   -7.7  -15.7     53   2.19    340     16  320.7  328.2  321.1
  510.0   5666   -7.9  -29.9     15   0.63    347     17  321.5  323.9  321.6
  507.0   5712   -8.0  -34.8     10   0.40    350     17  321.9  323.4  322.0
  500.0   5820   -8.3  -46.3      3   0.12    350     17  322.9  323.4  322.9
  486.0   6040   -9.5  -51.5      2   0.07    348     19  324.0  324.3  324.0
  460.0   6461  -13.1  -53.1      2   0.06    343     23  324.6  324.9  324.7
  447.0   6678  -14.5  -34.5     17   0.46    341     25  325.6  327.3  325.6
  444.0   6729  -14.8  -37.5     13   0.35    340     25  325.8  327.1  325.8
  434.0   6901  -15.9  -47.5      5   0.12    350     27  326.5  327.0  326.5
  427.0   7023  -16.7  -54.7      2   0.05    352     26  327.0  327.3  327.1
  413.0   7272  -18.6  -56.6      2   0.04    355     24  327.7  327.9  327.7
  400.0   7510  -20.5  -58.5      2   0.04    345     23  328.3  328.4  328.3
  398.0   7547  -20.7  -60.7      1   0.03    344     23  328.5  328.6  328.5
  378.0   7927  -23.7  -32.7     43   0.65    333     18  329.4  331.9  329.5
  368.0   8123  -24.9  -26.9     83   1.16    328     16  330.3  334.6  330.6
  354.0   8403  -26.9  -28.5     87   1.04    320     13  331.2  335.1  331.5
  345.0   8590  -28.3  -29.5     89   0.97    318     14  331.9  335.5  332.1
  336.0   8779  -29.4  -34.0     64   0.64    315     15  332.9  335.4  333.0
  330.0   8908  -30.1  -37.1     50   0.48    317     16  333.6  335.5  333.7
  307.0   9419  -34.3  -42.3     44   0.30    323     21  334.7  335.9  334.8
  300.0   9580  -35.7  -43.7     44   0.27    325     22  334.9  336.0  335.0
  294.0   9718  -36.9  -44.7     44   0.24    325     23  335.2  336.2  335.2
  271.0  10273  -41.7  -48.7     46   0.17    340     21  336.1  336.8  336.1
  264.0  10448  -42.9  -51.5     38   0.13    345     20  336.8  337.4  336.8
  262.0  10499  -43.3  -52.3     36   0.12    344     20  337.0  337.5  337.0
  250.0  10810  -46.3  -53.3     45   0.11    340     23  337.1  337.6  337.1
  246.0  10915  -47.2  -54.0     46   0.10    340     23  337.4  337.8  337.4
  206.0  12072  -56.7  -61.3     56   0.05    349     27  339.9  340.1  339.9
  204.0  12134  -57.2  -61.9     55   0.05    350     27  340.1  340.3  340.1
  200.0  12260  -58.3  -63.2     53   0.04    345     26  340.3  340.5  340.3
  197.0  12355  -58.7  -63.7     52   0.04    336     25  341.1  341.3  341.1
  188.0  12648  -58.9  -69.9     23   0.02    308     22  345.4  345.5  345.4
  184.0  12782  -58.7  -72.5     15   0.01    295     21  347.8  347.8  347.8
  178.0  12990  -58.5  -76.5      8   0.01    288     23  351.5  351.5  351.5
  170.0  13278  -59.9  -79.9      6   0.00    277     25  353.8  353.8  353.8
  161.0  13614  -61.6                         265     28  356.4         356.4
  152.0  13969  -63.5                         265     30  359.1         359.1
  150.0  14050  -63.5                         265     31  360.5         360.5
  149.0  14091  -63.6                         265     31  361.1         361.1
  140.0  14472  -64.2                         265     25  366.4         366.4
  129.0  14973  -65.1                         295     19  373.6         373.6
  126.0  15116  -65.3                         289     20  375.6         375.6
  121.0  15360  -66.8                         280     21  377.3         377.3
  111.0  15878  -69.9                         295     17  380.9         380.9
  108.0  16043  -70.9                         285     19  382.0         382.0
  104.0  16267  -70.3                         270     17  387.3         387.3
  100.0  16500  -69.7                         265      7  392.8         392.8
   96.0  16743  -70.7                         300      9  395.4         395.4
   95.3  16787  -70.9                         298      9  395.9         395.9
   94.0  16869  -70.7                         295     10  397.8         397.8
   92.0  16998  -70.4                         300      8  400.9         400.9
   79.0  17912  -68.3                          10      9  423.0         423.0
   76.0  18144  -67.8                          25      9  428.8         428.8
   73.0  18386  -67.2                          65     10  434.9         434.9
   72.2  18452  -67.1                          60     11  436.6         436.6
   70.0  18640  -64.7                          45     14  445.6         445.6
   69.0  18728  -64.1                          40     14  448.8         448.8
   68.0  18817  -64.7                          35     14  449.4         449.4
   67.0  18907  -65.3                          35     13  449.9         449.9
   63.0  19283  -64.0                          35      9  460.9         460.9
   62.3  19351  -63.7                          32     11  462.9         462.9
   61.0  19480  -64.0                          25     15  465.0         465.0
   59.0  19683  -64.5                          35     14  468.3         468.3
   58.4  19746  -64.7                          44     14  469.3         469.3
   57.0  19895  -64.2                          65     15  473.8         473.8
   51.0  20578  -61.8                          75     22  494.6         494.6
   50.3  20663  -61.5                          68     21  497.3         497.3
   50.0  20700  -61.5                          65     20  498.1         498.1
   49.0  20825  -61.5                          55     20  501.1         501.1
   47.0  21083  -61.4                          80     24  507.3         507.3
   45.0  21353  -61.3                          80     30  513.8         513.8
   41.0  21929  -61.1                          70     18  528.1         528.1
   40.3  22036  -61.1                          69     20  530.8         530.8
   38.5  22318  -62.7                          66     25  533.7         533.7
   38.0  22398  -62.6                          65     26  536.0         536.0
   34.5  22994  -61.7                          87     25  553.3         553.3
   34.0  23086  -61.1                          90     25  557.2         557.2
   32.0  23466  -58.6                          65     20  573.6         573.6
   31.0  23664  -57.3                          80     18  582.3         582.3
   30.1  23849  -56.1                          80     18  590.5         590.5
   30.0  23870  -56.1                          80     18  591.1         591.1
   26.2  24732  -55.5                          80     23  616.1         616.1
   26.0  24781  -54.9                          80     23  619.2         619.2
   25.2  24982  -52.5                          88     21  631.6         631.6
   25.0  25033  -52.5                          90     20  633.1         633.1
   24.0  25298  -52.3                          80     17  641.0         641.0
   23.0  25573  -52.2                         100     13  649.2         649.2
   21.2  26100  -51.9                          91     15  665.4         665.4
   21.0  26162  -51.5                          90     15  668.4         668.4
   20.0  26480  -49.5                          55     19  683.9         683.9
   19.5  26646  -47.9                          30     21  693.8         693.8
   19.0  26817  -48.4                           5     24  697.4         697.4
   18.3  27064  -49.1                           3     21  702.7         702.7
   17.3  27435  -45.9                           1     16  724.3         724.3
   17.0  27551  -46.1                           0     14  727.1         727.1
   16.0  27953  -47.0                          10      4  737.0         737.0
   15.7  28079  -47.3                                     740.1         740.1
   15.1  28337  -45.5                                     754.3         754.3
