
-----------------------------------------------------------------------------
   PRES   HGHT   TEMP   DWPT   RELH   MIXR   DRCT   SKNT   THTA   THTE   THTV
    hPa     m      C      C      %    g/kg    deg   knot     K      K      K 
-----------------------------------------------------------------------------
 1011.0      5   26.0   21.0     74  15.75     90     10  298.2  344.2  301.0
 1000.0    103   24.6   19.6     74  14.57     90     18  297.8  340.2  300.4
  952.0    533   20.6   18.3     87  14.10     87     19  297.9  339.0  300.4
  925.0    782   18.8   15.4     81  12.03     85     20  298.5  333.8  300.7
  910.9    914   17.9   14.2     79  11.30     80     20  299.0  332.2  301.0
  905.0    969   17.6   13.7     78  11.00     77     19  299.2  331.5  301.1
  867.0   1334   14.8   14.4     97  12.03     59     16  299.9  335.4  302.1
  850.0   1502   14.4   14.1     98  12.04     50     14  301.2  336.9  303.4
  817.8   1829   13.0   12.2     95  11.03     30     12  303.1  336.1  305.1
  808.0   1931   12.6   11.6     94  10.73     32     12  303.7  335.9  305.7
  789.0   2131   13.6    7.6     67   8.37     35     12  306.8  332.5  308.4
  788.8   2134   13.6    7.6     67   8.37     35     12  306.9  332.5  308.4
  772.0   2315   14.0    8.0     67   8.79     38     11  309.2  336.3  310.8
  760.9   2438   13.5    7.2     66   8.46     40     11  309.9  336.1  311.5
  733.8   2743   12.1    5.3     63   7.67      0      8  311.7  335.7  313.1
  727.0   2821   11.8    4.8     62   7.47    352      7  312.1  335.6  313.5
  700.0   3138   10.6   -0.4     46   5.34    320      5  314.2  331.3  315.2
  691.0   3246    9.8   -2.2     43   4.73    307      4  314.5  329.8  315.4
  682.1   3353    9.8   -8.1     27   3.06    295      3  315.6  325.8  316.2
  682.0   3355    9.8   -8.2     27   3.04    295      3  315.6  325.7  316.2
  673.0   3465   10.0   -2.0     43   4.93    279      4  317.1  333.2  318.0
  657.4   3658    8.5   -1.8     48   5.12    250      5  317.6  334.2  318.5
  633.5   3962    6.2   -1.6     57   5.42    250      8  318.3  336.0  319.4
  610.4   4267    3.9   -1.3     69   5.74    275     12  319.1  337.8  320.1
  588.0   4573    1.6   -1.0     83   6.09    273     16  319.8  339.6  320.9
  527.0   5453   -1.7  -11.7     46   2.98    267     29  326.0  336.3  326.6
  520.0   5559   -1.9  -23.9     17   1.07    267     31  327.0  330.9  327.2
  510.0   5713   -3.3  -17.3     33   1.94    266     33  327.1  334.0  327.5
  505.0   5791   -3.5  -30.7     10   0.59    265     34  327.8  330.1  327.9
  504.0   5807   -3.5  -33.5      8   0.45    266     34  328.0  329.7  328.1
  500.0   5870   -3.9  -29.9     11   0.64    270     34  328.2  330.7  328.4
  488.0   6061   -5.5  -25.5     19   0.99    274     37  328.5  332.2  328.7
  467.2   6401   -7.1  -38.5      6   0.29    280     43  330.7  331.9  330.8
  442.0   6833   -9.1  -55.1      1   0.05    285     40  333.4  333.6  333.4
  415.0   7318  -11.3  -55.3      1   0.05    291     37  336.6  336.9  336.7
  400.0   7600  -13.1  -39.1      9   0.32    295     35  337.9  339.2  337.9
  383.0   7925  -15.5  -38.0     13   0.38    300     34  339.0  340.5  339.1
  348.0   8643  -20.7  -35.7     25   0.53    279     35  341.3  343.4  341.4
  311.4   9449  -27.1  -41.4     25   0.33    255     37  343.3  344.7  343.4
  300.0   9720  -29.3  -43.3     25   0.28    260     43  344.0  345.1  344.0
  278.0  10260  -33.9  -44.9     32   0.25    262     41  344.9  346.0  345.0
  251.0  10973  -37.8  -60.3      8   0.05    265     38  349.4  349.6  349.4
  250.0  11000  -37.9  -60.9      7   0.04    260     37  349.6  349.8  349.6
  247.0  11083  -38.1  -65.1      4   0.02    257     37  350.5  350.6  350.5
  239.9  11278  -39.6  -66.2      4   0.02    250     38  351.1  351.2  351.1
  200.0  12500  -49.1  -73.1      4   0.01    255     31  354.9  354.9  354.9
  192.0  12766  -51.5  -75.5      4   0.01    255     30  355.2  355.2  355.2
  165.4  13716  -59.2  -77.7      7   0.01    255     28  357.8  357.9  357.9
  163.0  13807  -59.9  -77.9      8   0.01    252     28  358.1  358.1  358.1
  150.0  14320  -64.5                         235     27  358.8         358.8
  128.3  15240  -71.5                         220     32  362.7         362.7
  115.6  15850  -76.0                         205     25  365.1         365.1
  109.8  16154  -78.3                         220     15  366.2         366.2
  107.0  16307  -79.5                         245     20  366.7         366.7
  104.2  16459  -79.5                         245     22  369.6         369.6
  100.0  16690  -79.5                         220     24  373.9         373.9
   94.0  17039  -80.2                         170     17  379.2         379.2
   93.5  17069  -80.2                         220     24  379.6         379.6
   83.0  17742  -81.6                         125     11  390.1         390.1
   82.2  17797  -81.7                         124     11  390.9         390.9
   78.3  18073  -77.3                         118     13  405.5         405.5
   73.0  18478  -75.8                         110     16  416.9         416.9
   70.0  18720  -74.9                          80     18  423.8         423.8
   67.0  18976  -73.2                          75     21  432.9         432.9
   64.6  19190  -71.7                          44     15  440.7         440.7
   62.1  19422  -72.5                          11      9  443.9         443.9
   62.0  19432  -72.4                          10      9  444.3         444.3
   60.0  19626  -70.7                           0      0  452.3         452.3
   59.0  19726  -69.8                         145      7  456.4         456.4
   57.1  19921  -68.1                         129     13  464.6         464.6
   56.0  20038  -67.9                         120     16  467.6         467.6
   53.0  20369  -67.4                         120     26  476.2         476.2
   52.0  20484  -67.2                         110     29  479.2         479.2
   50.0  20720  -66.9                          90     25  485.4         485.4
   44.4  21441  -65.3                          90     29  506.1         506.1
   42.1  21768  -61.5                          90     31  523.2         523.2
   35.0  22930  -58.2                          90     37  560.1         560.1
   30.0  23900  -55.5                          80     31  592.7         592.7
   27.0  24579  -53.8                          95     33  615.7         615.7
   21.8  25958  -50.3                          82     38  664.9         664.9
   21.0  26202  -50.2                          80     39  672.3         672.3
   20.0  26520  -50.1                          95     35  682.1         682.1
   17.0  27592  -47.5                          85     38  722.8         722.8
   15.0  28418  -45.5                                     755.8         755.8
