
-----------------------------------------------------------------------------
   PRES   HGHT   TEMP   DWPT   RELH   MIXR   DRCT   SKNT   THTA   THTE   THTV
    hPa     m      C      C      %    g/kg    deg   knot     K      K      K 
-----------------------------------------------------------------------------
 1012.0      5   26.6   19.6     65  14.40    115     12  298.7  340.9  301.3
 1011.0     13   25.0   17.0     61  12.20    115     13  297.2  332.8  299.4
 1000.0    106   23.8   18.8     74  13.85    120     18  296.9  337.2  299.4
  925.0    784   19.2   17.5     90  13.79    115     16  298.9  339.3  301.4
  915.0    878   18.6   16.8     89  13.33    132     16  299.2  338.3  301.6
  901.0   1011   20.6   15.6     73  12.52    155     15  302.6  339.9  304.9
  882.0   1195   19.6   15.2     76  12.47    188     14  303.4  340.7  305.7
  867.0   1344   22.0    9.0     43   8.37    215     14  307.4  333.2  309.0
  850.0   1515   20.8    6.8     40   7.34    245     13  307.9  330.6  309.3
  700.0   3166   10.8   -1.2     43   5.03    275     11  314.4  330.6  315.4
  689.0   3298   10.0   -4.0     37   4.15    274     12  314.9  328.5  315.7
  587.0   4603   -1.5   -9.5     54   3.19    262     19  316.3  326.9  316.9
  530.0   5407   -8.1  -14.1     62   2.44    254     23  317.8  326.0  318.2
  521.0   5540   -7.7  -13.7     62   2.56    253     24  319.8  328.5  320.3
  500.0   5860   -9.1  -17.1     52   2.01    250     26  321.9  328.9  322.3
  459.0   6517  -12.5  -35.5     13   0.41    248     27  325.6  327.2  325.7
  411.0   7349  -19.3  -39.3     15   0.31    246     29  327.3  328.5  327.3
  400.0   7550  -20.1  -45.1      9   0.17    245     29  328.8  329.5  328.8
  373.0   8065  -22.5  -50.5      6   0.10    247     31  332.2  332.7  332.2
  372.0   8085  -22.5  -52.5      5   0.08    248     31  332.5  332.8  332.5
  347.0   8591  -27.1  -42.1     23   0.27    250     33  332.9  334.0  333.0
  312.0   9346  -33.7  -49.7     18   0.13    254     36  334.0  334.6  334.0
  300.0   9620  -35.3  -54.3     13   0.08    255     37  335.5  335.9  335.5
  283.0  10026  -38.3  -58.3     10   0.05    258     49  336.8  337.1  336.9
  280.0  10099  -38.1  -60.1      8   0.04    259     51  338.1  338.3  338.2
  256.0  10717  -39.3  -67.3      4   0.02    264     68  345.1  345.2  345.2
  250.0  10880  -40.5  -66.5      4   0.02    265     73  345.7  345.8  345.7
  200.0  12360  -52.1  -73.1      6   0.01    260     92  350.1  350.1  350.1
  197.0  12456  -52.8  -73.6      6   0.01    260     92  350.5  350.6  350.5
  169.0  13433  -59.9  -78.9      7   0.00    263     89  354.4  354.4  354.4
  160.0  13774  -62.9                         264     87  354.9         354.9
  150.0  14170  -64.9                         265     86  358.1         358.1
  114.0  15802  -74.3                         285     70  369.8         369.8
  105.0  16283  -71.3                         276     59  384.3         384.3
  100.0  16570  -72.5                         270     52  387.4         387.4
   90.0  17184  -76.7                         275     34  391.0         391.0
   89.0  17249  -77.1                         280     35  391.3         391.3
   85.0  17517  -76.2                         275     46  398.4         398.4
   80.0  17870  -74.9                         260     28  407.9         407.9
   76.0  18168  -73.9                         230     24  416.1         416.1
   71.7  18508  -72.7                         251     17  425.6         425.6
   71.0  18566  -71.3                         255     16  429.8         429.8
   70.0  18650  -69.3                         235     14  435.8         435.8
   69.0  18737  -67.9                         210     10  440.5         440.5
   67.1  18905  -65.3                         196      8  449.8         449.8
   65.0  19097  -66.0                         180      5  452.4         452.4
   61.0  19482  -67.3                         215     14  457.7         457.7
   60.5  19532  -67.5                         222     12  458.4         458.4
   60.0  19582  -67.2                         230     10  460.1         460.1
   56.2  19978  -64.9                         159      7  474.0         474.0
   52.0  20451  -65.3                          75      4  483.7         483.7
   51.0  20569  -65.4                          80     10  486.2         486.2
   50.0  20690  -65.5                          70     13  488.7         488.7
   49.0  20812  -66.0                          50     16  490.4         490.4
   48.3  20900  -66.3                          64     11  491.7         491.7
   47.0  21069  -65.6                          90      1  497.1         497.1
   40.0  22067  -61.6                          60     10  530.6         530.6
   38.0  22385  -60.4                          30     10  541.7         541.7
   36.0  22720  -59.0                          85      2  553.6         553.6
   35.0  22894  -58.3                         115     10  559.9         559.9
   34.0  23074  -57.6                          75     14  566.4         566.4
   32.0  23450  -56.1                          85     24  580.3         580.3
   30.0  23860  -54.9                          35     13  594.4         594.4
   29.0  24077  -55.0                          55     15  599.9         599.9
   27.0  24533  -55.2                          40     10  611.7         611.7
   26.0  24774  -55.3                         315      1  618.0         618.0
   24.2  25233  -55.5                          28      6  630.3         630.3
   23.0  25560  -54.5                          80     10  642.5         642.5
   22.0  25846  -53.6                          85     10  653.3         653.3
   20.0  26460  -51.7                         145      7  677.2         677.2
   19.0  26795  -51.0                         140     10  689.4         689.4
   18.0  27149  -50.2                         115     10  702.4         702.4
   17.0  27522  -49.5                          65     10  716.5         716.5
   16.0  27918  -48.6                          25     15  731.8         731.8
   15.4  28168  -48.1                          49      8  741.5         741.5
   15.0                                        65      4                     
