
-----------------------------------------------------------------------------
   PRES   HGHT   TEMP   DWPT   RELH   MIXR   DRCT   SKNT   THTA   THTE   THTV
    hPa     m      C      C      %    g/kg    deg   knot     K      K      K 
-----------------------------------------------------------------------------
 1014.0      5   22.4   17.5     74  12.56    210      8  294.4  330.5  296.6
 1000.0    128   20.6   16.1     75  11.64    190      8  293.8  327.2  295.8
  978.0    320   18.8   15.9     83  11.75    169     11  293.8  327.6  295.9
  964.0    444   18.1   15.6     85  11.66    155     13  294.3  327.9  296.4
  944.0    624   17.0   15.1     88  11.54    145     16  295.0  328.3  297.0
  925.0    798   16.0   14.6     91  11.42    145     14  295.7  328.7  297.7
  910.0    937   15.2   14.1     93  11.22    140     10  296.2  328.8  298.2
  888.0   1145   14.0   13.3     96  10.92     66      5  297.1  328.9  299.0
  869.0   1327   13.2   12.0     92  10.21      0      0  298.1  328.0  299.9
  850.0   1514   12.4   10.6     89   9.53    285      3  299.1  327.2  300.8
  750.0   2551    6.0    1.6     74   5.77    275     10  303.1  320.7  304.1
  727.0   2809    4.4   -0.6     70   5.06    273     16  304.0  319.7  304.9
  708.0   3025    5.4   -9.6     33   2.62    271     22  307.4  315.9  307.9
  700.0   3118    5.2  -12.8     26   2.05    270     24  308.2  315.0  308.6
  687.0   3270    4.8  -15.5     21   1.68    275     26  309.5  315.1  309.8
  656.0   3645    4.0  -22.0     13   1.01    269     26  312.6  316.1  312.8
  592.0   4456   -1.2  -30.7      9   0.51    255     25  315.8  317.7  315.9
  500.0   5790   -9.9  -44.9      4   0.14    270     29  320.9  321.5  320.9
  499.0   5805   -9.9  -44.9      4   0.14    270     29  321.1  321.7  321.1
  455.0   6510  -16.3  -47.3      5   0.12    280     36  321.7  322.1  321.7
  417.0   7162  -20.2  -54.0      3   0.06    290     43  324.8  325.1  324.8
  414.0   7216  -20.5  -54.5      3   0.06    290     43  325.1  325.3  325.1
  400.0   7470  -22.7  -54.7      4   0.06    290     45  325.4  325.6  325.4
  319.0   9086  -36.3  -62.3      5   0.03    278     49  328.3  328.4  328.3
  300.0   9510  -39.3  -61.3      8   0.03    275     50  329.9  330.0  329.9
  266.0  10325  -44.8  -67.7      6   0.02    275     47  333.4  333.4  333.4
  262.0  10427  -45.5  -68.5      6   0.01    275     51  333.8  333.9  333.8
  250.0  10740  -46.1  -66.1      9   0.02    275     64  337.4  337.5  337.4
  245.0  10872  -46.5  -67.4      8   0.02    270     68  338.8  338.8  338.8
  209.0  11914  -49.6  -77.4      2   0.00    265     78  349.6  349.6  349.6
  208.0  11946  -49.7  -77.7      2   0.00    266     78  350.0  350.0  350.0
  200.0  12200  -51.1  -80.1      2   0.00    270     79  351.7  351.7  351.7
  194.0  12394  -52.1  -80.5      2   0.00    275     80  353.1  353.1  353.1
  155.0  13826  -59.9  -83.9      3   0.00    271     70  363.3  363.3  363.3
  150.0  14030  -60.9                         270     69  365.0         365.0
  136.0  14636  -63.7                         273     59  370.4         370.4
  132.0  14820  -62.7                         274     56  375.3         375.3
  130.0  14913  -63.0                         275     54  376.4         376.4
  119.0  15451  -64.9                         265     58  382.5         382.5
  109.0  15985  -66.8                         265     34  388.6         388.6
  104.0  16271  -67.8                         275     24  391.9         391.9
  100.0  16510  -68.7                         280     26  394.7         394.7
   92.7  16962  -71.5                         285     28  397.9         397.9
   81.0  17773  -68.4                         290     20  419.8         419.8
   78.0  18000  -67.6                         310     16  426.1         426.1
   75.0  18235  -66.7                         275     15  432.8         432.8
   70.0  18650  -65.1                         270     12  444.8         444.8
   64.0  19196  -63.9                         220     13  459.0         459.0
   62.2  19370  -63.5                         180     11  463.6         463.6
   60.0  19590  -64.7                         130      8  465.8         465.8
   59.0  19692  -65.2                         100     10  466.8         466.8
   58.1  19786  -65.7                          93     13  467.7         467.7
   55.0  20120  -64.9                          70     23  477.0         477.0
   51.0  20579  -63.8                          40     12  490.0         490.0
   50.0  20700  -63.5                          60     10  493.4         493.4
   49.0  20826  -63.0                          70     12  497.5         497.5
   45.0  21356  -60.8                          70     12  515.0         515.0
   43.0  21639  -59.7                          85     11  524.6         524.6
   41.4  21875  -58.7                          73     12  532.7         532.7
   41.0  21936  -59.0                          70     12  533.5         533.5
   38.6  22314  -60.5                          85     12  538.9         538.9
   37.0  22582  -59.5                          95     12  548.0         548.0
   35.0  22934  -58.2                          70     17  560.2         560.2
   34.0  23118  -57.5                          80     22  566.7         566.7
   30.0  23910  -54.5                          60     28  595.5         595.5
   29.0  24129  -53.4                          55     26  604.2         604.2
   26.8  24638  -50.9                          69     22  625.1         625.1
   26.0  24835  -50.9                          75     20  630.4         630.4
   25.0  25090  -51.0                          70     19  637.4         637.4
   23.1  25604  -51.1                          84     21  651.6         651.6
   23.0                                        85     21                     
