
-----------------------------------------------------------------------------
   PRES   HGHT   TEMP   DWPT   RELH   MIXR   DRCT   SKNT   THTA   THTE   THTV
    hPa     m      C      C      %    g/kg    deg   knot     K      K      K 
-----------------------------------------------------------------------------
 1018.0      5   25.4   17.4     61  12.43    140      9  297.0  333.2  299.2
 1014.0     39   23.8   15.8     61  11.25    141     11  295.8  328.4  297.8
 1000.0    159   23.0   16.0     65  11.56    145     19  296.1  329.7  298.2
  974.0    386   20.6   15.5     73  11.47    145     24  295.9  329.2  298.0
  929.0    794   16.2   14.5     90  11.29    131     29  295.5  328.2  297.5
  925.0    831   16.4   14.3     87  11.19    130     29  296.1  328.6  298.1
  905.0   1017   14.8   13.6     93  10.93    126     30  296.3  328.0  298.2
  901.0   1055   14.7   13.2     91  10.65    125     30  296.5  327.5  298.4
  861.0   1439   13.2    8.5     73   8.15    137     28  298.9  323.0  300.3
  850.0   1547   12.4    8.1     75   8.03    140     27  299.1  323.0  300.6
  802.0   2031    8.8    6.5     85   7.60    140     19  300.3  323.1  301.7
  781.0   2251    7.2    5.7     90   7.40    120     15  300.9  323.1  302.2
  777.0   2294   10.8   -2.2     40   4.21    116     14  305.2  318.4  305.9
  765.0   2424   12.4  -20.6      8   0.98    105     12  308.3  311.6  308.4
  760.0   2478   12.1  -21.5      8   0.91    100     11  308.5  311.6  308.7
  722.0   2905    9.6  -28.3      5   0.52    100      6  310.3  312.2  310.4
  713.0   3009    9.0  -30.0      4   0.45    112      7  310.8  312.4  310.9
  700.0   3161    8.8  -29.2      5   0.49    130      9  312.2  314.0  312.3
  697.0   3196    8.7  -29.4      5   0.48    130     10  312.5  314.2  312.6
  649.0   3784    7.2  -32.7      4   0.38    180     14  317.2  318.7  317.3
  648.0   3797    7.2  -32.8      4   0.38    180     14  317.4  318.8  317.4
  626.0   4075    5.3  -35.8      3   0.29    185     10  318.3  319.4  318.4
  542.0   5234   -2.7  -48.1      2   0.09    220     10  322.2  322.6  322.2
  532.0   5384   -3.7  -49.7      1   0.08    221     11  322.7  323.0  322.7
  500.0   5870   -7.9  -45.9      3   0.13    225     13  323.3  323.9  323.4
  457.0   6551  -13.4  -48.2      4   0.11    215     15  324.9  325.4  324.9
  400.0   7560  -21.5  -51.5      5   0.08    225     18  327.0  327.3  327.0
  382.0   7895  -24.3  -53.4      5   0.07    230     18  327.6  327.9  327.6
  368.0   8166  -26.5  -54.9      5   0.06    235     21  328.1  328.4  328.1
  361.0   8306  -27.7  -55.7      5   0.06    245     23  328.4  328.6  328.4
  358.0   8366  -27.3  -57.3      4   0.05    249     24  329.7  329.9  329.7
  341.0   8715  -28.8  -62.4      2   0.03    275     30  332.3  332.4  332.3
  335.0   8842  -29.3  -64.3      2   0.02    276     32  333.3  333.4  333.3
  300.0   9620  -34.9  -65.9      3   0.02    285     45  336.1  336.1  336.1
  265.0  10475  -40.5  -68.5      3   0.01    285     63  340.0  340.1  340.0
  250.0  10870  -42.5  -73.5      2   0.01    285     71  342.7  342.8  342.8
  242.0  11089  -43.7  -67.7      5   0.02    290     78  344.1  344.2  344.1
  237.0  11229  -44.9  -53.9     36   0.11    289     79  344.4  344.9  344.4
  232.0  11371  -45.9  -53.9     40   0.11    288     80  345.0  345.5  345.0
  227.0  11515  -46.9  -58.9     24   0.06    287     80  345.6  345.9  345.6
  200.0  12340  -54.1  -62.1     37   0.04    280     85  346.9  347.1  346.9
  195.0  12502  -55.1  -62.1     41   0.05    278     88  347.9  348.1  347.9
  190.0  12666  -56.3  -65.1     32   0.03    275     91  348.5  348.6  348.5
  176.0  13150  -59.9  -73.9     14   0.01    275     70  350.3  350.4  350.3
  163.0  13627  -61.8                         275     49  355.0         355.0
  162.0  13665  -61.9                         275     49  355.3         355.3
  150.0  14140  -63.3                         275     47  360.8         360.8
  134.0  14828  -64.8                         275     33  370.0         370.0
  131.0  14967  -65.1                         274     35  371.9         371.9
  122.0  15391  -67.7                         270     42  374.7         374.7
  106.0  16229  -72.9                         230     32  380.2         380.2
  100.0  16570  -72.9                         225     29  386.6         386.6
   94.9  16877  -73.5                         225     26  391.3         391.3
   91.0  17124  -72.9                         225     23  397.2         397.2
   87.0  17388  -72.2                         210     27  403.6         403.6
   81.6  17765  -71.3                         192      7  413.0         413.0
   81.0  17808  -71.3                         190      5  413.8         413.8
   76.0  18185  -71.7                         170     22  420.7         420.7
   74.0  18342  -71.8                         160     20  423.6         423.6
   70.0  18670  -72.1                         155     23  429.8         429.8
   64.9  19114  -73.3                         143     23  436.6         436.6
   64.1  19187  -70.7                         141     23  443.8         443.8
   62.5  19337  -70.9                         136     23  446.6         446.6
   59.2  19658  -70.9                         128     23  453.6         453.6
   56.5  19937  -67.1                         120     23  468.3         468.3
   50.0  20680  -64.3                         100     23  491.5         491.5
   48.7  20842  -63.5                          99     24  497.1         497.1
   44.7  21370  -63.3                          97     26  510.0         510.0
   40.1  22048  -58.5                          94     29  538.1         538.1
   30.5  23775  -58.1                          85     37  582.9         582.9
   30.0  23880  -57.3                          85     37  587.8         587.8
   25.1  25019  -51.5                          85     37  635.2         635.2
   20.0  26500  -48.1                          85     36  688.2         688.2
   17.0  27575  -46.1                                     727.3         727.3
