
-----------------------------------------------------------------------------
   PRES   HGHT   TEMP   DWPT   RELH   MIXR   DRCT   SKNT   THTA   THTE   THTV
    hPa     m      C      C      %    g/kg    deg   knot     K      K      K 
-----------------------------------------------------------------------------
 1016.0      5   26.4   18.4     61  13.28    190     14  298.2  337.0  300.6
 1001.0    134   24.0   18.0     69  13.14    167     20  297.1  335.3  299.4
 1000.0    143   24.0   18.0     69  13.16    165     20  297.1  335.4  299.5
  991.0    222   23.3   17.7     71  13.06    160     20  297.2  335.2  299.5
  947.0    616   19.7   16.5     82  12.59    150     18  297.4  334.1  299.7
  925.0    820   17.8   15.8     88  12.35    140     20  297.5  333.5  299.7
  920.0    867   17.2   15.8     91  12.42    139     21  297.4  333.5  299.6
  911.0    951   17.8   14.3     80  11.37    136     22  298.8  332.2  300.8
  907.0    988   17.6   14.1     80  11.30    135     22  298.9  332.1  301.0
  850.0   1542   14.2   11.7     85  10.26    130     17  301.0  331.5  302.9
  837.0   1672   13.2   11.2     88  10.08    129     15  301.3  331.3  303.1
  792.0   2137   11.5   10.0     90   9.81    125     10  304.3  333.9  306.1
  789.0   2169   11.4    9.9     90   9.80    129     10  304.5  334.0  306.3
  778.0   2287   12.8    2.8     51   6.05    143     10  307.2  326.0  308.3
  761.0   2472   11.7   -0.2     44   4.99    165     11  307.9  323.6  308.9
  742.0   2683   10.4   -3.6     37   3.97    172     13  308.8  321.4  309.5
  723.0   2898    8.7   -3.9     41   3.98    180     16  309.2  321.9  309.9
  716.0   2979    8.0   -4.0     42   3.99    189     16  309.3  322.1  310.1
  706.0   3095    8.6    1.6     61   6.12    202     17  311.2  330.5  312.4
  700.0   3166    8.2    2.2     66   6.45    210     17  311.5  331.9  312.8
  671.0   3513    6.0    2.4     77   6.81    245     15  312.9  334.4  314.2
  647.0   3812    4.2    2.5     89   7.13    266     16  314.1  336.7  315.4
  638.0   3926    4.8    1.9     81   6.93    273     16  316.0  338.2  317.4
  625.0   4094    4.4    0.5     76   6.38    285     17  317.4  338.0  318.7
  618.0   4186    4.2   -0.3     73   6.10    281     16  318.2  338.0  319.4
  599.0   4439    3.4  -26.6      9   0.73    269     15  320.2  322.8  320.3
  576.0   4755    1.4  -16.6     25   1.82    254     12  321.4  327.8  321.8
  562.0   4953    0.9  -31.0      7   0.51    245     11  323.1  325.1  323.2
  558.0   5010    0.8  -35.2      5   0.35    247     11  323.6  325.0  323.7
  500.0   5880   -5.1  -39.1      5   0.26    280      5  326.8  327.8  326.8
  495.0   5959   -5.7  -40.9      4   0.22    275      5  327.0  327.9  327.1
  456.0   6600  -10.1  -55.1      1   0.05    271      9  329.2  329.4  329.2
  449.0   6718  -11.0  -51.8      2   0.07    270     10  329.6  329.9  329.6
  429.0   7067  -13.5  -42.1      7   0.22    255     10  330.7  331.6  330.7
  414.0   7340  -15.5  -34.5     18   0.50    275     13  331.5  333.4  331.6
  403.0   7543  -16.4  -38.6     13   0.34    290     16  332.8  334.2  332.9
  400.0   7600  -16.7  -39.7     12   0.30    290     17  333.2  334.4  333.3
  390.0   7789  -17.7  -45.7      7   0.16    287     22  334.3  335.0  334.3
  387.0   7847  -17.7  -32.7     26   0.64    286     23  335.0  337.5  335.2
  385.0   7885  -17.7  -25.7     50   1.23    285     24  335.5  340.2  335.8
  366.0   8261  -20.5  -22.2     86   1.77    298     27  336.7  343.2  337.1
  349.0   8608  -23.0  -24.4     88   1.53    310     29  337.9  343.6  338.2
  328.0   9061  -26.3  -27.3     91   1.25    302     31  339.4  344.2  339.7
  317.0   9306  -27.9  -37.9     38   0.46    297     33  340.5  342.4  340.6
  315.0   9352  -27.7  -45.7     16   0.20    296     33  341.4  342.3  341.5
  310.0   9466  -28.1  -37.1     42   0.51    294     34  342.4  344.5  342.5
  300.0   9700  -30.1  -44.1     24   0.26    290     35  342.8  343.9  342.9
  297.0   9771  -30.5  -43.5     27   0.27    289     36  343.3  344.4  343.3
  294.0   9843  -30.5  -53.5      9   0.09    288     36  344.3  344.7  344.3
  264.0  10597  -37.1  -44.1     48   0.29    275     43  345.4  346.6  345.4
  263.0  10623  -37.3  -44.2     48   0.29    275     43  345.4  346.6  345.5
  250.0  10970  -40.3  -46.3     53   0.24    275     47  346.0  347.0  346.1
  210.0  12141  -50.1  -53.9     64   0.12    275     57  348.4  348.9  348.4
  200.0  12460  -52.3  -58.3     48   0.07    275     60  349.8  350.1  349.8
  195.0  12622  -53.6  -59.6     48   0.06    275     61  350.2  350.5  350.2
  191.0  12755  -54.7  -60.7     47   0.06    273     60  350.6  350.8  350.6
  180.0  13132  -57.3  -68.3     23   0.02    269     57  352.3  352.4  352.3
  170.0  13490  -59.9  -71.9     19   0.01    264     55  353.8  353.9  353.8
  151.0  14219  -65.0                         255     49  357.2         357.2
  150.0  14260  -65.3                         255     49  357.4         357.4
  136.0  14853  -68.1                         255     30  362.6         362.6
  124.0  15392  -72.4                         280     22  364.5         364.5
  116.0  15782  -75.5                         315     18  365.7         365.7
  110.0  16092  -78.0                         320     18  366.6         366.6
  107.0  16254  -79.3                         310     18  367.1         367.1
  100.0  16640  -77.1                         265     14  378.5         378.5
   99.0  16698  -76.8                         265     10  380.3         380.3
   94.4  16971  -75.1                         336     10  388.7         388.7
   92.0  17119  -76.0                          15     10  389.9         389.9
   85.0  17572  -78.6                          30     14  393.5         393.5
   84.2  17626  -78.9                          21     13  393.9         393.9
   82.0  17777  -75.1                         355     10  404.7         404.7
   74.8  18313  -71.5                          36      7  423.0         423.0
   70.0  18700  -74.7                          65      5  424.2         424.2
   68.3  18843  -75.9                          10      1  424.7         424.7
   68.0  18869  -75.8                           0      0  425.3         425.3
   64.0  19223  -75.0                         170     10  434.7         434.7
   59.0  19699  -73.8                          95     18  447.5         447.5
   53.0  20325  -72.3                          70     28  465.0         465.0
   52.4  20392  -72.1                          67     27  466.9         466.9
   50.0  20670  -70.3                          55     25  477.4         477.4
   45.5  21238  -64.9                          95     18  503.5         503.5
   45.0  21305  -65.3                         100     17  504.2         504.2
   44.7  21346  -65.5                          99     18  504.6         504.6
   42.0  21732  -64.2                          85     25  516.9         516.9
   31.0  23617  -57.8                         105     36  581.0         581.0
   30.0  23820  -57.1                         100     37  588.4         588.4
   27.0  24496  -54.5                          90     43  613.6         613.6
   24.0  25252  -51.6                         105     43  643.0         643.0
   23.5  25387  -51.1                         103     43  648.4         648.4
   21.9  25844  -52.9                          95     43  656.3         656.3
   20.0  26430  -52.5                          85     43  674.7         674.7
   19.0  26766  -51.7                          85     50  687.2         687.2
   17.0  27494  -50.0                          85     46  714.9         714.9
   16.0  27891  -49.0                          60     28  730.5         730.5
   15.0  28313  -48.0                         125     51  747.4         747.4
   14.0  28765  -47.0                         315     47  765.9         765.9
   13.6  28955  -46.5                                     773.8         773.8
