
-----------------------------------------------------------------------------
   PRES   HGHT   TEMP   DWPT   RELH   MIXR   DRCT   SKNT   THTA   THTE   THTV
    hPa     m      C      C      %    g/kg    deg   knot     K      K      K 
-----------------------------------------------------------------------------
 1028.0      5   21.0   11.0     53   8.08    130     10  291.8  315.1  293.3
 1009.0    163   18.9   10.4     58   7.90    115     15  291.3  314.0  292.7
 1003.0    214   18.2   10.2     60   7.84    115     14  291.1  313.6  292.5
 1000.0    239   18.0   10.0     60   7.76    115     14  291.1  313.5  292.5
  925.0    901   11.8    8.2     79   7.43     90     15  291.4  312.8  292.7
  923.0    919   11.6    8.2     80   7.44     90     15  291.3  312.8  292.6
  850.0   1601    6.2    5.0     92   6.47    110     17  292.6  311.5  293.8
  849.0   1611    6.1    4.9     92   6.45    110     17  292.6  311.4  293.8
  813.0   1964    3.2    2.1     92   5.51     93     20  293.2  309.4  294.2
  807.0   2024    4.4   -2.6     60   3.93     91     21  295.1  306.9  295.8
  801.0   2085    7.0  -21.0     12   0.90     88     21  298.5  301.5  298.6
  783.0   2272    8.0  -24.0      8   0.71     79     23  301.5  303.9  301.6
  775.0   2356    7.7  -25.1      8   0.65     75     24  302.0  304.2  302.1
  720.0   2958    5.1  -33.0      4   0.33     55     16  305.6  306.9  305.7
  701.0   3176    4.2  -35.8      4   0.26     31     10  307.0  307.9  307.0
  700.0   3188    4.2  -34.8      4   0.29     30     10  307.1  308.2  307.2
  697.0   3222    4.0  -35.1      4   0.28     30     10  307.2  308.3  307.3
  663.0   3623    1.5  -39.1      3   0.20     20     10  308.9  309.6  308.9
  630.0   4033   -1.0  -43.1      2   0.14     40      9  310.6  311.1  310.6
  611.0   4278   -2.5  -45.5      2   0.11     32      5  311.6  312.0  311.6
  605.0   4355   -3.1  -45.3      2   0.11     30      4  311.7  312.2  311.8
  576.0   4738   -6.2  -44.5      3   0.13     35      8  312.6  313.1  312.6
  548.0   5127   -9.3  -43.6      4   0.15     25     12  313.4  313.9  313.4
  539.0   5256  -10.3  -43.3      5   0.15     29     13  313.6  314.2  313.6
  526.0   5443  -11.5  -35.6     12   0.35     35     14  314.4  315.7  314.4
  513.0   5635  -12.7  -27.7     27   0.77     20     15  315.2  317.9  315.3
  500.0   5830  -13.7  -33.7     17   0.45      5     17  316.3  317.9  316.4
  495.0   5906  -13.9  -37.9     11   0.30      1     17  316.9  318.1  317.0
  494.0   5922  -14.0  -37.3     12   0.31      0     17  317.0  318.2  317.1
  478.0   6171  -15.1  -28.1     32   0.80      1     18  318.6  321.5  318.8
  431.0   6943  -22.5  -27.5     64   0.93      5     22  318.8  322.1  319.0
  428.0   6995  -22.7  -27.4     65   0.95      5     22  319.2  322.6  319.4
  407.0   7363  -24.0  -26.9     77   1.05    350     23  322.1  325.8  322.3
  400.0   7490  -24.5  -26.7     82   1.08    340     25  323.1  327.0  323.3
  389.0   7693  -25.1  -28.2     75   0.97    332     27  324.9  328.4  325.1
  379.0   7879  -26.6  -29.4     77   0.89    325     28  325.4  328.6  325.5
  365.0   8147  -28.7  -31.1     79   0.79    315     30  326.1  329.0  326.2
  330.0   8866  -34.3  -35.7     87   0.55    310     56  327.9  330.0  328.0
  315.0   9191  -34.9  -43.9     39   0.25    307     68  331.4  332.4  331.5
  300.0   9530  -36.5  -51.5     20   0.11    305     81  333.8  334.3  333.8
  299.0   9553  -36.5  -52.5     18   0.10    305     81  334.1  334.6  334.1
  292.0   9714  -37.9  -53.5     18   0.09    305     83  334.5  334.9  334.5
  250.0  10770  -46.7  -59.7     21   0.05    305     86  336.5  336.7  336.5
  229.0  11340  -51.8  -61.7     29   0.04    305     90  337.3  337.5  337.3
  223.0  11513  -53.3  -62.3     33   0.04    305     81  337.5  337.7  337.6
  202.0  12146  -53.3  -71.4      9   0.01    305     46  347.2  347.3  347.2
  200.0  12210  -53.3  -72.3      8   0.01    305     45  348.2  348.3  348.2
  187.0  12642  -54.7  -77.7      4   0.01    308     38  352.7  352.7  352.7
  179.0  12919  -56.3  -79.0      4   0.00    310     34  354.5  354.6  354.5
  162.0  13551  -59.9  -81.9      4   0.00    297     30  358.7  358.7  358.7
  153.0  13907  -61.5                         290     28  361.8         361.8
  150.0  14030  -62.1                         290     28  362.9         362.9
  142.0  14366  -64.3                         300     25  364.8         364.8
  130.0  14901  -65.0                         300     17  372.8         372.8
  125.0  15138  -65.3                         315      9  376.5         376.5
  120.0  15386  -65.6                         355      8  380.3         380.3
  116.0  15591  -65.9                          10     13  383.5         383.5
  110.0  15913  -66.3                         350     13  388.6         388.6
  105.0  16194  -66.7                         340     13  393.1         393.1
  100.0  16490  -67.1                         300      5  397.8         397.8
   98.0  16612  -67.3                         350      1  399.8         399.8
   84.4  17511  -68.7                         100      8  414.3         414.3
   81.0  17758  -68.3                         130     10  420.0         420.0
   75.2  18205  -67.7                          91     18  430.3         430.3
   71.1  18545  -64.9                          61     24  443.2         443.2
   71.0  18553  -65.0                          60     24  443.3         443.3
   70.0  18640  -65.5                          55     24  443.9         443.9
   63.9  19191  -67.7                          67     21  450.8         450.8
   60.0  19573  -65.6                          75     19  463.6         463.6
   57.0  19885  -63.9                         105     20  474.3         474.3
   56.6  19928  -63.7                         105     20  475.8         475.8
   50.0  20690  -62.3                         100     25  496.2         496.2
   45.0  21345  -61.4                          85     32  513.7         513.7
   38.0  22395  -59.8                          95     44  543.0         543.0
   35.1  22889  -59.1                          81     44  557.4         557.4
   35.0  22907  -59.1                          80     44  557.7         557.7
   32.3  23408  -60.1                          83     49  568.1         568.1
   30.0  23870  -58.7                          85     54  584.0         584.0
   26.7  24606  -57.9                          91     59  606.0         606.0
   23.0  25561  -52.9                          98     64  647.1         647.1
   22.0  25850  -52.3                         100     66  657.3         657.3
   21.7  25939  -52.1                         100     66  660.5         660.5
   20.0  26470  -50.9                          90     57  679.6         679.6
   16.1  27892  -47.5                          95     48  734.1         734.1
   16.0  27934  -47.3                          95     48  736.0         736.0
   15.0  28364  -45.4                          85     31  756.1         756.1
   14.0  28825  -43.3                         120     24  778.2         778.2
   13.8  28921  -42.9                         121     24  782.8         782.8
   12.0  29859  -44.3                         135     21  809.7         809.7
   11.8  29972  -44.5                                     813.0         813.0
