
-----------------------------------------------------------------------------
   PRES   HGHT   TEMP   DWPT   RELH   MIXR   DRCT   SKNT   THTA   THTE   THTV
    hPa     m      C      C      %    g/kg    deg   knot     K      K      K 
-----------------------------------------------------------------------------
 1013.0      5   27.6   18.6     58  13.50    205      7  299.6  339.3  302.1
 1010.0     32   26.2   16.2     54  11.60    205      7  298.5  332.5  300.6
 1000.0    122   25.4   17.4     61  12.66    205      6  298.6  335.6  300.8
  959.0    489   21.8   17.0     74  12.87    189      6  298.5  336.2  300.8
  925.0    802   20.0   15.0     73  11.72    175      6  299.8  334.3  301.9
  859.0   1437   15.2   12.1     82  10.43    157      7  301.1  332.1  303.0
  850.0   1526   14.8   10.6     76   9.53    155      7  301.6  330.1  303.4
  838.0   1646   13.6   10.3     80   9.47    149      7  301.6  329.9  303.3
  797.0   2068   11.8    7.0     72   7.94    130      5  304.0  328.1  305.5
  776.0   2292   11.2    1.2     50   5.41    120      4  305.7  322.5  306.7
  757.0   2497    9.7    1.3     56   5.57    110      3  306.3  323.6  307.3
  714.0   2981    6.2    1.4     71   5.97     58     10  307.6  326.1  308.7
  712.0   3004    6.0    1.1     70   5.84     55     10  307.6  325.8  308.7
  700.0   3143    5.0   -1.0     65   5.11     55     11  308.0  324.0  308.9
  678.0   3403    3.8   -6.2     48   3.57     55     10  309.5  320.9  310.1
  663.0   3584    2.4   -1.9     73   5.05     68      8  309.9  325.9  310.8
  632.0   3971    1.4   -7.8     50   3.38     95      4  313.0  324.0  313.6
  627.0   4035    1.2   -8.8     47   3.15    118      6  313.5  323.9  314.1
  620.0   4125    0.7   -9.6     46   3.00    150     10  313.9  323.8  314.5
  603.0   4348   -0.5  -11.5     43   2.64    153     16  315.0  323.9  315.6
  595.0   4454   -0.3  -23.3     16   0.99    154     18  316.5  320.0  316.7
  590.0   4522   -0.7  -27.6     11   0.68    155     20  316.8  319.3  317.0
  581.0   4644   -1.3  -35.3      6   0.33    155     19  317.5  318.7  317.5
  557.0   4978   -3.5  -31.1     10   0.52    155     15  318.7  320.6  318.8
  555.0   5007   -3.7  -30.7     10   0.54    156     15  318.8  320.8  318.9
  501.0   5804  -10.2  -22.5     36   1.27    190     10  320.4  324.9  320.6
  500.0   5820  -10.3  -22.3     37   1.29    190     10  320.4  325.0  320.7
  494.0   5913  -11.3  -22.3     40   1.30    189      9  320.3  324.9  320.6
  491.0   5960  -11.3  -29.3     21   0.69    188      9  320.9  323.4  321.0
  479.0   6149  -12.8  -27.5     28   0.84    185      7  321.3  324.4  321.5
  462.0   6425  -14.9  -24.9     42   1.10    194     10  322.0  326.0  322.2
  445.0   6708  -16.9  -34.9     19   0.45    204     13  322.9  324.6  323.0
  443.0   6742  -17.2  -35.0     20   0.45    205     13  323.0  324.7  323.1
  421.0   7122  -20.5  -35.5     25   0.44    199     12  323.5  325.2  323.6
  414.0   7247  -21.7  -41.7     15   0.24    197     12  323.5  324.4  323.6
  409.0   7336  -22.1  -46.3      9   0.15    195     12  324.2  324.8  324.2
  400.0   7500  -22.7  -54.7      4   0.06    215     12  325.4  325.6  325.4
  391.0   7666  -23.9  -55.9      4   0.05    230     16  325.9  326.2  326.0
  379.0   7893  -25.2  -39.3     26   0.33    250     21  327.1  328.4  327.2
  375.0   7970  -25.7  -33.7     47   0.60    254     21  327.5  329.8  327.6
  373.0   8009  -25.5  -40.5     23   0.30    256     21  328.2  329.4  328.3
  355.0   8365  -28.1  -40.1     31   0.33    275     23  329.4  330.7  329.5
  345.0   8570  -29.3  -50.3     11   0.11    286     24  330.5  331.0  330.5
  341.0   8652  -30.0  -50.3     12   0.11    290     24  330.7  331.1  330.7
  305.0   9436  -36.5  -50.5     22   0.12    281     25  332.2  332.8  332.3
  300.0   9550  -37.7  -55.7     13   0.07    280     25  332.1  332.4  332.1
  285.0   9902  -40.7  -60.6     10   0.04    270     29  332.7  332.9  332.7
  284.0   9927  -40.9  -60.9     10   0.04    271     29  332.8  332.9  332.8
  273.0  10194  -42.0  -64.5      7   0.02    285     25  334.9  335.1  334.9
  250.0  10790  -44.5  -72.5      3   0.01    275     36  339.8  339.8  339.8
  221.0  11609  -47.7  -75.7      3   0.01    286     45  347.0  347.1  347.0
  200.0  12260  -52.3  -76.3      4   0.01    295     52  349.8  349.8  349.8
  199.0  12292  -52.5  -76.5      4   0.01    295     53  350.0  350.1  350.0
  175.0  13109  -56.9  -80.9      3   0.00    270     35  355.9  355.9  355.9
  165.0  13483  -58.9  -82.9      3   0.00    272     33  358.5  358.5  358.5
  156.0  13835  -58.1  -86.1      2   0.00    274     32  365.7  365.7  365.7
  151.0  14039  -59.9  -86.9      2   0.00    275     31  366.0  366.0  366.0
  150.0  14080  -60.3                         275     31  366.0         366.0
  143.0  14374  -62.6                         270     30  367.1         367.1
  131.0  14912  -66.7                         288     33  369.0         369.0
  127.0  15098  -67.6                         295     34  370.7         370.7
  119.0  15486  -69.4                         275     42  374.3         374.3
  115.0  15691  -70.4                         265     39  376.1         376.1
  109.0  16011  -71.9                         270     32  379.1         379.1
  104.0  16288  -71.6                         280     32  384.9         384.9
  100.0  16520  -71.3                         265     26  389.7         389.7
   93.0  16946  -72.7                         280     16  395.1         395.1
   89.0  17204  -73.6                         290     19  398.4         398.4
   87.5  17304  -73.9                         286     22  399.6         399.6
   85.0  17474  -73.2                         280     27  404.4         404.4
   81.0  17758  -72.1                         250     18  412.3         412.3
   75.0  18211  -70.2                         265     10  425.4         425.4
   74.6  18243  -70.1                         260      9  426.3         426.3
   73.0  18371  -70.7                         240      5  427.7         427.7
   71.3  18511  -71.3                         206      9  429.3         429.3
   71.0  18536  -71.0                         200     10  430.5         430.5
   70.0  18620  -69.9                         195     14  434.5         434.5
   67.3  18856  -66.9                         159     20  445.9         445.9
   67.0  18883  -67.0                         155     21  446.2         446.2
   66.0  18973  -67.4                         140     21  447.4         447.4
   62.0  19349  -68.9                         110     13  452.0         452.0
   61.6  19388  -69.1                         109     13  452.4         452.4
   56.4  19920  -65.5                          90     17  472.2         472.2
   55.0  20072  -65.8                          85     18  474.9         474.9
   50.0  20650  -66.9                          90     18  485.4         485.4
   49.7  20686  -66.9                          91     19  486.2         486.2
   49.0  20773  -66.4                          95     20  489.4         489.4
   46.0  21160  -64.2                          75     22  503.7         503.7
   43.9  21446  -62.5                          72     19  514.5         514.5
   42.0  21719  -63.1                          70     17  519.6         519.6
   40.1  22005  -63.7                          89     14  525.0         525.0
   40.0  22020  -63.6                          90     14  525.6         525.6
   38.0  22341  -62.4                          70     17  536.6         536.6
   37.0  22508  -61.7                          90     17  542.4         542.4
   35.0  22856  -60.3                          60     16  554.6         554.6
   34.0  23037  -59.6                          70     13  561.1         561.1
   33.0  23224  -58.9                         110     15  567.9         567.9
   30.0  23820  -56.5                          85     19  590.0         590.0
   24.8  25041  -52.1                          67     28  635.6         635.6
   23.1  25500  -53.3                          60     32  645.2         645.2
   22.0  25815  -53.0                          55     34  655.2         655.2
   21.0  26115  -52.6                          65     22  665.0         665.0
   20.0  26430  -52.3                          80     26  675.3         675.3
   18.0  27122  -50.0                          90     32  703.2         703.2
   17.0  27498  -48.7                          80     44  718.8         718.8
   15.0  28320  -46.0                          80     43  754.1         754.1
   14.4  28588  -45.1                                     766.0         766.0
