
-----------------------------------------------------------------------------
   PRES   HGHT   TEMP   DWPT   RELH   MIXR   DRCT   SKNT   THTA   THTE   THTV
    hPa     m      C      C      %    g/kg    deg   knot     K      K      K 
-----------------------------------------------------------------------------
 1017.0      5   14.8   12.6     87   9.09    355      7  286.6  312.0  288.1
 1007.0     86   14.3   11.7     84   8.62    330     10  286.9  311.1  288.4
 1000.0    143   14.0   11.0     82   8.30    325     11  287.1  310.6  288.6
  968.0    416   12.2    9.8     85   7.91    295     17  288.1  310.5  289.4
  928.0    770   10.0    8.2     89   7.41    275     21  289.2  310.4  290.5
  925.0    797    9.8    8.1     89   7.38    275     22  289.3  310.4  290.6
  875.0   1257    6.4    6.0     97   6.74    275     35  290.4  309.8  291.6
  850.0   1495    6.4    4.7     89   6.34    285     34  292.8  311.3  294.0
  828.0   1710    6.1    4.2     87   6.27    295     40  294.8  313.2  295.9
  816.0   1830    6.0    3.9     86   6.24    293     40  295.9  314.3  297.0
  759.0   2419    3.2    2.3     93   5.99    285     39  299.1  317.0  300.1
  719.0   2859    1.2    1.1     99   5.80    304     47  301.5  319.1  302.5
  716.0   2892    1.0    0.8     99   5.72    305     48  301.6  318.9  302.6
  700.0   3074   -0.3   -0.5     99   5.30    295     45  302.1  318.3  303.1
  684.0   3259   -1.5   -1.6     99   5.00    294     48  302.8  318.2  303.7
  640.0   3783   -5.4   -5.9     96   3.86    290     58  304.2  316.3  304.9
  622.0   4008   -7.0   -7.8     94   3.44    295     55  304.8  315.6  305.4
  617.0   4072   -7.5   -8.3     94   3.33    295     60  304.9  315.5  305.6
  605.0   4225   -8.3  -12.0     75   2.53    295     71  305.7  313.9  306.2
  595.0   4355   -6.9  -10.7     74   2.86    295     81  308.8  318.1  309.4
  578.0   4581   -8.1  -15.1     57   2.06    295     78  310.0  316.8  310.4
  570.0   4689   -9.1  -15.1     62   2.09    295     76  310.1  317.0  310.4
  566.0   4743   -9.7  -22.7     34   1.10    295     75  310.0  313.8  310.2
  562.0   4798   -9.9  -19.9     44   1.41    295     74  310.4  315.1  310.6
  547.0   5006  -11.0  -38.8      8   0.24    295     71  311.4  312.4  311.5
  541.0   5091  -11.5  -46.5      4   0.11    294     72  311.9  312.3  311.9
  500.0   5690  -15.5  -48.5      4   0.09    290     79  314.1  314.5  314.1
  493.0   5796  -15.7  -46.7      5   0.12    291     82  315.1  315.6  315.1
  483.0   5951  -14.7  -49.7      3   0.08    292     87  318.2  318.5  318.2
  431.0   6805  -19.7  -38.7     17   0.31    299    112  322.4  323.6  322.4
  424.0   6927  -18.8  -44.1      9   0.18    300    116  325.0  325.7  325.0
  420.0   6997  -18.3  -47.3      6   0.13    299    116  326.5  327.1  326.6
  400.0   7360  -20.3  -60.3      1   0.03    295    113  328.5  328.6  328.5
  393.0   7490  -20.8  -61.1      1   0.03    295    113  329.6  329.7  329.6
  362.0   8095  -22.9  -64.9      1   0.02    291    113  334.6  334.6  334.6
  315.0   9094  -31.7  -63.4      3   0.02    285    113  335.9  336.0  335.9
  312.0   9163  -32.3  -63.3      3   0.02    285    115  335.9  336.1  335.9
  304.0   9346  -31.5  -68.5      1   0.01    285    122  339.6  339.6  339.6
  300.0   9440  -31.9  -69.9      1   0.01    285    125  340.3  340.4  340.3
  263.0  10350  -39.0  -68.3      3   0.01    290    131  343.0  343.1  343.0
  250.0  10700  -41.7  -67.7      4   0.02    290    129  343.9  344.0  343.9
  219.0  11592  -46.5  -77.5      2   0.00    284    122  349.8  349.8  349.8
  200.0  12190  -51.3  -80.3      2   0.00    280    118  351.4  351.4  351.4
  164.0  13457  -59.9  -85.9      2   0.00    280    116  357.4  357.5  357.4
  150.0  14010  -63.5                         280    115  360.5         360.5
  145.0  14217  -64.9                         280    114  361.6         361.6
  144.0  14259  -64.7                         280    114  362.6         362.6
  140.0  14431  -64.1                         282    113  366.6         366.6
  120.0  15357  -68.8                         290    110  374.6         374.6
  110.0  15880  -71.4                         280     99  379.0         379.0
  109.0  15934  -71.7                         285     95  379.5         379.5
  104.0  16214  -67.7                         295     73  392.2         392.2
  103.0  16272  -66.9                         295     73  394.9         394.9
  100.0  16450  -67.9                         295     74  396.3         396.3
   96.0  16694  -68.6                         295     81  399.5         399.5
   93.3  16865  -69.1                         291     79  401.8         401.8
   90.0  17081  -68.1                         285     77  407.9         407.9
   86.7  17304  -67.1                         278     63  414.4         414.4
   85.4  17396  -63.7                         275     57  423.0         423.0
   81.0  17716  -64.9                         265     37  427.0         427.0
   77.0  18023  -66.1                         295     25  430.8         430.8
   74.0  18264  -67.0                         295     21  433.7         433.7
   73.0  18346  -67.3                         310     24  434.8         434.8
   70.0  18600  -68.3                         305     34  437.9         437.9
   69.3  18660  -68.7                         305     35  438.3         438.3
   69.0  18687  -68.2                         305     35  440.0         440.0
   68.0  18775  -66.3                         295     30  445.8         445.8
   67.1  18856  -64.7                         299     29  451.1         451.1
   63.0  19242  -63.7                         320     27  461.4         461.4
   61.0  19440  -63.2                         305     27  466.8         466.8
   60.5  19491  -63.1                         306     27  468.2         468.2
   59.0  19645  -63.3                         310     29  471.0         471.0
   55.0  20075  -64.0                         265     30  479.0         479.0
   53.0  20303  -64.3                         250     26  483.3         483.3
   50.0  20660  -64.9                         260     21  490.1         490.1
   48.4  20859  -65.1                         280     12  494.2         494.2
   48.0  20910  -64.9                         285     10  495.9         495.9
   43.0  21595  -62.0                           0      0  518.7         518.7
   36.0  22700  -57.4                         175     10  557.6         557.6
   35.8  22735  -57.3                         170     10  558.9         558.9
   35.0  22878  -57.9                         150     12  560.9         560.9
   33.8  23098  -58.9                          85     11  563.9         563.9
   33.0  23249  -58.7                          40     10  568.5         568.5
   31.0  23643  -58.0                         350     15  580.4         580.4
   30.0  23850  -57.7                         315      7  586.8         586.8
   27.0  24514  -57.5                         285     10  605.4         605.4
   25.3  24923  -57.3                         311     10  617.2         617.2
   20.0  26430  -50.1                          45     10  682.1         682.1
   19.0  26766  -49.5                           0      6  694.0         694.0
   18.4  26976  -49.1                         301      8  701.6         701.6
   18.0  27118  -49.6                         260     10  704.3         704.3
   17.0  27490  -51.1                         225     19  711.3         711.3
   16.0  27884  -52.6                         215     13  718.7         718.7
   15.7  28007  -53.1                         253     11  721.1         721.1
   15.0  28302  -52.3                         345      6  733.2         733.2
   14.5  28521  -51.7                                     742.3         742.3
