
-----------------------------------------------------------------------------
   PRES   HGHT   TEMP   DWPT   RELH   MIXR   DRCT   SKNT   THTA   THTE   THTV
    hPa     m      C      C      %    g/kg    deg   knot     K      K      K 
-----------------------------------------------------------------------------
 1020.0      5   15.6   14.6     94  10.34    120      9  287.1  316.0  288.9
 1000.0    175   14.4   12.7     90   9.30     95     18  287.6  313.7  289.2
  969.0    440   13.0   11.6     91   8.93     80     22  288.8  314.0  290.3
  956.0    554   12.4   11.1     92   8.77     70     24  289.3  314.2  290.8
  925.0    832   11.0   10.0     94   8.40     65     22  290.6  314.6  292.0
  899.0   1068    9.7    9.0     95   8.07     60     20  291.6  314.8  293.0
  850.0   1533    7.2    7.0     99   7.44     55     21  293.7  315.3  295.0
  795.0   2078    3.9    3.6     98   6.28     55     22  295.8  314.4  297.0
  734.0   2728    0.0   -0.4     97   5.09     39     23  298.4  313.7  299.3
  700.0   3108   -1.3   -1.9     96   4.78     30     24  301.0  315.6  301.9
  679.0   3350   -2.1   -2.9     94   4.56     25     28  302.8  316.9  303.6
  647.0   3735   -3.3   -4.6     91   4.22    347     25  305.6  318.8  306.4
  618.0   4090   -5.5   -7.0     90   3.69    310     22  307.1  318.8  307.8
  604.0   4267   -6.6   -8.1     89   3.45    295     22  307.8  318.9  308.5
  589.0   4462   -7.8   -9.4     88   3.20    285     26  308.6  318.9  309.2
  500.0   5730  -15.7  -17.8     84   1.90    285     42  313.8  320.2  314.2
  490.0   5882  -16.6  -18.7     84   1.79    285     46  314.5  320.6  314.8
  455.0   6437  -20.1  -22.0     85   1.45    306     49  316.9  321.9  317.2
  449.0   6534  -20.9  -23.1     83   1.34    310     50  317.1  321.8  317.4
  400.0   7380  -27.9  -32.2     67   0.65    305     61  318.6  321.0  318.8
  376.0   7820  -31.9  -36.2     66   0.46    308     69  319.0  320.8  319.1
  361.0   8105  -33.7  -39.1     58   0.36    310     74  320.4  321.7  320.4
  353.0   8262  -34.7  -40.7     54   0.31    308     73  321.1  322.3  321.1
  347.0   8381  -35.3  -39.2     67   0.37    306     73  321.8  323.2  321.9
  339.0   8542  -36.7  -51.7     20   0.10    303     72  322.1  322.5  322.1
  329.0   8748  -38.0  -55.0     15   0.07    300     71  323.1  323.4  323.1
  320.0   8938  -39.1  -58.1     12   0.05    295     76  324.1  324.3  324.1
  300.0   9380  -38.3  -72.3      2   0.01    290     94  331.3  331.3  331.3
  288.0   9663  -36.8  -65.3      4   0.02    290    112  337.3  337.4  337.3
  287.0   9687  -36.7  -64.7      4   0.02    290    112  337.8  337.9  337.8
  250.0  10640  -40.9  -68.9      3   0.01    285    117  345.1  345.2  345.1
  219.0  11518  -46.1  -72.3      4   0.01    280    123  350.4  350.4  350.4
  200.0  12120  -49.7  -74.7      4   0.01    280    109  353.9  353.9  353.9
  164.0  13398  -57.7  -77.7      6   0.01    277     94  361.1  361.2  361.1
  150.0  13960  -59.5  -76.5      9   0.01    275     87  367.4  367.4  367.4
  143.0  14258  -59.7  -78.4      7   0.01    270     86  372.1  372.1  372.1
  142.0  14302  -59.7  -78.7      7   0.01    270     83  372.8  372.9  372.8
  140.0  14391  -58.3  -79.3      5   0.01    269     78  376.8  376.8  376.8
  133.0  14712  -59.9  -81.9      4   0.00    265     58  379.5  379.5  379.5
  132.0  14758  -60.2                         265     55  379.8         379.8
  123.0  15191  -63.1                         275     47  382.2         382.2
  110.0  15875  -67.7                         290     60  386.0         386.0
  105.0  16155  -65.9                         280     49  394.6         394.6
  100.0  16450  -67.3                         270     37  397.4         397.4
   97.4  16609  -67.5                         264     45  400.1         400.1
   96.0  16697  -66.5                         260     49  403.7         403.7
   93.0  16891  -64.3                         250     40  411.7         411.7
   91.2  17010  -62.9                         265     32  416.8         416.8
   90.0  17091  -63.4                         275     26  417.4         417.4
   84.0  17513  -65.7                         295     38  421.0         421.0
   77.0  18040  -66.8                         275     23  429.2         429.2
   76.6  18072  -66.9                         276     22  429.7         429.7
   74.0  18282  -65.9                         285     15  436.1         436.1
   71.0  18534  -64.7                         310     13  443.8         443.8
   70.0  18620  -64.3                         305     13  446.5         446.5
   68.0  18797  -65.3                         275     10  448.0         448.0
   64.0  19170  -61.2                         310      1  464.8         464.8
   63.7  19198  -60.9                                     466.1         466.1
