
-----------------------------------------------------------------------------
   PRES   HGHT   TEMP   DWPT   RELH   MIXR   DRCT   SKNT   THTA   THTE   THTV
    hPa     m      C      C      %    g/kg    deg   knot     K      K      K 
-----------------------------------------------------------------------------
 1021.0      5   11.0    3.0     58   4.67    210      7  282.5  295.7  283.3
 1012.0     79   10.2    3.2     62   4.78    230     12  282.4  295.9  283.2
 1000.0    179   11.4   -1.6     40   3.42    235     10  284.6  294.5  285.1
  985.0    305   12.4   -1.6     38   3.47    294     10  286.8  297.0  287.4
  976.0    382   11.9   -1.1     41   3.63    330     10  287.0  297.6  287.6
  965.0    476   11.2   -0.5     44   3.84     10     10  287.3  298.5  287.9
  938.0    713    9.6    1.0     55   4.42      5     10  288.0  300.8  288.7
  925.0    829    8.8    1.8     61   4.73     15     14  288.3  302.0  289.1
  899.0   1064    6.7    0.7     65   4.48     25     16  288.5  301.5  289.3
  898.0   1074    6.6    0.6     66   4.47     25     16  288.5  301.5  289.3
  876.0   1277    5.3   -2.4     57   3.68     15     14  289.2  300.1  289.9
  864.0   1389    4.6   -4.0     53   3.30    350     15  289.6  299.4  290.2
  860.0   1427    4.4   -4.6     52   3.17    334     14  289.8  299.2  290.3
  850.0   1523    6.2  -17.8     16   1.12    295     13  292.6  296.2  292.8
  849.0   1533    6.5  -19.4     14   0.98    290     13  293.0  296.2  293.2
  842.0   1601    8.6  -30.4      4   0.36    280     14  295.9  297.2  296.0
  839.0   1630    8.6  -25.4      7   0.58    285     13  296.2  298.2  296.4
  831.0   1708    8.3  -26.6      6   0.53    300     12  296.7  298.5  296.8
  814.0   1877    7.5  -29.1      5   0.42    270     10  297.7  299.1  297.8
  791.0   2112    6.5  -32.7      4   0.31    280     10  299.1  300.1  299.1
  779.0   2237    6.0  -34.6      4   0.26    260     14  299.8  300.7  299.8
  762.0   2417    5.2  -37.3      3   0.20    275     16  300.8  301.6  300.9
  747.0   2579    4.5  -39.8      2   0.16    260     16  301.8  302.4  301.8
  716.0   2926    3.0  -45.0      1   0.10    267     21  303.8  304.2  303.8
  700.0   3108    1.6  -44.4      2   0.11    270     23  304.2  304.6  304.2
  676.0   3385   -0.3  -46.0      2   0.09    270     25  305.1  305.5  305.2
  662.0   3551   -1.4  -47.0      2   0.08    260     23  305.7  306.0  305.7
  612.0   4175   -5.7  -50.7      1   0.06    274     31  307.7  308.0  307.7
  609.0   4214   -5.9  -50.5      2   0.06    275     31  307.9  308.2  307.9
  579.0   4607   -7.9  -48.5      2   0.08    265     30  310.0  310.4  310.1
  568.0   4757   -8.7  -47.7      3   0.09    269     38  310.8  311.2  310.9
  556.0   4923   -7.7  -25.7     22   0.85    273     46  313.9  316.9  314.1
  549.0   5022   -6.8  -12.1     66   2.78    275     51  316.1  325.4  316.6
  548.0   5036   -6.7  -10.1     77   3.25    275     52  316.4  327.2  317.0
  530.0   5297   -7.7   -9.5     87   3.52    270     63  318.2  330.0  318.9
  523.0   5400   -8.1   -9.3     91   3.63    271     65  319.0  331.1  319.7
  500.0   5750   -8.7  -12.5     74   2.94    275     70  322.4  332.4  322.9
  466.0   6294  -10.5  -17.5     56   2.09    273     75  326.7  334.1  327.1
  454.0   6495  -11.7  -20.7     47   1.63    272     77  327.6  333.5  327.9
  429.0   6922  -15.5  -23.1     52   1.39    270     81  328.2  333.2  328.5
  400.0   7450  -20.1  -26.1     59   1.14    265     83  328.8  333.0  329.0
  351.0   8402  -28.9  -29.8     92   0.92    262     83  329.4  332.9  329.6
  337.0   8692  -30.9  -30.9    100   0.87    261     83  330.5  333.8  330.7
  325.0   8948  -32.6  -33.3     93   0.72    260     83  331.7  334.4  331.8
  320.0   9057  -33.3  -34.3     91   0.66    261     88  332.1  334.7  332.3
  314.0   9190  -33.5  -39.5     55   0.40    262     93  333.7  335.2  333.8
  300.0   9510  -34.1  -53.1     13   0.09    265    107  337.2  337.6  337.2
  297.0   9580  -33.9  -52.9     13   0.10    270    109  338.4  338.9  338.5
  277.0  10066  -36.7  -62.7      5   0.03    268    109  341.2  341.4  341.2
  250.0  10770  -40.7  -70.7      3   0.01    265    109  345.4  345.5  345.4
  212.0  11864  -48.5  -75.6      3   0.01    265    115  349.9  349.9  349.9
  200.0  12250  -51.3  -77.3      3   0.01    265    115  351.4  351.4  351.4
  173.0  13172  -58.2  -79.4      5   0.00    260    109  354.8  354.8  354.8
  167.0  13397  -59.9  -79.9      6   0.00    259    103  355.6  355.6  355.6
  152.0  13978  -63.1                         255     88  359.9         359.9
  150.0  14060  -63.5                         255     85  360.5         360.5
  145.0  14266  -64.6                         260     78  362.1         362.1
  125.0  15167  -69.3                         270     75  369.3         369.3
  124.0  15215  -69.3                         275     75  370.1         370.1
  106.0  16152  -70.0                         265     56  385.7         385.7
  100.0  16500  -70.3                         275     52  391.6         391.6
   92.1  16991  -68.7                         257     42  404.1         404.1
   89.0  17195  -68.9                         250     38  407.6         407.6
   81.0  17758  -69.6                         265     32  417.4         417.4
   75.0  18217  -70.1                         244     24  425.6         425.6
   70.0  18630  -67.9                         225     17  438.8         438.8
   69.0  18717  -67.5                         215     15  441.5         441.5
   67.0  18893  -66.6                         220     10  447.0         447.0
   65.0  19076  -65.8                         215     10  452.8         452.8
   64.4  19132  -65.5                         236     10  454.6         454.6
   62.0  19360  -66.1                         320     10  458.2         458.2
   60.0  19558  -66.7                         330     10  461.2         461.2
   58.0  19762  -67.3                          10      1  464.4         464.4
   56.5  19919  -67.7                          13      3  466.9         466.9
   52.2  20398  -63.7                          22      8  486.9         486.9
   51.0  20539  -64.1                          25     10  489.2         489.2
   50.0  20660  -64.5                          15     10  491.1         491.1
   49.0  20783  -64.9                         355     10  493.0         493.0
   48.0  20910  -65.3                         351      8  494.9         494.9
   45.6  21225  -62.1                         342      3  510.0         510.0
   45.0  21307  -62.0                         340      2  512.3         512.3
   41.0  21887  -60.9                          20     10  528.7         528.7
   40.0  22041  -60.6                         335     13  533.1         533.1
   39.0  22199  -60.3                         325     18  537.7         537.7
   38.0  22361  -60.0                         305     10  542.5         542.5
   36.9  22544  -59.7                         335      5  547.9         547.9
   36.0  22698  -59.9                           0      0  551.4         551.4
   32.3  23376  -60.5                          87      7  567.0         567.0
   31.0  23634  -59.2                         120     10  577.3         577.3
   30.0  23840  -58.1                          80      9  585.7         585.7
   29.0  24055  -57.1                          55     10  594.2         594.2
   26.3  24676  -54.1                          55      5  619.4         619.4
   26.0                                        55      4                     
