
-----------------------------------------------------------------------------
   PRES   HGHT   TEMP   DWPT   RELH   MIXR   DRCT   SKNT   THTA   THTE   THTV
    hPa     m      C      C      %    g/kg    deg   knot     K      K      K 
-----------------------------------------------------------------------------
 1029.0      5   17.6    9.6     59   7.34    190      7  288.4  309.3  289.7
 1013.0    138   15.4    8.4     63   6.87    167     14  287.5  307.0  288.7
 1005.0    205   15.0    8.0     63   6.75    155     17  287.8  307.0  288.9
 1000.0    247   14.8    7.8     63   6.68    155     18  287.9  307.0  289.1
  958.0    609   13.4    8.4     72   7.27    132     25  290.1  310.9  291.4
  954.0    644   13.2    7.7     69   6.96    130     26  290.2  310.2  291.4
  925.0    903   11.6    2.6     54   5.01    125     25  291.2  305.9  292.1
  850.0   1603    6.0   -1.0     61   4.20    125     14  292.4  304.9  293.2
  845.0   1651    5.6   -1.4     61   4.10    126     13  292.5  304.7  293.2
  825.0   1847    4.7   -2.9     58   3.77    130     11  293.5  304.8  294.2
  807.0   2027    3.8   -4.2     56   3.49    119     13  294.4  305.0  295.1
  792.0   2179    3.2  -13.8     28   1.67    110     14  295.4  300.7  295.7
  767.0   2440    5.4  -31.6      5   0.36    122     14  300.5  301.8  300.6
  751.0   2611    4.6  -35.1      4   0.26    130     14  301.4  302.4  301.5
  736.0   2774    3.9  -38.5      3   0.19    150     10  302.4  303.1  302.4
  700.0   3181    2.0  -47.0      1   0.08    235      4  304.7  305.0  304.7
  675.0   3470    0.2  -45.1      2   0.10    300      3  305.9  306.3  305.9
  610.0   4275   -4.7  -39.7      5   0.20    283      5  309.2  309.9  309.2
  560.0   4945   -6.5  -54.5      1   0.04    268      7  314.7  314.9  314.7
  506.0   5729  -11.3  -51.3      2   0.07    251     10  318.1  318.4  318.1
  503.0   5774  -11.7  -51.7      2   0.06    250     10  318.2  318.4  318.2
  500.0   5820  -12.1  -52.1      2   0.06    255     10  318.2  318.5  318.2
  485.0   6052  -14.2  -51.4      3   0.07    280     11  318.4  318.7  318.4
  467.0   6339  -16.9  -50.5      4   0.08    310     19  318.6  318.9  318.6
  464.0   6388  -17.3  -50.3      4   0.08    309     20  318.6  318.9  318.6
  435.0   6869  -20.5  -51.0      5   0.08    300     27  320.5  320.8  320.5
  418.0   7165  -22.5  -51.5      5   0.08    308     34  321.6  321.9  321.6
  409.0   7326  -22.1  -58.1      2   0.04    313     38  324.1  324.3  324.1
  404.0   7417  -22.6  -57.5      3   0.04    315     40  324.5  324.7  324.6
  400.0   7490  -23.1  -57.1      3   0.04    315     40  324.9  325.1  324.9
  383.0   7806  -24.8  -56.8      3   0.05    295     42  326.7  326.9  326.7
  367.0   8117  -26.5  -56.5      4   0.05    297     52  328.4  328.7  328.4
  333.0   8810  -32.2  -53.0     11   0.08    300     74  329.9  330.2  329.9
  327.0   8939  -33.3  -52.3     13   0.09    301     74  330.1  330.5  330.1
  313.0   9246  -35.1  -58.1      8   0.05    303     74  331.7  331.9  331.8
  300.0   9540  -37.7  -50.7     24   0.12    305     74  332.1  332.6  332.1
  266.0  10356  -45.1  -53.1     40   0.10    298     82  332.9  333.4  332.9
  263.0  10431  -44.1  -59.1     17   0.05    298     83  335.5  335.7  335.5
  250.0  10770  -45.7  -66.7      8   0.02    295     86  338.0  338.1  338.0
  235.0  11182  -45.5  -68.5      6   0.02    298     89  344.3  344.4  344.3
  204.0  12110  -51.8  -73.9      5   0.01    305     96  348.6  348.6  348.6
  200.0  12240  -52.7  -74.7      5   0.01    305     95  349.1  349.2  349.1
  172.0  13196  -59.9  -75.9     11   0.01    296     93  352.6  352.7  352.6
  155.0  13838  -63.2                         290     91  357.6         357.6
  150.0  14040  -64.3                         285     87  359.1         359.1
  139.0  14506  -65.7                         282     66  364.6         364.6
  134.0  14729  -64.7                         281     56  370.2         370.2
  130.0  14913  -65.7                         280     48  371.6         371.6
  118.0  15499  -68.9                         290     45  376.1         376.1
  116.0  15602  -69.5                         290     44  376.9         376.9
  108.0  16030  -69.4                         265     33  384.8         384.8
  100.0  16490  -69.3                         270     24  393.6         393.6
   90.0  17116  -70.1                         290     17  403.9         403.9
   86.0  17386  -70.5                         260     14  408.5         408.5
   84.0  17526  -70.7                         270     11  410.9         410.9
   81.0  17742  -71.0                         310     13  414.6         414.6
   79.0  17890  -71.2                         315     20  417.1         417.1
   77.6  17997  -71.3                         308     19  419.0         419.0
   70.0  18610  -68.5                         270     12  437.5         437.5
   69.2  18679  -68.5                         278     12  438.9         438.9
   67.4  18838  -64.7                         295     11  450.5         450.5
   63.0  19252  -63.9                         340     10  461.1         461.1
   62.0  19350  -63.6                         320     10  463.7         463.7
   58.4  19716  -62.9                         196      5  473.4         473.4
   57.0  19865  -63.8                         145      3  474.7         474.7
   56.1  19963  -64.3                         146      4  475.6         475.6
   52.0  20429  -63.0                         150     10  489.1         489.1
   50.0  20670  -62.3                         135     14  496.2         496.2
   48.0  20922  -62.1                          95     21  502.6         502.6
   45.0  21320  -61.7                          76     23  512.9         512.9
   44.0  21460  -60.4                          70     24  519.4         519.4
   42.0  21750  -57.6                          50     24  533.1         533.1
   41.9  21765  -57.5                          50     24  533.8         533.8
   40.0  22060  -56.6                          55     19  543.3         543.3
   38.0  22386  -55.5                          95     15  554.0         554.0
   36.0  22730  -54.4                          80     11  565.4         565.4
   35.0  22909  -53.9                          95     10  571.5         571.5
   34.4  23018  -53.5                          87     12  575.2         575.2
   32.0  23484  -52.5                          55     18  589.8         589.8
   30.0  23900  -51.7                          50     13  603.1         603.1
   29.0  24120  -51.6                          50      9  609.2         609.2
   26.0  24828  -51.4                          90     11  629.1         629.1
   25.0  25083  -51.3                          94     14  636.5         636.5
   22.0  25917  -49.2                         105     22  666.5         666.5
   21.9  25947  -49.1                         105     23  667.6         667.6
   20.0  26550  -42.9                         110     43  704.1         704.1
   19.5  26721  -41.1                         109     44  714.7         714.7
   16.0  28063  -41.5                         105     48  755.0         755.0
   15.0  28501  -41.6                          90     45  768.6         768.6
   14.5  28731  -41.7                                     775.9         775.9
