
-----------------------------------------------------------------------------
   PRES   HGHT   TEMP   DWPT   RELH   MIXR   DRCT   SKNT   THTA   THTE   THTV
    hPa     m      C      C      %    g/kg    deg   knot     K      K      K 
-----------------------------------------------------------------------------
 1019.0      5   21.6   15.6     69  11.05    200      7  293.2  324.9  295.1
 1000.0    167   19.4   14.8     75  10.69    175      5  292.6  323.1  294.4
  997.0    193   19.2   14.7     75  10.65    172      5  292.6  323.1  294.5
  925.0    832   14.4   11.7     84   9.42     85      8  294.0  321.2  295.7
  907.0    997   13.3   10.5     83   8.84     90     10  294.5  320.2  296.1
  877.0   1280   11.3    8.4     82   7.93     85     15  295.4  318.5  296.8
  869.0   1357   10.8    7.8     82   7.69     93     13  295.6  318.1  296.9
  858.0   1464   11.4    2.4     54   5.33    103     10  297.3  313.3  298.2
  856.0   1483   11.2    2.2     54   5.29    105     10  297.3  313.2  298.3
  850.0   1542   10.8    1.8     54   5.15    115      8  297.4  312.9  298.4
  817.0   1870    8.7    2.8     66   5.75      0      0  298.6  315.9  299.6
  780.0   2253    6.2    3.9     85   6.53      0      0  299.9  319.5  301.1
  725.0   2850    3.6   -3.4     60   4.12      0      0  303.4  316.2  304.1
  700.0   3134    1.0   -5.0     64   3.78      0      0  303.6  315.4  304.3
  678.0   3390   -1.3   -4.0     82   4.22    353      4  303.8  316.9  304.6
  639.0   3861   -2.6  -15.4     37   1.81    340     10  307.4  313.4  307.8
  622.0   4076   -3.2  -20.6     25   1.20    320     15  309.1  313.2  309.4
  609.0   4244   -3.7  -24.7     18   0.85    318     19  310.5  313.4  310.6
  591.0   4478   -5.7  -26.7     17   0.73    315     24  310.9  313.4  311.0
  561.0   4886   -9.1  -30.1     16   0.56    309     25  311.5  313.5  311.6
  547.0   5082   -9.9  -18.9     48   1.58    306     26  312.8  318.1  313.1
  541.0   5167  -10.3  -26.3     26   0.83    305     26  313.3  316.2  313.4
  535.0   5253  -10.7  -33.7     13   0.42    308     27  313.8  315.4  313.9
  500.0   5770  -14.7  -20.7     60   1.48    325     36  315.1  320.1  315.3
  494.0   5861  -15.5  -20.0     69   1.60    325     37  315.2  320.6  315.5
  491.0   5907  -15.9  -19.6     73   1.66    324     37  315.2  320.9  315.5
  464.0   6330  -19.5  -23.3     72   1.27    316     35  315.9  320.3  316.1
  455.0   6475  -20.3  -29.3     44   0.75    313     35  316.6  319.3  316.8
  450.0   6557  -19.7  -44.7      9   0.16    312     34  318.4  319.0  318.4
  444.0   6657  -20.0  -51.9      4   0.07    310     34  319.2  319.5  319.2
  443.0   6673  -20.1  -53.1      4   0.06    310     34  319.3  319.6  319.3
  400.0   7420  -26.3  -53.3      6   0.07    315     48  320.7  321.0  320.7
  354.0   8290  -33.0  -56.7      8   0.05    320     59  323.1  323.3  323.1
  346.0   8453  -34.3  -57.3      8   0.05    315     59  323.5  323.7  323.5
  323.0   8929  -37.3  -60.3      7   0.04    300     60  325.8  325.9  325.8
  300.0   9440  -40.5  -63.5      7   0.02    305     72  328.2  328.3  328.2
  290.0   9670  -41.9  -64.9      6   0.02    305     72  329.4  329.5  329.4
  286.0   9764  -42.1  -65.5      6   0.02    305     72  330.4  330.5  330.4
  250.0  10670  -43.9  -70.9      3   0.01    300     92  340.7  340.7  340.7
  235.0  11082  -45.7  -73.7      3   0.01    296    104  344.0  344.1  344.0
  230.0  11225  -45.0  -75.4      2   0.01    295    108  347.3  347.3  347.3
  227.0  11313  -44.5  -76.5      2   0.01    295    107  349.3  349.3  349.3
  200.0  12150  -48.5  -82.5      1   0.00    295     97  355.8  355.8  355.8
  163.0  13460  -57.0  -88.0      1   0.00    290     78  362.9  363.0  362.9
  156.0  13741  -58.8  -89.2      1   0.00    295     69  364.4  364.4  364.4
  152.0  13908  -59.9  -89.9      1   0.00    302     70  365.3  365.3  365.3
  150.0  13990  -60.5                         305     70  365.6         365.6
  143.0  14287  -61.1                         305     73  369.6         369.6
  140.0  14418  -62.4                         305     74  369.6         369.6
  135.0  14642  -64.7                         302     73  369.4         369.4
  119.0  15404  -68.2                         290     68  376.6         376.6
  115.0  15611  -69.1                         285     60  378.5         378.5
  112.0  15770  -66.7                         280     51  385.9         385.9
  106.0  16100  -68.2                         295     38  389.1         389.1
  100.0  16450  -69.9                         300     39  392.4         392.4
   97.4  16607  -70.9                         300     38  393.4         393.4
   93.9  16825  -69.9                         295     34  399.5         399.5
   87.0  17278  -71.3                         285     27  405.5         405.5
   84.2  17473  -71.9                         297     23  408.1         408.1
   80.0  17776  -71.6                         315     16  414.7         414.7
   72.6  18351  -71.1                         283     11  427.5         427.5
   72.0  18401  -69.8                         280     11  431.4         431.4
   71.1  18476  -67.7                         298      9  437.3         437.3
   70.0  18570  -67.9                         320      7  438.8         438.8
   69.0  18657  -67.6                         350     10  441.2         441.2
   66.0  18927  -66.8                         320     14  448.6         448.6
   63.0  19209  -66.0                         270     12  456.5         456.5
   62.0  19306  -65.7                         265      9  459.2         459.2
   59.5  19555  -64.9                         273      6  466.4         466.4
   59.0  19607  -64.8                         275      5  467.6         467.6
   53.0  20263  -64.2                         100     10  483.6         483.6
   52.0  20380  -64.1                          75     11  486.5         486.5
   50.0  20620  -63.9                          80      6  492.5         492.5
   49.0  20744  -63.9                          70     10  495.3         495.3
   46.6  21051  -63.9                          53     12  502.5         502.5
   43.0  21551  -61.4                          25     16  520.3         520.3
   41.0  21848  -59.9                          40     10  531.1         531.1
   37.4  22420  -57.1                          84     10  552.5         552.5
   34.0  23020  -58.2                         130     10  564.9         564.9
   33.6  23095  -58.3                         131      9  566.5         566.5
   31.0  23603  -57.2                         135      5  582.7         582.7
   30.0  23810  -56.7                         120      8  589.5         589.5
   29.3  23960  -56.5                         106     12  594.0         594.0
   28.0  24253  -55.0                          80     21  606.0         606.0
   27.0  24488  -53.8                          60     16  615.8         615.8
   25.0  24986  -51.2                          60     10  636.9         636.9
   23.1  25497  -48.5                          27     10  659.2         659.2
   23.0  25525  -48.6                          25     10  659.9         659.9
   21.0  26121  -50.1                          80      1  672.7         672.7
   20.0  26440  -50.9                         210      5  679.6         679.6
   19.1  26739  -51.3                         268      9  687.4         687.4
   19.0  26774  -51.2                         275     10  688.6         688.6
   18.0  27127  -50.4                         250     12  702.0         702.0
   16.0  27897  -48.6                         270     13  731.9         731.9
   15.9  27938  -48.5                                     733.5         733.5
