
-----------------------------------------------------------------------------
   PRES   HGHT   TEMP   DWPT   RELH   MIXR   DRCT   SKNT   THTA   THTE   THTV
    hPa     m      C      C      %    g/kg    deg   knot     K      K      K 
-----------------------------------------------------------------------------
 1011.0      5   28.4   19.4     58  14.23    350      6  300.6  342.6  303.2
 1005.0     60   26.4   18.4     61  13.43                299.1  338.5  301.5
 1000.0    105   26.0   19.0     65  14.03                299.1  340.3  301.7
  965.0    419   23.6   16.6     65  12.46                299.8  336.5  302.0
  956.0    501   24.4    9.4     39   7.80                301.4  324.8  302.8
  925.0    789   23.0   15.0     61  11.72                302.8  337.8  304.9
  922.0    817   22.8   14.8     61  11.61                302.9  337.6  305.0
  881.0   1213   21.2   14.2     64  11.69                305.2  340.4  307.3
  852.0   1502   19.2   13.2     68  11.31                306.0  340.3  308.1
  850.0   1522   19.2   13.2     68  11.34                306.2  340.6  308.3
  838.0   1644   18.2   12.2     68  10.76                306.4  339.1  308.4
  816.0   1873   17.8    7.8     52   8.20                308.4  333.6  309.9
  784.0   2214   15.2    7.2     59   8.19                309.1  334.5  310.6
  766.0   2410   14.0    2.0     44   5.80                309.9  328.1  311.0
  752.0   2566   12.8    6.8     67   8.31                310.2  336.0  311.8
  728.0   2838   11.8    0.8     47   5.60                312.0  329.8  313.1
  716.0   2978   10.8    3.8     62   7.07                312.4  334.7  313.7
  700.0   3166   10.2   -1.8     43   4.81                313.8  329.3  314.7
  698.0   3190   10.2   -3.8     37   4.16                314.0  327.5  314.8
  665.0   3592    9.2   -5.8     34   3.75                317.3  329.7  318.0
  641.0   3895    7.8   -6.2     36   3.77                319.0  331.6  319.7
  577.0   4752    1.8  -12.2     35   2.61                321.7  330.7  322.2
  545.0   5209   -1.9  -11.9     46   2.83                322.6  332.3  323.2
  511.0   5719   -4.1  -25.1     18   0.98                325.9  329.6  326.1
  500.0   5890   -5.3  -24.3     21   1.08                326.5  330.5  326.7
  480.0   6210   -7.3  -29.3     15   0.71                327.9  330.6  328.0
  447.0   6762  -11.1  -22.1     40   1.46                329.8  335.2  330.1
  415.0   7331  -13.3  -34.3     15   0.51                334.1  336.1  334.2
  400.0   7610  -15.9  -34.9     18   0.50                334.2  336.2  334.3
  395.0   7705  -16.5  -41.5     10   0.26                334.7  335.7  334.7
  380.0   7995  -18.9  -36.9     19   0.43                335.2  336.9  335.3
  333.0   8964  -26.1  -47.1     12   0.17                338.2  338.9  338.3
  304.0   9616  -31.7  -45.7     24   0.21                339.3  340.2  339.3
  300.0   9710  -32.3  -44.3     29   0.25                339.7  340.8  339.8
  295.0   9828  -33.3  -44.3     32   0.25                339.9  341.0  340.0
  284.0  10094  -34.9  -51.9     16   0.11                341.4  341.9  341.4
  252.0  10916  -41.9  -59.9     12   0.05                342.9  343.1  342.9
  250.0  10970  -42.5  -60.5     12   0.04                342.7  342.9  342.8
  200.0  12440  -52.9  -68.9     13   0.02                348.8  348.9  348.8
  184.0  12973  -56.9  -69.9     18   0.02                350.8  350.8  350.8
  171.0  13436  -58.1  -77.1      7   0.01                356.2  356.2  356.2
  165.0  13660  -59.9  -78.9      7   0.00                356.8  356.9  356.8
  150.0  14250  -63.7                                     360.1         360.1
  118.0  15692  -71.9                                     370.6         370.6
  110.0  16104  -73.7                                     374.7         374.7
  100.0  16660  -74.1                                     384.3         384.3
   92.6  17108  -75.5                                     390.1         390.1
   87.2  17458  -74.1                                     399.6         399.6
   73.7  18439  -74.9                                     417.6         417.6
   70.0  18740  -73.3                                     427.2         427.2
   56.7  19995  -66.1                                     470.1         470.1
   52.5  20462  -65.7                                     481.5         481.5
   50.0  20760  -62.7                                     495.3         495.3
   46.1  21265  -57.7                                     519.0         519.0
   39.0  22324  -55.5                                     549.9         549.9
   32.3  23520  -56.3                                     578.2         578.2
   31.2  23740  -55.3                                     586.7         586.7
   30.0  23990  -55.5                                     592.7         592.7
   27.2  24616  -55.1                                     610.7         610.7
   20.2  26545  -48.9                                     683.8         683.8
   20.0  26610  -49.1                                     685.1         685.1
   18.1  27264  -49.5                                     703.7         703.7
