
-----------------------------------------------------------------------------
   PRES   HGHT   TEMP   DWPT   RELH   MIXR   DRCT   SKNT   THTA   THTE   THTV
    hPa     m      C      C      %    g/kg    deg   knot     K      K      K 
-----------------------------------------------------------------------------
 1021.0      5   23.6   15.6     61  11.03     55     10  295.0  326.9  296.9
 1008.0    118   22.2   15.5     66  11.08     70     12  294.7  326.7  296.7
 1000.0    189   21.4   15.4     69  11.12     70     12  294.6  326.6  296.5
  942.0    704   16.4   13.7     84  10.56     66     12  294.5  325.0  296.4
  931.0    804   16.2   10.2     68   8.46     65     12  295.3  320.0  296.8
  925.0    859   15.4   11.5     78   9.29     65     12  295.1  322.0  296.7
  922.0    887   15.0   12.2     83   9.77     65     12  294.9  323.2  296.6
  906.0   1034   14.1   11.2     83   9.31     65     10  295.4  322.5  297.1
  862.0   1454   11.4    8.4     82   8.08     61      5  296.9  320.7  298.3
  850.0   1571   11.0    6.6     74   7.24     60      4  297.7  319.1  299.0
  824.0   1830    9.6    3.6     66   6.05     73      4  298.8  317.0  299.9
  806.0   2014   10.4   -8.6     25   2.49     82      4  301.6  309.5  302.0
  770.0   2392    7.2   -1.8     53   4.37    100      4  302.1  315.6  302.9
  755.0   2554    7.0   -9.0     31   2.58    133      7  303.6  311.8  304.1
  741.0   2708    5.9   -5.2     45   3.51    165     10  304.0  315.1  304.7
  732.0   2808    5.2   -2.8     56   4.27    165     10  304.3  317.6  305.1
  707.0   3091    3.4   -3.6     60   4.17    165     11  305.4  318.4  306.1
  706.0   3103    3.3   -3.5     61   4.20    165     11  305.4  318.6  306.2
  700.0   3172    3.0   -3.0     65   4.40    160     11  305.8  319.6  306.6
  683.0   3371    2.0   -8.0     48   3.08    142     10  306.8  316.7  307.4
  676.0   3453    1.4   -8.2     49   3.07    135      9  307.0  316.8  307.6
  640.0   3891   -2.1   -9.1     59   3.01     47     10  307.9  317.6  308.5
  628.0   4041   -3.1  -14.1     42   2.06     16     10  308.4  315.2  308.8
  614.0   4219   -3.9  -13.9     46   2.14    340     10  309.6  316.6  310.0
  613.0   4232   -3.9  -13.9     46   2.14    340     10  309.7  316.7  310.1
  598.0   4427   -4.5  -22.5     23   1.06    340     11  311.2  314.8  311.4
  595.0   4466   -4.7  -24.1     20   0.92    340     11  311.4  314.6  311.5
  572.0   4775   -6.5  -36.5      7   0.30    317     13  312.8  313.9  312.9
  565.0   4871   -7.0  -36.6      7   0.29    310     14  313.3  314.4  313.4
  553.0   5038   -7.9  -36.9      8   0.29    310     15  314.2  315.3  314.2
  525.0   5439  -11.3  -41.3      6   0.20    310     17  314.8  315.5  314.8
  517.0   5556  -12.3  -29.3     23   0.66    310     17  315.0  317.3  315.1
  510.0   5660  -13.2  -33.5     16   0.45    310     18  315.1  316.8  315.2
  500.0   5810  -14.5  -39.5     10   0.25    310     20  315.3  316.2  315.4
  489.0   5978  -15.7  -39.7     11   0.25    307     24  315.8  316.8  315.9
  483.0   6071  -15.9  -24.9     46   1.06    306     27  316.7  320.4  316.9
  480.0   6118  -16.4  -25.0     47   1.06    305     28  316.7  320.4  316.9
  468.0   6308  -18.3  -25.3     54   1.05    310     27  316.6  320.3  316.8
  463.0   6388  -17.5  -20.8     75   1.58    312     27  318.6  324.1  318.9
  444.0   6700  -19.7  -23.6     71   1.29    321     26  319.6  324.2  319.9
  439.0   6785  -19.3  -22.6     75   1.43    323     26  321.2  326.2  321.4
  435.0   6852  -19.8  -23.1     75   1.38    325     26  321.4  326.3  321.7
  415.0   7199  -22.1  -25.6     73   1.16    325     26  322.8  327.0  323.0
  400.0   7470  -23.9  -27.5     72   1.01    310     32  323.8  327.5  324.0
  370.0   8032  -27.3  -31.1     70   0.77    300     48  326.6  329.5  326.7
  338.0   8685  -31.3  -35.3     68   0.56    295     78  329.7  331.9  329.8
  337.0   8706  -31.2  -35.3     67   0.57    295     79  330.1  332.3  330.2
  330.0   8855  -30.7  -35.1     65   0.59    299     87  332.8  335.1  332.9
  321.0   9052  -31.1  -35.6     65   0.58    305     98  334.9  337.1  335.0
  317.0   9141  -31.3  -35.8     64   0.57    306     98  335.8  338.1  335.9
  300.0   9530  -34.3  -38.4     66   0.46    310    100  336.9  338.8  337.0
  298.0   9576  -34.7  -38.9     66   0.45    310    100  337.0  338.8  337.1
  273.0  10177  -39.7  -44.8     58   0.26    320     96  338.3  339.4  338.4
  250.0  10780  -44.7  -50.7     51   0.15    315    102  339.5  340.1  339.5
  202.0  12167  -56.3  -62.3     47   0.04    305    122  342.5  342.7  342.5
  200.0  12230  -56.9  -63.9     41   0.04    305    123  342.5  342.7  342.5
  185.0  12721  -59.4  -67.2     35   0.02    305    130  346.2  346.3  346.2
  182.0  12824  -59.9  -67.9     34   0.02    304    128  347.0  347.1  347.0
  173.0  13140  -60.9                         301    120  350.4         350.4
  169.0  13284  -61.5                         300    117  351.8         351.8
  154.0  13858  -63.8                         300    108  357.2         357.2
  150.0  14020  -64.5                         295    103  358.8         358.8
  143.0  14313  -63.6                         295     89  365.3         365.3
  138.0  14531  -62.9                         299     80  370.2         370.2
  136.0  14619  -63.5                         300     77  370.7         370.7
  131.0  14845  -65.1                         305     77  371.8         371.8
  119.0  15426  -69.2                         300     73  374.7         374.7
  117.0  15528  -69.9                         300     73  375.2         375.2
  113.0  15735  -69.9                         300     76  378.9         378.9
  112.0  15788  -69.9                         299     74  379.9         379.9
  100.0  16470  -64.7                         290     48  402.4         402.4
   90.9  17056  -63.3                         301     44  416.4         416.4
   84.0  17536  -65.9                         310     41  420.7         420.7
   78.0  17986  -68.3                         280     36  424.7         424.7
   76.0  18144  -69.1                         275     31  426.1         426.1
   74.0  18304  -68.0                         270     21  431.7         431.7
   72.0  18470  -66.9                         270     10  437.4         437.4
   71.7  18495  -66.7                         272      9  438.3         438.3
   70.0  18640  -67.3                         285      4  440.1         440.1
   69.0  18727  -67.2                         295      3  442.1         442.1
   63.2  19255  -66.7                           3     10  454.4         454.4
   63.0  19274  -66.4                           5     10  455.5         455.5
   61.5  19420  -64.3                           9     17  463.3         463.3
   61.0  19470  -64.2                          10     19  464.7         464.7
   58.0  19778  -63.4                           0     13  473.1         473.1
   56.8  19906  -63.1                           1     12  476.7         476.7
   50.7  20596  -66.9                           9      8  483.5         483.5
   50.0  20680  -65.9                          10      8  487.8         487.8
   49.0  20805  -65.4                          15     10  491.8         491.8
   47.0  21062  -64.3                           5     10  500.3         500.3
   42.0  21756  -61.4                          40      3  523.9         523.9
   39.4  22151  -59.7                          73      8  537.8         537.8
   37.0  22543  -60.4                         105     13  545.6         545.6
   36.0  22714  -60.7                         110     14  549.1         549.1
   34.9  22908  -61.1                          98     13  553.1         553.1
   33.0  23260  -59.3                          75     12  566.7         566.7
   30.0  23860  -56.3                          60     16  590.6         590.6
   29.3  24010  -55.9                          66     16  595.7         595.7
   27.0  24529  -56.5                          85     15  608.1         608.1
   25.4  24916  -56.9                          77     16  617.6         617.6
   23.0  25547  -55.8                          65     17  638.7         638.7
   22.1  25800  -55.3                                     647.4         647.4
