
-----------------------------------------------------------------------------
   PRES   HGHT   TEMP   DWPT   RELH   MIXR   DRCT   SKNT   THTA   THTE   THTV
    hPa     m      C      C      %    g/kg    deg   knot     K      K      K 
-----------------------------------------------------------------------------
 1025.0      5   15.0   13.5     91   9.57    160      5  286.1  312.8  287.8
 1000.0    214   14.0   12.3     89   9.06    165     13  287.1  312.6  288.7
  993.0    273   13.7   12.0     90   8.95    165     14  287.4  312.6  288.9
  973.0    444   12.7   11.2     91   8.64    145     10  288.1  312.5  289.6
  925.0    869   10.2    9.1     93   7.90    340      3  289.7  312.3  291.1
  896.0   1134    8.8    8.1     96   7.64      0      0  290.9  312.8  292.2
  889.0   1199    8.4    7.9     97   7.57     10      0  291.2  312.9  292.5
  850.0   1569    6.4    5.9     97   6.89     70      3  292.8  312.9  294.1
  821.0   1852    5.0    4.4     96   6.41     70     10  294.2  313.1  295.4
  773.0   2343    2.5    1.7     95   5.64     55     15  296.6  313.4  297.7
  759.0   2491    1.7    0.9     95   5.42     55     15  297.4  313.6  298.4
  750.0   2589    1.2    0.4     94   5.28     73     14  297.9  313.7  298.8
  742.0   2675    0.9   -1.0     87   4.81     90     14  298.5  313.1  299.4
  731.0   2795    0.6   -3.0     77   4.21     57     13  299.4  312.3  300.1
  724.0   2873    1.6  -10.4     41   2.40     36     13  301.3  308.9  301.8
  713.0   2996    0.8  -14.2     32   1.80      2     12  301.8  307.6  302.1
  709.0   3041    1.4  -28.8      8   0.51    350     12  302.9  304.7  303.0
  708.0   3053    1.6  -32.4      6   0.36    350     12  303.2  304.5  303.3
  700.0   3144    1.2  -38.8      3   0.19    350     12  303.8  304.5  303.8
  666.0   3540   -1.1  -44.2      2   0.11    320     14  305.5  306.0  305.5
  657.0   3649   -1.8  -45.7      2   0.10    335     14  306.0  306.4  306.0
  625.0   4046   -4.1  -51.1      1   0.06    339     17  307.7  307.9  307.7
  618.0   4133   -4.6  -50.5      1   0.06    340     18  308.1  308.3  308.1
  592.0   4466   -6.7  -48.0      2   0.08    310     17  309.5  309.9  309.5
  579.0   4637   -7.8  -46.7      3   0.10    325     20  310.2  310.6  310.3
  566.0   4813   -8.8  -45.4      3   0.12    305     23  311.0  311.4  311.0
  551.0   5021  -10.1  -43.9      4   0.14    300     19  311.9  312.4  311.9
  515.0   5543  -13.3  -40.0      9   0.23    305     35  314.0  314.9  314.1
  507.0   5665  -14.1  -39.1     10   0.26    310     33  314.5  315.5  314.6
  500.0   5770  -14.7  -26.7     35   0.87    315     31  315.1  318.1  315.2
  480.0   6072  -17.3  -28.8     36   0.74    315     32  315.5  318.2  315.7
  450.0   6548  -21.5  -32.2     37   0.57    295     48  316.2  318.3  316.3
  440.0   6714  -22.9  -33.4     38   0.52    300     43  316.4  318.3  316.5
  424.0   6988  -25.3  -35.3     39   0.45    294     55  316.7  318.4  316.8
  414.0   7161  -24.7  -55.7      4   0.05    290     63  319.6  319.9  319.6
  401.0   7392  -24.7  -63.1      2   0.02    285     74  322.6  322.7  322.6
  400.0   7410  -24.7  -63.7      1   0.02    285     75  322.8  322.9  322.8
  399.0   7428  -24.7  -62.7      2   0.02    285     75  323.0  323.1  323.0
  384.0   7705  -26.8  -61.7      2   0.02    285     72  323.8  323.9  323.8
  366.0   8053  -29.5  -60.5      3   0.03    280     83  324.7  324.8  324.7
  336.0   8663  -31.1  -67.1      2   0.01    272    103  330.6  330.6  330.6
  328.0   8832  -32.2  -67.4      2   0.01    270    109  331.2  331.3  331.3
  300.0   9460  -36.5  -68.5      2   0.01    270    117  333.8  333.9  333.8
  288.0   9742  -38.3  -69.3      2   0.01    272    124  335.2  335.2  335.2
  269.0  10212  -39.5  -69.5      3   0.01    275    136  340.0  340.1  340.0
  268.0  10237  -39.7  -69.3      3   0.01    275    137  340.1  340.1  340.1
  250.0  10710  -43.3  -65.3      7   0.02    275    134  341.6  341.7  341.6
  212.0  11796  -51.9  -64.9     20   0.03    275    141  344.6  344.8  344.6
  200.0  12170  -54.1  -70.1     12   0.02    275    144  346.9  347.0  346.9
  198.0  12234  -54.4  -70.7     12   0.01    275    144  347.5  347.6  347.5
  175.0  13018  -57.5  -77.5      6   0.01    275    145  354.9  354.9  354.9
  159.0  13627  -59.9  -82.9      3   0.00    275    136  360.6  360.6  360.6
  150.0  13990  -61.9                         275    131  363.2         363.2
  149.0  14031  -62.2                         275    130  363.4         363.4
  148.0  14073  -62.5                         275    129  363.6         363.6
  134.0  14686  -61.6                         265     89  375.7         375.7
  133.0  14732  -61.5                         266     87  376.7         376.7
  122.0  15262  -63.8                         280     66  381.9         381.9
  118.0  15467  -64.7                         276     64  383.9         383.9
  112.0  15786  -62.5                         270     60  393.7         393.7
  104.0  16240  -63.9                         280     57  399.4         399.4
  100.0  16480  -64.7                         270     48  402.4         402.4
   96.2  16716  -65.5                         270     42  405.4         405.4
   96.0                                       270     42                     
