
-----------------------------------------------------------------------------
   PRES   HGHT   TEMP   DWPT   RELH   MIXR   DRCT   SKNT   THTA   THTE   THTV
    hPa     m      C      C      %    g/kg    deg   knot     K      K      K 
-----------------------------------------------------------------------------
 1019.0      5   24.4   15.4     57  10.91    130      7  295.9  327.6  297.9
 1013.0     57   22.6   14.6     61  10.41    119      8  294.7  324.8  296.5
 1000.0    169   21.6   13.6     60   9.88     95      9  294.8  323.4  296.5
  973.0    404   19.5   13.0     66   9.78     95     10  294.9  323.3  296.7
  925.0    837   15.6   12.0     79   9.61    105     11  295.2  323.2  297.0
  876.0   1297   12.0    9.0     82   8.31    125     10  296.1  320.5  297.6
  850.0   1551   10.0    7.4     84   7.65    125     11  296.6  319.1  298.0
  824.0   1808    7.9    6.8     93   7.59    120     11  297.0  319.4  298.4
  818.0   1869    7.4    6.7     95   7.58    124     11  297.1  319.5  298.5
  816.0   1889    8.0    6.8     92   7.65    125     11  298.0  320.6  299.3
  811.0   1940    9.2  -16.8     14   1.27    129     12  299.8  303.9  300.0
  794.0   2117   13.8  -22.2      7   0.82    140     12  306.5  309.3  306.6
  780.0   2265   12.7  -20.5      8   0.96    150     13  306.9  310.2  307.1
  759.0   2494   11.0  -18.0     11   1.23    143     13  307.4  311.6  307.7
  726.0   2863   10.0  -27.0      6   0.58    131     14  310.3  312.4  310.4
  722.0   2908    9.7  -26.9      6   0.59    130     14  310.4  312.6  310.6
  700.0   3164    8.0  -26.0      7   0.66    140     16  311.3  313.7  311.4
  663.0   3608    4.2  -11.8     30   2.35    154     17  311.9  319.7  312.4
  649.0   3781    3.6  -19.2     17   1.29    160     17  313.1  317.6  313.4
  621.0   4138    2.4  -34.6      5   0.33    157     19  315.7  317.0  315.8
  561.0   4948   -2.7  -37.3      5   0.28    150     24  319.1  320.1  319.1
  545.0   5179   -4.1  -38.1      5   0.26    154     23  320.0  321.0  320.1
  500.0   5850  -10.1  -39.1      7   0.26    165     19  320.7  321.7  320.7
  453.0   6599  -16.7  -34.4     20   0.46    185     14  321.6  323.3  321.7
  446.0   6717  -17.7  -33.7     23   0.50    183     14  321.7  323.6  321.8
  400.0   7520  -23.9  -44.9     13   0.18    165     15  323.8  324.6  323.9
  390.0   7703  -25.5  -46.0     13   0.16    165     15  324.1  324.8  324.1
  360.0   8280  -30.5  -49.5     14   0.12    154     31  324.9  325.4  324.9
  349.0   8498  -31.6  -52.1     11   0.09    150     37  326.3  326.7  326.3
  321.0   9085  -34.5  -59.2      6   0.04    170     37  330.1  330.3  330.2
  300.0   9560  -36.9  -64.9      4   0.02    160     42  333.2  333.3  333.2
  285.0   9914  -38.7  -65.7      4   0.02    160     46  335.6  335.7  335.6
  282.0   9987  -39.0  -65.6      4   0.02    160     47  336.2  336.3  336.2
  253.0  10729  -41.9  -64.9      6   0.02    192     48  342.5  342.6  342.5
  250.0  10810  -40.1  -68.1      3   0.02    195     48  346.3  346.4  346.3
  244.0  10977  -38.2  -71.3      2   0.01    205     48  351.5  351.6  351.5
  243.0  11005  -37.9  -71.9      2   0.01    205     49  352.4  352.5  352.4
  218.0  11738  -43.0  -77.6      1   0.00    205     64  355.6  355.6  355.6
  200.0  12320  -47.1  -82.1      1   0.00    205     52  358.0  358.0  358.0
  186.0  12789  -50.6  -82.8      1   0.00    200     41  359.8  359.8  359.8
  159.0  13803  -58.3  -84.3      2   0.00    227     51  363.3  363.4  363.3
  156.0  13923  -58.5  -84.8      2   0.00    230     52  365.0  365.0  365.0
  150.0  14170  -58.9  -85.9      2   0.00    220     44  368.4  368.4  368.4
  145.0  14381  -59.9  -88.9      1   0.00    213     39  370.2  370.3  370.2
  140.0  14594  -61.5                         205     33  371.1         371.1
  124.0  15329  -67.2                         215     25  374.0         374.0
  113.0  15891  -71.5                         250     31  376.0         376.0
  100.0  16610  -71.7                         190     15  388.9         388.9
   96.0  16850  -73.0                         205     14  390.9         390.9
   94.0  16974  -73.7                         200     15  391.9         391.9
   89.0  17294  -73.9                         160     13  397.8         397.8
   82.0  17774  -74.1                         160     10  406.7         406.7
   76.4  18188  -74.3                         139     11  414.6         414.6
   74.0  18375  -73.9                         130     12  419.2         419.2
   70.0  18700  -73.3                          85     17  427.2         427.2
   69.0  18786  -73.0                          80     16  429.5         429.5
   65.0  19141  -72.0                         110     10  439.2         439.2
   63.0  19326  -71.5                         105     11  444.3         444.3
   61.0  19518  -70.9                         115     13  449.6         449.6
   57.0  19921  -69.8                          70     17  461.1         461.1
   55.0  20133  -69.1                          85     15  467.2         467.2
   52.0  20467  -68.2                          75     15  477.0         477.0
   51.0  20582  -67.8                          95     11  480.5         480.5
   50.0  20700  -67.5                         110     15  484.0         484.0
   47.0  21078  -66.7                          85     28  494.6         494.6
   45.0  21343  -66.1                          65     23  502.2         502.2
   42.0  21765  -65.2                          90     22  514.5         514.5
   39.0  22217  -64.2                          85     19  528.0         528.0
   38.0  22376  -63.8                          90     26  532.9         532.9
   35.0  22878  -62.7                          80     31  548.4         548.4
   33.0  23238  -61.9                         100     28  559.8         559.8
   30.1  23799  -60.7                          90     35  578.0         578.0
   30.0  23820  -60.5                          90     35  579.1         579.1
   25.0  24977  -53.2                          95     30  631.0         631.0
   24.8  25028  -52.9                          93     30  633.4         633.4
   21.0  26104  -52.3                          60     27  666.0         666.0
   20.0  26420  -52.1                          60     23  675.9         675.9
   18.8  26819  -53.5                          65     22  683.6         683.6
   15.0  28282  -50.6                          85     19  739.0         739.0
   14.7  28412  -50.3                                     744.1         744.1
