
-----------------------------------------------------------------------------
   PRES   HGHT   TEMP   DWPT   RELH   MIXR   DRCT   SKNT   THTA   THTE   THTV
    hPa     m      C      C      %    g/kg    deg   knot     K      K      K 
-----------------------------------------------------------------------------
 1024.0      5   20.4   18.3     88  13.09    200      7  291.6  328.7  293.9
 1006.0    156   18.8   17.3     91  12.50    170     12  291.4  326.9  293.6
 1000.0    207   19.2   16.5     84  11.94    160     14  292.4  326.4  294.4
  970.0    469   18.6   15.4     82  11.47    123     11  294.3  327.3  296.3
  968.0    487   18.5   15.3     82  11.42    120     11  294.3  327.2  296.4
  925.0    875   15.4   13.1     86  10.34     90     15  295.1  325.0  296.9
  924.0    884   15.3   13.1     86  10.32     90     15  295.1  324.9  296.9
  867.0   1421   11.3   10.2     93   9.10    100     22  296.3  322.9  297.9
  855.0   1538   10.4    9.6     95   8.85    100     21  296.5  322.4  298.1
  850.0   1587   10.2    9.6     96   8.90    100     21  296.8  322.9  298.4
  826.0   1826    9.0    8.8     99   8.68    107     20  298.0  323.6  299.6
  792.0   2174    8.0    7.3     95   8.16    116     18  300.5  324.9  302.0
  703.0   3151    2.6    1.0     89   5.89    144     14  305.0  323.1  306.0
  700.0   3186    2.4    0.1     85   5.54    145     14  305.1  322.2  306.1
  687.0   3337    1.6   -3.9     67   4.21    145     10  305.9  319.1  306.6
  671.0   3526    0.6   -8.8     49   2.94    105      5  306.8  316.3  307.4
  661.0   3647    0.0  -12.0     40   2.32     80      6  307.4  315.0  307.9
  657.0   3695   -0.4  -11.9     41   2.36     70      7  307.6  315.3  308.0
  621.0   4143   -3.7  -10.7     58   2.74    111     13  308.7  317.6  309.2
  615.0   4220   -3.1  -12.1     50   2.47    118     14  310.3  318.4  310.8
  613.0   4246   -3.2  -12.3     49   2.43    120     14  310.4  318.4  310.9
  595.0   4481   -4.5  -14.5     46   2.10    129     13  311.6  318.6  312.0
  588.0   4574   -5.3  -10.2     68   3.01    133     13  311.7  321.6  312.3
  574.0   4763   -5.9  -19.9     32   1.38    140     12  313.2  317.9  313.4
  565.0   4886   -6.5  -32.5     11   0.44    145     12  313.9  315.5  314.0
  536.0   5296   -8.9  -48.9      2   0.08    162     10  315.8  316.1  315.8
  530.0   5382   -9.3  -46.9      3   0.11    165     10  316.3  316.7  316.3
  512.0   5649  -10.7  -40.7      7   0.21    156     11  317.8  318.6  317.8
  500.0   5830  -12.5  -36.5     12   0.34    150     12  317.7  319.0  317.8
  486.0   6045  -14.5  -36.2     14   0.36    145     13  317.8  319.2  317.9
  465.0   6380  -17.7  -35.7     19   0.39    162     12  317.9  319.4  318.0
  456.0   6526  -18.4  -38.8     15   0.29    170     12  318.9  320.0  318.9
  426.0   7032  -20.6  -49.7      6   0.10    210     17  322.3  322.7  322.3
  400.0   7500  -22.7  -59.7      2   0.03    230     27  325.4  325.5  325.4
  392.0   7648  -23.1  -62.1      2   0.02    234     30  326.8  326.9  326.8
  389.0   7703  -23.6  -61.8      2   0.02    235     31  326.8  326.9  326.8
  358.0   8302  -28.9  -58.9      4   0.04    227     32  327.6  327.7  327.6
  350.0   8461  -30.1  -59.5      4   0.04    225     32  328.1  328.3  328.1
  333.0   8809  -32.6  -61.0      4   0.03    235     31  329.4  329.5  329.4
  300.0   9540  -37.9  -63.9      5   0.02    245     34  331.8  331.9  331.8
  294.0   9677  -38.9  -63.4      6   0.03    250     34  332.4  332.5  332.4
  250.0  10780  -46.7  -59.7     21   0.05    245     54  336.5  336.7  336.5
  247.0  10860  -47.2  -60.2     21   0.05    245     55  336.9  337.1  336.9
  240.0  11050  -48.5  -61.5     21   0.04    246     61  337.7  337.9  337.8
  233.0  11245  -47.9  -63.9     14   0.03    247     68  341.5  341.7  341.5
  219.0  11649  -50.3  -68.4     10   0.02    250     82  343.9  343.9  343.9
  200.0  12240  -53.9  -74.9      6   0.01    250     76  347.2  347.3  347.2
  185.0  12730  -57.0  -77.5      6   0.01    255     77  350.1  350.1  350.1
  172.0  13188  -59.9  -79.9      6   0.00    251     65  352.6  352.6  352.6
  155.0  13828  -62.3                         245     49  359.1         359.1
  150.0  14030  -63.1                         245     48  361.2         361.2
  122.0  15277  -68.4                         260     51  373.5         373.5
  108.0  16013  -71.5                         255     35  380.9         380.9
  107.0  16068  -71.3                         255     36  382.2         382.2
  100.0  16470  -70.1                         235     30  392.0         392.0
   97.5  16621  -71.1                         233     28  392.9         392.9
   84.0  17516  -69.5                         220     19  413.3         413.3
   78.0  17960  -68.7                         265     13  423.8         423.8
   74.0  18276  -68.1                         230      9  431.4         431.4
   70.0  18610  -67.5                         260      8  439.6         439.6
   65.0  19058  -65.5                         300      2  453.5         453.5
   64.1  19142  -65.1                         291      3  456.1         456.1
   61.1  19433  -65.7                         262      4  461.1         461.1
   53.0  20309  -60.4                         175     10  492.4         492.4
   51.4  20498  -59.3                         180      8  499.4         499.4
   50.0  20670  -59.9                         185      6  501.9         501.9
   49.3  20758  -60.3                         166      5  503.0         503.0
   48.0  20927  -59.8                         130      4  508.0         508.0
   47.0  21061  -59.4                          75     11  512.0         512.0
   45.0  21337  -58.6                          75     11  520.4         520.4
   44.0  21479  -58.2                         135     13  524.7         524.7
   40.0  22084  -56.4                         115     23  543.6         543.6
   33.0  23305  -52.9                          50     13  583.8         583.8
   31.0  23702  -51.7                          90     11  597.5         597.5
   30.0  23910  -51.1                          80     14  604.7         604.7
   29.0  24133  -50.7                          65     14  611.8         611.8
   27.0  24604  -49.8                          70     13  626.9         626.9
   25.0  25111  -48.9                         125     10  643.5         643.5
   23.0  25660  -47.8                          75     12  662.0         662.0
   22.0  25952  -47.3                          90     12  672.1         672.1
   20.0  26580  -46.1                          70     18  694.3         694.3
   16.0  28057  -47.8                         115      6  734.4         734.4
   15.4  28309  -48.1                         131      7  741.5         741.5
   14.1  28898  -42.5                         167      8  779.4         779.4
   14.0                                       170      8                     
