
-----------------------------------------------------------------------------
   PRES   HGHT   TEMP   DWPT   RELH   MIXR   DRCT   SKNT   THTA   THTE   THTV
    hPa     m      C      C      %    g/kg    deg   knot     K      K      K 
-----------------------------------------------------------------------------
 1020.0      5   21.2   10.2     49   7.71      0      6  292.7  315.0  294.1
 1013.0     65   19.6    9.6     52   7.46    345      9  291.7  313.2  293.0
 1004.0    143   18.9    9.6     55   7.52    325     13  291.7  313.4  293.1
 1000.0    178   18.6    9.6     56   7.55    320     15  291.8  313.6  293.1
  998.0    195   18.4    9.4     56   7.47    318     15  291.7  313.3  293.0
  987.0    290   17.8    8.8     56   7.26    310     17  292.1  313.1  293.3
  946.0    651   15.6    6.6     55   6.50    300     13  293.4  312.4  294.5
  934.0    760   16.2    4.2     45   5.56    297     12  295.1  311.6  296.0
  925.0    842   15.6    3.6     45   5.38    295     11  295.2  311.3  296.2
  919.0    897   15.3    2.8     43   5.10    300     10  295.5  310.8  296.4
  899.0   1083   14.5   -0.1     37   4.25    265      5  296.5  309.4  297.3
  879.0   1273   13.6   -3.0     32   3.50    225     10  297.5  308.2  298.1
  875.0   1312   13.4   -3.6     31   3.36    224     11  297.7  308.1  298.3
  850.0   1555   11.8   -4.2     32   3.31    215     16  298.5  308.7  299.1
  844.0   1614   11.4   -4.6     32   3.23    214     17  298.7  308.7  299.3
  779.0   2269    5.3   -7.1     41   2.90    205     32  299.0  308.1  299.6
  724.0   2868   -0.3   -9.3     51   2.62    198     27  299.2  307.4  299.7
  714.0   2979    0.6  -25.4     12   0.68    197     26  301.4  303.8  301.5
  705.0   3081    0.8  -34.2      5   0.30    196     25  302.7  303.8  302.8
  702.0   3115    0.8  -31.2      7   0.41    195     25  303.1  304.5  303.2
  700.0   3138    0.6  -29.4      8   0.48    195     25  303.1  304.8  303.2
  693.0   3219    0.0  -21.0     19   1.04    193     25  303.3  306.8  303.5
  681.0   3358   -1.0  -27.4     12   0.60    190     24  303.7  305.8  303.8
  662.0   3583   -2.7  -37.7      5   0.23    205     17  304.3  305.1  304.3
  651.0   3715   -2.9  -42.3      3   0.14    230     14  305.6  306.1  305.6
  641.0   3838   -3.0  -46.5      2   0.09    260     16  306.7  307.1  306.8
  635.0   3912   -3.1  -49.1      1   0.07    263     18  307.5  307.7  307.5
  623.0   4063   -3.6  -37.6      5   0.24    270     22  308.6  309.5  308.6
  621.0   4088   -3.7  -35.7      6   0.30    269     23  308.7  309.8  308.8
  599.0   4373   -3.1  -51.1      1   0.06    259     32  312.6  312.9  312.6
  590.0   4492   -3.8  -50.7      1   0.06    255     36  313.2  313.5  313.2
  558.0   4927   -6.2  -49.2      2   0.08    260     37  315.3  315.6  315.3
  529.0   5345   -8.6  -47.7      3   0.10    245     45  317.3  317.7  317.3
  521.0   5464   -9.3  -47.3      3   0.10    246     47  317.9  318.3  317.9
  500.0   5780  -11.7  -46.7      4   0.12    250     51  318.7  319.2  318.7
  480.0   6091  -14.5  -44.5      6   0.15    254     56  319.0  319.6  319.0
  449.0   6594  -16.5  -50.1      4   0.09    260     63  322.6  323.0  322.6
  446.0   6645  -16.7  -50.7      4   0.08    260     63  323.0  323.3  323.0
  400.0   7450  -24.1  -48.1      9   0.12    260     71  323.6  324.1  323.6
  323.0   8972  -37.3  -57.3     11   0.05    256     82  325.7  326.0  325.7
  300.0   9480  -40.5  -64.5      6   0.02    255     86  328.2  328.3  328.2
  296.0   9571  -40.7  -65.7      5   0.02    255     87  329.1  329.2  329.1
  255.0  10576  -43.0  -73.3      2   0.01    255     98  340.1  340.1  340.1
  250.0  10710  -43.3  -74.3      2   0.01    255     96  341.6  341.6  341.6
  236.0  11098  -44.7  -76.7      2   0.00    258     95  345.1  345.1  345.1
  208.0  11935  -51.3  -79.3      2   0.00    264     93  347.4  347.5  347.5
  203.0  12093  -51.8  -79.2      2   0.00    265     93  349.1  349.1  349.1
  200.0  12190  -52.1  -79.1      2   0.00    260     91  350.1  350.1  350.1
  188.0  12589  -53.1  -81.1      2   0.00    260     78  354.7  354.8  354.7
  185.0  12691  -53.8  -81.5      2   0.00    260     75  355.2  355.2  355.2
  163.0  13493  -59.6  -84.7      2   0.00    270     88  358.6  358.6  358.6
  162.0  13532  -59.9  -84.9      2   0.00    269     87  358.7  358.7  358.7
  150.0  14010  -61.3                         255     78  364.3         364.3
  139.0  14474  -64.0                         245     55  367.6         367.6
  124.0  15169  -68.0                         270     44  372.4         372.4
  120.0  15369  -69.2                         275     47  373.8         373.8
  119.0  15420  -69.5                         275     49  374.1         374.1
  100.0  16460  -68.9                         280     54  394.4         394.4
   96.0  16703  -70.7                         270     47  395.5         395.5
   88.0  17226  -68.1                         250     33  410.6         410.6
   85.0  17434  -67.1                         255     28  416.7         416.7
   83.0  17577  -66.4                         260     28  421.0         421.0
   80.0  17798  -65.3                         257     24  427.7         427.7
   78.0  17952  -65.3                         255     21  430.7         430.7
   72.0  18439  -65.5                         275     19  440.4         440.4
   70.0  18610  -65.5                         260     14  443.9         443.9
   69.7  18636  -65.7                         257     14  444.0         444.0
   68.0  18787  -64.4                         240     14  450.0         450.0
   66.0  18969  -62.8                         245     10  457.3         457.3
   65.4  19024  -62.3                         243     10  459.6         459.6
   60.0  19555  -61.8                         225      5  472.2         472.2
   58.0  19764  -61.6                         150     10  477.3         477.3
   57.2  19850  -61.5                         163      9  479.3         479.3
   50.0  20680  -61.5                         290      3  498.1         498.1
   48.0  20937  -61.0                         200      2  505.1         505.1
   42.0  21779  -59.5                          80      7  528.6         528.6
   40.0  22087  -58.9                          70     12  537.5         537.5
   38.0  22410  -58.3                          40     12  547.0         547.0
   34.0  23111  -57.0                         135     10  568.1         568.1
   32.0  23493  -56.3                         105     21  579.9         579.9
   30.0  23900  -55.5                         110     25  592.7         592.7
   29.0  24119  -55.1                         110     24  599.7         599.7
   28.0  24346  -54.6                          85     28  607.0         607.0
   26.0  24825  -53.7                          95     31  622.7         622.7
   23.0  25617  -52.1                          85     30  649.5         649.5
   21.0  26205  -50.9                         110     31  670.1         670.1
   20.0  26520  -50.3                         100     36  681.5         681.5
   19.0  26857  -49.9                          95     33  692.9         692.9
   16.0  27987  -48.3                         105     40  732.7         732.7
   14.0  28864  -47.2                         105     45  765.2         765.2
   13.6  29055  -46.9                                     772.4         772.4
