
-----------------------------------------------------------------------------
   PRES   HGHT   TEMP   DWPT   RELH   MIXR   DRCT   SKNT   THTA   THTE   THTV
    hPa     m      C      C      %    g/kg    deg   knot     K      K      K 
-----------------------------------------------------------------------------
 1018.0      5   20.6    8.6     46   6.93     30      5  292.3  312.4  293.5
 1010.0     72   19.4    6.4     43   6.00     12      7  291.7  309.2  292.8
 1002.0    139   18.6    8.6     52   7.04    354      9  291.6  312.0  292.8
 1000.0    156   18.6    7.6     49   6.59    350     10  291.8  310.9  292.9
  998.0    173   18.4    8.4     52   6.97    348     10  291.7  311.9  292.9
  986.0    277   19.8    0.8     28   4.13    337     12  294.1  306.5  294.9
  979.0    338   19.4    0.2     28   3.98    330     13  294.4  306.3  295.1
  925.0    823   16.4   -4.6     23   2.95    345     22  296.1  305.2  296.6
  904.0   1018   15.2   -7.8     20   2.36    348     26  296.8  304.2  297.2
  871.0   1333   14.6  -14.4     12   1.45    352     33  299.3  304.0  299.6
  850.0   1539   12.8   -9.2     21   2.25    355     38  299.5  306.7  299.9
  838.0   1658   12.0   -9.3     22   2.27      0     39  299.9  307.2  300.4
  816.0   1880   10.6   -9.4     24   2.31    357     38  300.7  308.1  301.1
  801.0   2033    9.7  -14.9     16   1.51    355     37  301.4  306.3  301.7
  778.0   2274    8.4  -23.6      8   0.74    343     33  302.5  305.0  302.6
  700.0   3136    2.6  -22.4     14   0.91    300     20  305.3  308.4  305.5
  662.0   3585   -1.1  -24.1     16   0.83    300     19  306.1  308.9  306.2
  661.0   3597   -1.2  -24.3     15   0.81    300     19  306.1  308.9  306.3
  618.0   4130   -3.9  -33.2      8   0.38    315     24  308.9  310.3  309.0
  600.0   4364   -5.1  -37.1      6   0.27    311     27  310.2  311.2  310.2
  589.0   4509   -5.5  -24.5     21   0.90    308     29  311.4  314.5  311.5
  560.0   4903   -7.8  -31.9     13   0.48    300     35  313.2  314.9  313.3
  544.0   5129   -9.1  -36.1      9   0.32    300     32  314.2  315.4  314.3
  511.0   5612  -10.7  -48.1      3   0.10    300     26  317.9  318.3  317.9
  500.0   5780  -11.3  -52.3      2   0.06    305     29  319.2  319.4  319.2
  477.0   6138  -13.1  -53.1      2   0.06    296     35  321.3  321.5  321.3
  451.0   6559  -15.9  -45.5      6   0.14    285     42  323.0  323.6  323.0
  428.0   6952  -18.5  -38.5     15   0.32    289     47  324.5  325.8  324.6
  400.0   7450  -22.9  -40.9     18   0.27    295     54  325.1  326.2  325.2
  374.0   7939  -27.7  -42.7     23   0.24    297     62  325.1  326.0  325.1
  358.0   8253  -28.9  -48.9     13   0.13    298     68  327.6  328.1  327.6
  351.0   8395  -26.9  -58.9      3   0.04    299     70  332.1  332.3  332.1
  335.0   8726  -29.3  -60.1      3   0.03    300     76  333.3  333.5  333.3
  300.0   9510  -34.9  -62.9      4   0.03    290     84  336.1  336.2  336.1
  299.0   9533  -35.3  -63.3      4   0.03    290     85  335.8  335.9  335.8
  272.0  10191  -37.2  -63.5      5   0.03    280    102  342.3  342.4  342.3
  268.0  10294  -37.5  -63.5      5   0.03    281    102  343.3  343.4  343.3
  250.0  10770  -41.7  -64.7      6   0.03    285    104  343.9  344.1  343.9
  227.0  11406  -46.6  -67.5      8   0.02    290    106  346.0  346.1  346.0
  200.0  12240  -53.1  -71.1      9   0.01    285    102  348.5  348.6  348.5
  179.0  12946  -59.1  -75.1     11   0.01    287    102  349.9  350.0  349.9
  171.0  13232  -59.9  -76.9      9   0.01    288    103  353.2  353.2  353.2
  154.0  13878  -64.4                         290    103  356.3         356.3
  150.0  14040  -65.5                         290     99  357.1         357.1
  136.0  14627  -70.4                         290     93  358.6         358.6
  134.0  14716  -71.1                         285     90  358.8         358.8
  125.0  15130  -67.7                         278     69  372.2         372.2
  121.0  15324  -68.5                         275     59  374.1         374.1
  111.0  15839  -70.7                         285     63  379.4         379.4
  100.0  16460  -68.5                         270     45  395.1         395.1
   93.0  16895  -69.2                         270     35  402.0         402.0
   88.7  17179  -69.7                         282     28  406.5         406.5
   84.0  17509  -67.9                         295     21  416.5         416.5
   79.0  17881  -65.9                         260     21  428.1         428.1
   74.0  18278  -63.7                         240     10  440.7         440.7
   70.0  18620  -63.3                         205     11  448.6         448.6
   67.0  18889  -63.7                           0      0  453.4         453.4
   64.1  19160  -64.1                          27      2  458.3         458.3
   60.4  19527  -61.3                          63      5  472.4         472.4
   55.0  20113  -59.5                         120     10  489.3         489.3
   53.0  20345  -58.8                          95     16  496.1         496.1
   50.0  20710  -57.7                          90     12  507.1         507.1
   48.0  20969  -57.0                          80     12  514.6         514.6
   41.0  21970  -54.4                         125     19  544.8         544.8
   40.2  22095  -54.1                         121     20  548.7         548.7
   34.0  23168  -53.8                          85     24  576.5         576.5
   30.0  23970  -53.5                          90     22  598.2         598.2
   29.6  24056  -53.9                          92     22  599.4         599.4
   26.0  24894  -50.4                         115     26  632.1         632.1
   25.2  25096  -49.5                         110     27  640.2         640.2
   22.0  25980  -50.4                          90     33  662.7         662.7
   21.0  26283  -50.8                          95     27  670.6         670.6
   20.0  26600  -51.1                                     679.0         679.0
   19.7  26698  -50.5                                     683.8         683.8
