
-----------------------------------------------------------------------------
   PRES   HGHT   TEMP   DWPT   RELH   MIXR   DRCT   SKNT   THTA   THTE   THTV
    hPa     m      C      C      %    g/kg    deg   knot     K      K      K 
-----------------------------------------------------------------------------
 1014.0      5   18.6   17.6     94  12.64      0      0  290.6  326.3  292.8
 1000.0    126   17.0   16.2     95  11.71    325      5  290.1  323.2  292.2
  979.0    306   15.7   14.9     95  11.03    285     10  290.6  321.9  292.6
  952.0    544   14.1   13.3     95  10.17    280     13  291.3  320.3  293.1
  941.0    642   13.4   12.6     95   9.83    284     13  291.6  319.6  293.3
  925.0    787   13.4   11.3     87   9.17    290     12  293.0  319.4  294.6
  850.0   1494    8.8    7.5     92   7.71    330     11  295.4  317.9  296.7
  838.0   1611    8.2    7.0     93   7.56    340     12  295.9  318.1  297.2
  783.0   2170    5.1    4.8     97   6.91    345     21  298.4  319.0  299.7
  777.0   2233    4.8    4.5     98   6.84    342     21  298.7  319.1  300.0
  707.0   2998    1.2    0.1     92   5.47    310     26  302.9  319.6  303.9
  700.0   3079    0.8   -0.4     92   5.34    310     26  303.3  319.7  304.3
  610.0   4174   -5.1   -7.1     86   3.70    300     33  308.7  320.5  309.4
  607.0   4213   -4.7   -7.7     80   3.55    300     33  309.6  321.0  310.3
  566.0   4756   -8.5  -10.7     84   3.00    295     37  311.4  321.2  312.0
  531.0   5251  -11.9  -13.5     88   2.55    305     35  313.1  321.5  313.5
  525.0   5339  -12.5  -14.0     89   2.48    305     37  313.3  321.6  313.8
  502.0   5680  -14.9  -21.9     55   1.33    305     43  314.4  319.0  314.7
  500.0   5710  -15.1  -19.7     68   1.61    305     44  314.6  320.1  314.9
  499.0   5725  -14.9  -22.9     51   1.22    305     44  315.0  319.2  315.2
  485.0   5941  -16.9  -25.9     46   0.96    301     49  315.1  318.5  315.3
  480.0   6019  -16.3  -51.3      3   0.07    300     51  316.8  317.1  316.8
  461.0   6318  -18.5  -54.8      3   0.05    295     58  317.7  317.9  317.8
  419.0   7026  -23.6  -63.1      1   0.02    300     46  319.9  320.0  320.0
  400.0   7370  -26.1  -67.1      1   0.01    295     49  321.0  321.0  321.0
  351.0   8303  -31.9  -61.9      3   0.03    300     76  325.4  325.5  325.4
  315.0   9052  -38.1  -62.6      6   0.03    300     66  327.0  327.1  327.0
  300.0   9390  -40.9  -62.9      8   0.03    290     73  327.6  327.7  327.6
  278.0   9901  -45.1  -63.3     11   0.03    280     86  328.8  328.9  328.8
  277.0   9925  -45.3  -63.3     11   0.03    280     87  328.8  328.9  328.8
  252.0  10548  -49.5  -61.5     23   0.04    290    102  331.6  331.8  331.6
  251.0  10574  -49.7  -61.7     23   0.04    290    103  331.7  331.8  331.7
  250.0  10600  -49.9  -61.9     23   0.04    290    103  331.8  331.9  331.8
  210.0  11729  -55.7  -76.7      6   0.01    285     95  339.6  339.7  339.6
  200.0  12040  -55.9  -79.9      3   0.00    280     95  344.1  344.1  344.1
  169.0  13105  -57.9  -85.4      2   0.00    280     95  357.7  357.8  357.7
  150.0  13860  -59.3  -89.3      1   0.00    280     80  367.7  367.7  367.7
  139.0  14336  -59.7  -90.4      1   0.00    290     70  375.1  375.1  375.1
  134.0  14564  -59.9  -90.9      1   0.00    292     76  378.7  378.7  378.7
  127.0  14896  -60.9                         295     86  382.8         382.8
  108.0  15897  -63.7                         298     68  395.6         395.6
  100.0  16370  -62.3                         300     59  407.1         407.1
   91.0  16953  -61.1                         295     47  420.6         420.6
   89.6  17049  -60.9                         300     45  422.9         422.9
   86.0  17299  -62.6                         315     38  424.4         424.4
   76.0  18051  -67.7                         305     38  429.1         429.1
   74.1  18206  -68.7                         295     37  430.0         430.0
   70.3  18524  -63.9                         277     30  446.8         446.8
   70.0  18550  -64.1                         275     29  446.9         446.9
   66.0  18911  -65.0                         270     25  452.5         452.5
   64.8  19023  -65.3                         266     21  454.3         454.3
   63.0  19197  -61.7                         260     16  465.9         465.9
   62.0  19295  -62.3                         250     10  466.6         466.6
   60.0  19496  -63.6                         160      3  468.2         468.2
   56.0  19919  -66.2                          30     10  471.5         471.5
   54.2  20120  -67.5                           8     10  473.0         473.0
   52.0  20372  -66.4                         340     11  481.2         481.2
   50.0  20610  -65.3                         340     13  489.2         489.2
   49.0  20733  -65.1                         345     14  492.4         492.4
   47.0  20987  -64.8                         325     21  499.2         499.2
   46.7  21026  -64.7                                     500.3         500.3
