
-----------------------------------------------------------------------------
   PRES   HGHT   TEMP   DWPT   RELH   MIXR   DRCT   SKNT   THTA   THTE   THTV
    hPa     m      C      C      %    g/kg    deg   knot     K      K      K 
-----------------------------------------------------------------------------
 1018.0      5   24.0   17.0     65  12.11    150     11  295.6  330.7  297.8
 1000.0    165   22.2   17.2     73  12.50    155     20  295.4  331.4  297.6
  999.0    174   22.1   17.2     73  12.48    155     20  295.4  331.4  297.6
  925.0    835   16.2   14.4     89  11.27    155     17  295.9  328.5  297.9
  921.0    872   15.8   14.5     92  11.39    154     17  295.8  328.8  297.9
  875.0   1307   13.4   13.2     99  11.01    145     15  297.7  329.9  299.7
  850.0   1551   11.8   10.7     93   9.59    140     14  298.5  326.7  300.2
  834.0   1708   11.1   10.0     93   9.35    135     12  299.4  327.0  301.1
  765.0   2424    8.0    7.0     93   8.29    110     13  303.5  328.5  305.0
  708.0   3065    5.2    4.3     94   7.41    125     20  307.2  330.0  308.6
  700.0   3159    4.8    3.9     94   7.28    125     19  307.8  330.3  309.1
  631.0   3999    0.2   -0.9     92   5.71    118     15  311.8  329.9  312.9
  608.0   4295   -1.2   -4.7     77   4.47    115     14  313.5  328.0  314.4
  606.0   4322   -1.3   -5.0     76   4.37    116     14  313.7  327.8  314.5
  586.0   4588   -3.3  -27.3     14   0.70    127     12  314.4  316.9  314.5
  577.0   4710   -3.7  -26.7     15   0.75    132     12  315.3  318.0  315.4
  565.0   4876   -3.3  -36.3      6   0.31    139     11  317.7  318.8  317.7
  500.0   5830   -8.9  -47.9      3   0.10    180      5  322.1  322.5  322.1
  497.0   5876   -9.2  -47.9      3   0.10    170      5  322.3  322.7  322.4
  456.0   6538  -13.3  -48.3      4   0.11    181      7  325.2  325.6  325.2
  431.0   6964  -17.1  -32.1     26   0.60    188      9  325.7  327.9  325.8
  415.0   7247  -18.9  -52.9      3   0.07    193     10  326.9  327.2  326.9
  409.0   7355  -19.9  -53.9      3   0.06    195     10  327.0  327.3  327.0
  400.0   7520  -21.3  -55.3      3   0.05    205     10  327.2  327.4  327.2
  382.0   7858  -24.5  -54.5      4   0.06    223     14  327.3  327.6  327.4
  371.0   8070  -25.7  -56.8      4   0.05    235     17  328.5  328.7  328.5
  353.0   8430  -27.7  -60.7      3   0.03    235     20  330.5  330.6  330.5
  330.0   8912  -31.3  -42.3     33   0.28    235     25  332.0  333.1  332.0
  300.0   9580  -37.3  -51.3     22   0.11    235     31  332.7  333.2  332.7
  263.0  10472  -44.8  -60.6     15   0.04    230     36  334.4  334.6  334.4
  259.0  10576  -45.7  -61.7     15   0.04    233     37  334.6  334.8  334.6
  250.0  10810  -47.7  -62.7     16   0.03    240     39  335.0  335.2  335.0
  220.0  11637  -54.7  -63.7     32   0.03    243     50  336.7  336.8  336.7
  206.0  12053  -56.9  -68.7     21   0.02    245     56  339.6  339.7  339.6
  200.0  12240  -57.9  -70.9     17   0.01    245     52  340.9  341.0  340.9
  193.0  12465  -58.4  -73.3     13   0.01    245     46  343.6  343.6  343.6
  183.0  12800  -59.2  -76.9      8   0.01    250     50  347.5  347.6  347.5
  175.0  13082  -59.9  -79.9      6   0.00    248     50  350.9  350.9  350.9
  153.0  13917  -63.4                         240     49  358.6         358.6
  150.0  14040  -63.9                         240     50  359.8         359.8
  127.0  15049  -68.1                         260     60  369.8         369.8
  125.0  15145  -68.5                         258     57  370.7         370.7
  122.0  15292  -66.9                         255     53  376.2         376.2
  113.0  15751  -70.1                         245     41  378.6         378.6
  100.0  16480  -69.1                         235     25  394.0         394.0
   96.0  16723  -69.9                         230     27  397.0         397.0
   92.4  16951  -70.7                         244     25  399.8         399.8
   91.0  17041  -70.7                         250     24  401.6         401.6
   87.0  17308  -70.7                         240     21  406.7         406.7
   82.0  17659  -70.7                         255     19  413.7         413.7
   77.0  18033  -70.7                         195     16  421.2         421.2
   73.1  18341  -70.7                         176     13  427.5         427.5
   73.0  18349  -70.6                         175     13  427.8         427.8
   70.0  18600  -67.9                         135     12  438.8         438.8
   69.7  18626  -67.5                         134     12  440.2         440.2
   66.6  18899  -68.5                         127     10  443.8         443.8
   66.0  18954  -68.3                         125     10  445.4         445.4
   61.0  19434  -66.2                          80      3  460.2         460.2
   54.0  20175  -63.0                         120     13  484.0         484.0
   53.5  20232  -62.7                         118     14  485.8         485.8
   50.0  20650  -61.5                         100     21  498.1         498.1
   49.0  20777  -61.2                          90     20  501.6         501.6
   47.0  21040  -60.7                         110     20  509.0         509.0
   38.0  22380  -57.9                          85     36  548.1         548.1
   34.0  23081  -56.4                         100     28  569.6         569.6
   30.0  23870  -54.7                          80     31  594.9         594.9
   28.0  24312  -54.4                          80     29  607.6         607.6
   27.4  24450  -54.3                                     611.6         611.6
