
-----------------------------------------------------------------------------
   PRES   HGHT   TEMP   DWPT   RELH   MIXR   DRCT   SKNT   THTA   THTE   THTV
    hPa     m      C      C      %    g/kg    deg   knot     K      K      K 
-----------------------------------------------------------------------------
 1023.0      5   24.4   13.4     50   9.53    125      8  295.6  323.4  297.3
 1006.0    152   22.0   13.6     59   9.80    145     16  294.7  323.1  296.4
 1003.0    179   21.6   13.6     60   9.85    150     16  294.5  323.0  296.2
 1000.0    205   21.4   13.4     60   9.75    155     16  294.6  322.8  296.3
  988.0    309   20.4   13.1     63   9.69    165     11  294.6  322.6  296.3
  967.0    493   18.6   12.7     68   9.60    120     15  294.6  322.4  296.3
  941.0    727   16.4   12.1     76   9.47    135     21  294.6  322.1  296.3
  939.0    745   16.2   12.0     76   9.46    134     21  294.6  322.0  296.3
  925.0    873   15.2   11.0     76   8.98    125     23  294.8  320.9  296.4
  870.0   1388   11.4    8.4     82   8.00    110     20  296.1  319.6  297.6
  850.0   1584   10.0    7.4     84   7.65     90     21  296.6  319.1  298.0
  841.0   1672    9.3    7.1     86   7.59     90     19  296.8  319.2  298.2
  834.0   1742    8.8    6.9     88   7.54     83     22  297.0  319.2  298.3
  821.0   1872    8.2    6.5     89   7.45     70     27  297.7  319.7  299.0
  798.0   2107    7.2    5.8     91   7.30     67     29  299.0  320.8  300.3
  784.0   2253    7.0    3.2     77   6.20     65     30  300.4  319.1  301.5
  780.0   2295    7.0    2.5     73   5.91     66     29  300.8  318.6  301.8
  770.0   2401    9.2  -23.8      8   0.73     67     27  304.2  306.8  304.4
  720.0   2955    7.8  -35.2      3   0.27     75     15  308.6  309.6  308.6
  700.0   3186    6.2  -36.8      3   0.23     60     11  309.3  310.2  309.4
  645.0   3850    1.6  -44.4      2   0.11     70      5  311.4  311.9  311.4
  643.0   3875    1.5  -44.4      2   0.12     70      5  311.6  312.1  311.7
  624.0   4115    1.0  -44.0      2   0.12     70      6  313.7  314.2  313.7
  573.0   4783   -4.1  -48.0      2   0.09     70     10  315.4  315.8  315.4
  553.0   5061   -6.2  -49.6      2   0.07     80     10  316.1  316.4  316.1
  535.0   5320   -8.2  -51.1      2   0.06     70     13  316.8  317.0  316.8
  522.0   5513   -9.7  -52.3      2   0.06     25     10  317.2  317.4  317.2
  507.0   5741  -11.5  -53.6      2   0.05     60     12  317.7  317.9  317.7
  500.0   5850  -12.3  -54.3      2   0.05     60     14  318.0  318.2  318.0
  490.0   6004  -13.7  -58.7      1   0.03     62     15  318.1  318.2  318.1
  476.0   6223  -15.0  -41.7      8   0.21     65     16  319.1  319.9  319.2
  471.0   6303  -15.5  -35.5     16   0.40     62     14  319.5  321.0  319.6
  460.0   6480  -16.2  -42.0      9   0.21     55     10  320.7  321.6  320.8
  452.0   6612  -16.8  -46.7      6   0.13    355      1  321.6  322.2  321.7
  442.0   6780  -17.5  -52.8      3   0.06    295     10  322.8  323.1  322.8
  439.0   6831  -17.7  -54.7      2   0.05    290     12  323.2  323.4  323.2
  433.0   6934  -17.7  -61.7      1   0.02    280     17  324.5  324.6  324.5
  400.0   7520  -22.9  -48.9      7   0.11    295     16  325.1  325.6  325.2
  388.0   7740  -24.7  -49.8      8   0.10    300     17  325.6  326.0  325.6
  378.0   7928  -26.3  -50.6      8   0.10    285     22  326.0  326.4  326.0
  350.0   8483  -30.9  -52.9     10   0.08    299     31  327.0  327.3  327.0
  349.0   8503  -31.0  -53.1     10   0.08    300     31  327.1  327.4  327.1
  300.0   9560  -38.1  -63.1      5   0.03    290     35  331.6  331.7  331.6
  281.0  10006  -41.9  -65.1      6   0.02    290     33  332.4  332.5  332.4
  279.0  10054  -42.3  -65.3      6   0.02    290     34  332.4  332.6  332.5
  254.0  10684  -45.1  -73.1      3   0.01    294     53  337.4  337.4  337.4
  250.0  10790  -44.5  -74.5      2   0.01    295     56  339.8  339.8  339.8
  236.0  11176  -45.6  -76.1      2   0.01    290     54  343.8  343.8  343.8
  225.0  11495  -46.5  -77.5      2   0.00    293     69  347.1  347.1  347.1
  215.0  11794  -48.7  -77.8      2   0.00    295     84  348.2  348.2  348.2
  200.0  12270  -52.3  -78.3      3   0.00    295     86  349.8  349.8  349.8
  188.0  12664  -54.5  -79.9      3   0.00    290     94  352.4  352.4  352.4
  165.0  13495  -59.2  -83.4      3   0.00    295     86  357.9  357.9  357.9
  162.0  13612  -59.9  -83.9      3   0.00    294     82  358.7  358.7  358.7
  150.0  14090  -62.5                         290     64  362.2         362.2
  145.0  14298  -63.1                         290     55  364.7         364.7
  133.0  14827  -64.6                         290     66  371.2         371.2
  129.0  15014  -65.1                         280     59  373.5         373.5
  125.0  15206  -63.3                         270     53  380.1         380.1
  123.0  15303  -63.9                         265     49  380.8         380.8
  110.0  15977  -67.9                         295     32  385.7         385.7
  101.0  16491  -70.9                         305     49  389.4         389.4
  100.0  16550  -70.5                         300     50  391.3         391.3
   93.8  16933  -68.3                         278     32  402.8         402.8
   93.0  16984  -68.6                         275     30  403.1         403.1
   86.0  17450  -71.6                         290     34  406.2         406.2
   84.5  17554  -72.3                         285     35  406.9         406.9
   82.0  17731  -72.6                         275     23  409.9         409.9
   80.0  17876  -72.8                         285     14  412.3         412.3
   74.0  18334  -73.5                         295     15  420.1         420.1
   70.0  18660  -73.3                         270     18  427.2         427.2
   68.0  18833  -72.5                         290     13  432.6         432.6
   66.0  19011  -71.6                         285     13  438.2         438.2
   64.0  19195  -70.7                         320     10  444.1         444.1
   60.0  19580  -68.8                         260      9  456.6         456.6
   57.0  19887  -67.3                         225     14  466.7         466.7
   56.0  19992  -66.8                         175      9  470.2         470.2
   54.0  20209  -65.7                           0      0  477.6         477.6
   50.4  20621  -63.7                          67      8  491.8         491.8
   50.0  20670  -63.7                          75      9  492.9         492.9
   48.0  20919  -64.1                          35     12  497.7         497.7
   47.0  21048  -64.3                          45     10  500.2         500.2
   45.4  21259  -64.7                          57      8  504.3         504.3
   42.0  21740  -62.0                          85      3  522.4         522.4
   41.0  21889  -61.1                         105     15  528.1         528.1
   39.0  22198  -59.4                          45     14  540.1         540.1
   38.0  22359  -58.5                          45     11  546.4         546.4
   37.0  22527  -58.2                          95     10  551.3         551.3
   32.0  23443  -56.6                          10     10  579.0         579.0
   30.0  23850  -55.9                          15      4  591.6         591.6
   29.0  24066  -55.1                           0      0  599.5         599.5
   28.7  24133  -54.9                          24      3  602.0         602.0
   28.0  24292  -54.5                          80     10  607.2         607.2
   27.0  24528  -54.0                          65     10  615.0         615.0
   26.0  24772  -53.5                         140     10  623.2         623.2
   24.0  25290  -52.3                          60     10  641.0         641.0
   23.0  25566  -51.7                          40     12  650.6         650.6
   22.0  25853  -51.1                          15      5  660.8         660.8
   21.0  26154  -50.4                         355     15  671.7         671.7
   20.0  26470  -49.7                         325      7  683.3         683.3
   18.0  27163  -48.4                         220     11  708.3         708.3
   17.0  27540  -47.7                         280     10  722.3         722.3
   16.0  27939  -46.9                                     737.4         737.4
