
-----------------------------------------------------------------------------
   PRES   HGHT   TEMP   DWPT   RELH   MIXR   DRCT   SKNT   THTA   THTE   THTV
    hPa     m      C      C      %    g/kg    deg   knot     K      K      K 
-----------------------------------------------------------------------------
 1006.0      5   27.8   13.8     42   9.95    330      5  300.4  330.0  302.2
 1004.0     23   27.0   11.0     37   8.27    330      5  299.8  324.5  301.3
 1000.0     59   26.6   11.6     39   8.65    330      5  299.8  325.5  301.3
  960.0    417   23.2   10.2     44   8.20    314      8  299.8  324.3  301.3
  925.0    740   21.8   11.8     53   9.48    300     11  301.6  329.9  303.3
  906.6    914   20.7   12.5     59  10.15    290     12  302.2  332.6  304.1
  875.2   1219   18.9   13.8     72  11.43    280     18  303.4  337.6  305.5
  867.0   1300   18.4   14.1     76  11.80    282     23  303.7  339.0  305.8
  850.0   1471   19.2   11.2     60   9.92    285     33  306.2  336.4  308.1
  843.0   1542   19.4    9.4     52   8.85    285     34  307.2  334.3  308.8
  815.0   1829   17.7    8.6     55   8.68    285     39  308.3  335.1  309.9
  786.3   2134   15.8    7.8     59   8.49    285     35  309.6  335.9  311.1
  758.6   2438   14.0    6.9     62   8.31    300     32  310.8  336.6  312.3
  729.0   2776   12.0    6.0     67   8.11    288     33  312.1  337.5  313.6
  700.0   3115    9.2    4.5     72   7.60    275     35  312.6  336.6  314.1
  655.4   3658    5.2    1.4     76   6.48    270     39  314.0  334.6  315.2
  641.0   3841    3.8    0.3     78   6.14    274     38  314.5  334.1  315.6
  608.0   4267    0.9   -3.6     72   4.84    285     35  316.0  331.7  316.9
  566.0   4843   -2.9   -8.9     63   3.46    281     39  318.0  329.5  318.6
  550.0   5070   -4.1  -13.1     50   2.55    280     41  319.2  327.8  319.7
  539.0   5230   -4.7  -10.7     63   3.16    279     42  320.3  330.9  320.9
  532.0   5333   -4.7  -16.7     39   1.96    278     43  321.5  328.3  321.9
  527.0   5408   -5.3   -8.1     81   3.96    278     44  321.6  334.9  322.4
  516.0   5573   -6.5  -14.5     53   2.42    277     45  322.1  330.5  322.6
  512.0   5634   -6.3  -23.3     25   1.15    276     46  323.1  327.2  323.3
  500.0   5820   -7.5  -11.4     74   3.22    275     47  323.8  334.8  324.5
  493.0   5930   -7.9  -18.9     41   1.75    277     46  324.6  330.9  325.0
  489.0   5993   -8.5  -17.5     48   1.99    278     46  324.7  331.7  325.1
  472.0   6266   -9.5  -19.5     44   1.74    283     44  326.7  332.9  327.1
  463.8   6401   -9.5  -27.6     21   0.86    285     43  328.4  331.6  328.5
  461.0   6448   -9.5  -30.5     16   0.66    284     43  328.9  331.4  329.1
  439.0   6824  -10.9  -25.9     28   1.06    275     43  331.8  335.8  332.0
  428.4   7010  -12.5  -26.4     30   1.04    270     43  332.1  336.0  332.3
  400.0   7530  -16.9  -27.9     38   0.97    260     58  332.9  336.6  333.1
  395.2   7620  -17.8  -28.0     41   0.97    260     58  332.9  336.6  333.1
  388.0   7758  -19.1  -28.1     45   0.98    260     57  333.0  336.7  333.2
  364.0   8231  -22.1  -26.2     69   1.25    260     54  335.1  339.8  335.3
  349.2   8534  -23.9  -29.1     62   0.99    260     52  336.7  340.5  336.9
  328.0   8991  -26.5  -33.5     52   0.69    262     53  339.2  341.9  339.3
  300.0   9630  -31.1  -37.1     56   0.53    265     55  341.4  343.6  341.5
  282.0  10058  -34.5  -40.8     53   0.38    270     58  342.6  344.2  342.7
  250.0  10890  -41.1  -48.1     47   0.20    255     57  344.8  345.7  344.9
  246.0  11000  -41.5  -50.5     37   0.15    255     57  345.8  346.5  345.9
  235.9  11278  -44.1  -52.5     39   0.13    255     56  346.1  346.6  346.1
  200.0  12370  -54.3  -60.3     47   0.06    250     54  346.6  346.9  346.6
  182.0  12967  -59.9  -66.9     40   0.03    250     55  347.0  347.1  347.0
  177.9  13106  -61.2                         250     55  347.1         347.1
  171.0  13353  -63.5                         250     56  347.2         347.2
  169.4  13411  -63.7                         250     56  347.9         347.9
  167.0  13498  -63.9                         248     57  348.9         348.9
  150.0  14150  -67.5                         235     66  353.6         353.6
  145.7  14326  -68.4                         235     67  355.1         355.1
  142.0  14479  -69.1                         237     63  356.4         356.4
  131.4  14935  -72.0                         245     51  359.1         359.1
  118.4  15545  -76.0                         255     65  362.7         362.7
  115.0  15715  -77.1                         235     76  363.7         363.7
  112.3  15850  -77.0                         235     76  366.4         366.4
  100.0  16520  -76.3                         210     19  380.1         380.1
   97.0  16694  -77.0                         210     12  382.1         382.1
   95.8  16764  -77.3                         215     20  382.8         382.8
   94.8  16826  -77.5                         228     19  383.6         383.6
   88.0  17254  -74.9                         315     12  396.9         396.9
   86.9  17326  -74.5                         314     12  399.2         399.2
   82.5  17626  -76.1                         312     13  401.9         401.9
   79.0  17880  -73.8                         310     14  411.6         411.6
   75.0  18183  -71.1                         270     10  423.5         423.5
   73.0  18341  -69.7                         231      7  429.8         429.8
   70.0  18590  -70.3                         170      2  433.7         433.7
   69.0  18677  -70.0                           0      0  436.1         436.1
   59.0  19621  -67.0                          65     10  462.9         462.9
   58.0  19725  -66.6                          65     10  465.9         465.9
   56.0  19936  -65.9                         130     10  472.2         472.2
   55.0  20045  -65.6                         130     16  475.4         475.4
   52.0  20383  -64.5                          75     18  485.7         485.7
   50.0  20620  -63.7                          85     17  492.9         492.9
   49.0  20744  -63.2                          90     22  497.1         497.1
   48.5  20807  -62.9                          88     23  499.2         499.2
   46.4  21079  -63.5                          77     26  504.1         504.1
   45.0  21269  -62.9                          70     29  510.0         510.0
   44.0  21408  -62.4                          65     28  514.4         514.4
   38.0  22317  -59.5                          57     24  543.9         543.9
   37.0  22486  -58.2                          55     23  551.5         551.5
   35.1  22818  -55.5                          64     15  566.7         566.7
   35.0  22837  -55.5                          65     15  567.2         567.2
   33.0  23212  -55.3                          50     16  577.2         577.2
   31.0  23611  -55.2                          75     17  588.1         588.1
   30.0  23820  -55.1                          65     17  593.8         593.8
   29.0  24038  -53.5                          71     16  604.0         604.0
   27.0  24496  -55.1                          85     14  612.1         612.1
   26.0  24738  -55.9                         110     11  616.4         616.4
   25.0  24991  -55.2                         130     14  625.4         625.4
   23.0  25529  -53.7                         125     19  644.9         644.9
   20.0  26430  -51.1                          75     32  679.0         679.0
   19.0  26765  -50.3                          70     34  691.6         691.6
   18.0  27119  -49.4                          80     20  705.0         705.0
   17.2  27416  -48.7                                     716.6         716.6
