
-----------------------------------------------------------------------------
   PRES   HGHT   TEMP   DWPT   RELH   MIXR   DRCT   SKNT   THTA   THTE   THTV
    hPa     m      C      C      %    g/kg    deg   knot     K      K      K 
-----------------------------------------------------------------------------
 1011.0      5   26.4   19.4     65  14.23    135      5  298.6  340.2  301.2
 1000.0     96   24.8   17.8     65  12.99    115      3  297.9  335.9  300.3
  925.0    773   17.6   15.2     86  11.88     75      6  297.3  331.9  299.4
  907.0    941   16.0   14.2     89  11.35     70      6  297.3  330.4  299.4
  885.0   1150   15.8   11.2     74   9.52     65      7  299.2  327.4  300.9
  871.0   1286   16.6    7.6     55   7.57     61      7  301.4  324.2  302.8
  850.0   1493   14.8    6.8     59   7.34     55      8  301.6  323.8  303.0
  790.0   2108    9.4    3.4     66   6.22    115      8  302.2  321.1  303.4
  769.0   2332    8.0    1.0     61   5.38    138      7  303.1  319.6  304.1
  760.0   2429    8.2   -2.8     46   4.11    147      7  304.3  317.2  305.1
  700.0   3110    9.2  -21.8      9   0.96    215      7  312.6  316.0  312.8
  500.0   5820   -5.9  -39.9      5   0.24     40      3  325.8  326.7  325.8
  400.0   7520  -19.3  -53.3      3   0.07     30      6  329.8  330.1  329.8
  300.0   9590  -36.1  -61.1      6   0.03     80     11  334.4  334.5  334.4
  250.0  10840  -44.3  -68.3      5   0.02    300     21  340.1  340.1  340.1
  204.0  12180  -52.1  -78.0      3   0.00    305     70  348.1  348.1  348.1
  200.0  12310  -52.9  -78.9      3   0.00    305     69  348.8  348.9  348.8
  150.0  14110  -64.7                         295     60  358.4         358.4
  110.0  15954  -74.5                         310     40  373.2         373.2
  100.0  16510  -72.3                         280     36  387.8         387.8
