
-----------------------------------------------------------------------------
   PRES   HGHT   TEMP   DWPT   RELH   MIXR   DRCT   SKNT   THTA   THTE   THTV
    hPa     m      C      C      %    g/kg    deg   knot     K      K      K 
-----------------------------------------------------------------------------
 1014.0      5   21.0   20.6     98  15.31    195      6  293.0  336.6  295.7
 1000.0    125   20.0   19.7     98  14.67    175      3  293.1  335.0  295.7
  931.0    742   18.2   17.5     96  13.70     15     10  297.3  337.2  299.8
  925.0    798   18.0   17.3     96  13.62     10     11  297.7  337.4  300.1
  901.0   1022   16.8   16.0     95  12.82     20     10  298.7  336.3  301.0
  883.0   1194   15.9   14.9     94  12.24      0     11  299.5  335.5  301.7
  862.0   1399   14.8   13.7     93  11.57     25     10  300.5  334.6  302.6
  850.0   1519   14.2   13.0     92  11.19     25      9  301.0  334.2  303.0
  773.0   2320   11.4   10.3     93  10.28      8      3  306.3  337.5  308.2
  742.0   2660    9.7    8.9     95   9.71      0      0  308.0  337.7  309.8
  700.0   3145    7.2    6.8     97   8.93    330      3  310.4  338.1  312.1
  663.0   3587    4.9    4.5     97   8.01    350     11  312.7  337.8  314.2
  649.0   3760    4.0    3.5     97   7.67    355     10  313.6  337.8  315.0
  581.0   4660   -0.7   -1.2     96   6.07    343     10  318.2  337.9  319.3
  565.0   4882   -1.7   -2.6     94   5.62    340     10  319.5  337.9  320.6
  530.0   5388   -4.1   -5.8     88   4.69      0     15  322.5  338.2  323.4
  514.0   5631   -5.3   -7.4     85   4.29    350     14  324.0  338.4  324.8
  500.0   5850   -6.3   -8.8     82   3.95    315     14  325.3  338.7  326.1
  496.0   5913   -6.6   -9.0     83   3.92    305     14  325.7  339.0  326.5
  462.0   6467   -9.1  -10.9     87   3.62    296     21  329.2  341.8  330.0
  431.0   7003  -12.5  -16.0     75   2.56    288     27  331.5  340.6  332.0
  422.0   7163  -13.6  -16.7     77   2.47    285     29  332.1  340.9  332.6
  403.0   7513  -15.9  -18.2     82   2.27    285     28  333.5  341.7  334.0
  400.0   7570  -16.3  -18.5     83   2.24    285     28  333.7  341.8  334.2
  395.0   7665  -16.9  -18.1     90   2.34    278     26  334.1  342.6  334.6
  382.0   7914  -18.6  -22.9     69   1.60    260     19  335.1  341.0  335.4
  371.0   8133  -20.1  -27.1     54   1.13    262     24  335.9  340.2  336.1
  324.0   9113  -27.8  -33.5     58   0.70    270     46  338.6  341.4  338.8
  300.0   9670  -32.1  -37.1     61   0.53    270     51  340.0  342.1  340.1
  253.0  10848  -42.0  -47.0     58   0.22    275     57  342.3  343.2  342.4
  250.0  10930  -42.7  -47.7     58   0.21    275     58  342.4  343.3  342.5
  248.0  10984  -43.1  -48.1     58   0.20    274     60  342.6  343.5  342.7
  239.0  11232  -44.7  -52.7     40   0.12    269     70  343.9  344.4  343.9
  236.0  11316  -43.7  -59.7     15   0.05    267     73  346.6  346.9  346.6
  232.0  11431  -44.4  -62.2     12   0.04    265     78  347.3  347.5  347.3
  223.0  11695  -45.9  -67.9      7   0.02    262     76  348.9  349.0  348.9
  216.0  11906  -47.7  -64.7     12   0.03    260     74  349.3  349.4  349.3
  200.0  12410  -50.5  -70.5      8   0.01    255     70  352.6  352.7  352.6
  185.0  12907  -54.0  -75.1      6   0.01    245     68  354.9  355.0  354.9
  162.0  13754  -59.9  -82.9      3   0.00    255     53  358.7  358.7  358.7
  153.0  14107  -62.4                         260     46  360.3         360.3
  150.0  14230  -63.3                         270     48  360.8         360.8
  135.0  14864  -68.6                         275     60  362.4         362.4
  127.0  15232  -71.7                         270     56  363.3         363.3
  114.0  15859  -74.3                         260     50  369.8         369.8
  109.0  16119  -75.4                         250     39  372.5         372.5
  102.0  16505  -77.0                         265     22  376.5         376.5
  100.0  16620  -77.5                         280     19  377.7         377.7
   97.0  16793  -78.4                         295     23  379.2         379.2
   92.4  17069  -79.9                         285     31  381.6         381.6
   92.0  17094  -79.6                         280     32  382.7         382.7
   88.5  17315  -76.9                         258     20  392.4         392.4
   85.0  17547  -76.9                         235      7  396.9         396.9
   84.0  17615  -76.9                         270      3  398.2         398.2
   82.0  17753  -76.9                         330     10  401.0         401.0
   80.7  17845  -76.9                         322     10  402.8         402.8
   78.0  18042  -75.5                         305     10  409.6         409.6
   74.1  18339  -73.5                           8     10  419.9         419.9
   74.0  18346  -73.5                          10     10  420.0         420.0
   71.0  18587  -74.2                         345     18  423.5         423.5
   70.0  18670  -74.5                         335     15  424.7         424.7
   69.9  18678  -74.5                         334     15  424.9         424.9
   69.0  18755  -73.8                         325     10  427.9         427.9
   68.0  18841  -73.1                          10      6  431.2         431.2
   63.0  19292  -69.2                          25     12  449.4         449.4
   62.9  19302  -69.1                          23     12  449.8         449.8
   60.0  19584  -70.5                         330     15  452.8         452.8
   59.9  19593  -70.5                         329     15  452.9         452.9
   59.0  19685  -70.1                         315     10  455.8         455.8
   57.0  19892  -69.2                         275      2  462.3         462.3
   55.0  20107  -68.3                         105      8  469.1         469.1
   51.0  20561  -66.4                         115     17  483.8         483.8
   50.0  20680  -65.9                          90     21  487.8         487.8
   49.5  20741  -65.7                                     489.6         489.6
