
-----------------------------------------------------------------------------
   PRES   HGHT   TEMP   DWPT   RELH   MIXR   DRCT   SKNT   THTA   THTE   THTV
    hPa     m      C      C      %    g/kg    deg   knot     K      K      K 
-----------------------------------------------------------------------------
 1018.0      5   25.0   17.0     61  12.11      0      9  296.6  331.9  298.8
 1014.0     39   23.2   14.2     57  10.13      3      9  295.2  324.6  297.0
 1000.0    159   22.2   16.2     69  11.71     15      9  295.4  329.2  297.4
  961.0    504   18.8   15.5     81  11.65      7     10  295.3  329.0  297.4
  925.0    832   16.4   12.3     77   9.80      0     10  296.1  324.6  297.8
  900.0   1065   15.1    9.2     68   8.20    350     14  297.1  321.2  298.5
  898.0   1084   15.0    9.0     67   8.08    350     14  297.1  320.9  298.6
  887.0   1188   15.2    2.2     41   5.08    353     14  298.4  313.8  299.3
  875.0   1303   15.0   -4.0     27   3.26    355     14  299.4  309.5  299.9
  857.0   1479   13.8    4.8     55   6.33    359     13  299.9  318.9  301.0
  850.0   1548   13.8    3.8     51   5.95      0     13  300.6  318.6  301.7
  831.0   1739   14.2    1.2     41   5.05      4     12  303.0  318.5  303.9
  803.0   2027   12.2   -0.8     41   4.50     10     10  303.8  317.7  304.6
  801.0   2048   12.0   -1.0     41   4.46     11     10  303.8  317.7  304.6
  787.0   2195   12.4  -19.6      9   1.03     17     10  305.8  309.3  306.0
  762.0   2465   11.4  -26.6      5   0.57     27      9  307.5  309.6  307.6
  707.0   3086    8.4  -23.6      8   0.81     52      7  310.9  313.7  311.0
  701.0   3156    7.8   -4.2     42   4.02     55      7  311.0  323.9  311.7
  700.0   3168    7.6   -4.4     42   3.96     55      7  310.9  323.6  311.6
  641.0   3887    3.6  -32.4      5   0.40     23      8  314.2  315.7  314.3
  542.0   5224   -5.1  -39.1      5   0.24    322     11  319.3  320.2  319.4
  525.0   5471   -7.2  -34.0     10   0.41    310     11  319.8  321.3  319.8
  500.0   5850  -10.3  -26.3     26   0.90    335     11  320.4  323.7  320.6
  488.0   6037  -11.7  -25.6     31   0.98    335     14  320.9  324.5  321.1
  483.0   6117  -12.3  -25.3     33   1.02    338     13  321.1  324.8  321.3
  476.0   6229  -12.9  -37.9     10   0.31    343     12  321.7  322.9  321.8
  473.0   6277  -13.3  -35.1     14   0.41    345     12  321.8  323.4  321.9
  463.0   6440  -14.7  -25.7     39   1.02    347     11  322.1  325.8  322.2
  450.0   6656  -15.7  -29.7     29   0.73    350     10  323.4  326.1  323.6
  449.0   6673  -15.6  -32.6     22   0.55    350     10  323.7  325.8  323.8
  445.0   6741  -15.3  -44.3      6   0.17    335      9  325.0  325.6  325.0
  417.0   7230  -19.5  -49.5      5   0.10    227      2  325.7  326.1  325.7
  414.0   7284  -19.7  -50.4      5   0.09    215      1  326.1  326.4  326.1
  400.0   7540  -20.7  -54.7      3   0.06    100      7  328.0  328.2  328.0
  371.0   8091  -23.9  -60.9      2   0.03    126      9  330.9  331.0  330.9
  351.0   8485  -27.0  -60.9      3   0.03    145     10  332.0  332.1  332.0
  342.0   8669  -28.4  -60.8      3   0.03    160     13  332.5  332.7  332.5
  328.0   8966  -30.7  -60.8      4   0.03    150     17  333.3  333.5  333.3
  300.0   9600  -35.7  -60.7      6   0.04    155     17  334.9  335.1  334.9
  271.0  10291  -41.6  -62.7      8   0.03    170     18  336.2  336.4  336.2
  250.0  10840  -46.3  -64.3     11   0.03    190     18  337.1  337.2  337.1
  243.0  11024  -47.8  -65.2     12   0.02    195     17  337.7  337.8  337.7
  222.0  11608  -52.4  -68.0     14   0.02    230     13  339.4  339.4  339.4
  205.0  12124  -56.5  -70.5     16   0.01    210     15  340.7  340.8  340.7
  200.0  12280  -56.1  -72.1     12   0.01    215     19  343.8  343.8  343.8
  197.0  12376  -55.5  -73.5      9   0.01    218     16  346.2  346.3  346.2
  191.0  12572  -56.8  -74.8      9   0.01    225     10  347.1  347.2  347.1
  188.0  12672  -57.5  -75.5      8   0.01    240      9  347.6  347.6  347.6
  182.0  12878  -58.9  -76.9      8   0.01    260     11  348.5  348.6  348.5
  178.0  13018  -59.9  -77.9      8   0.01    252     14  349.2  349.2  349.2
  162.0  13603  -62.1                         220     28  355.0         355.0
  153.0  13957  -63.4                         205     25  358.6         358.6
  150.0  14080  -63.9                         205     25  359.8         359.8
  139.0  14541  -65.7                         215     24  364.5         364.5
  128.0  15040  -67.7                         200     21  369.6         369.6
  119.0  15481  -69.5                         200     27  374.2         374.2
  114.0  15740  -70.5                         195     23  376.9         376.9
  109.0  16007  -70.6                         170     10  381.6         381.6
  106.0  16173  -70.6                         195      4  384.6         384.6
  102.0  16402  -70.7                         225     10  388.7         388.7
  100.0  16520  -70.7                         200     12  390.9         390.9
   98.0  16639  -70.9                         195     12  392.7         392.7
   94.0  16884  -71.3                         225     10  396.6         396.6
   89.0  17206  -71.9                         200     10  401.7         401.7
   85.0  17476  -72.4                         180      5  406.1         406.1
   81.0  17760  -72.9                         210     10  410.6         410.6
   79.3  17885  -73.1                         182     11  412.7         412.7
   75.0  18213  -71.8                         110     15  422.1         422.1
   72.0  18454  -70.8                          90     11  429.2         429.2
   70.0  18620  -70.1                         100     10  434.1         434.1
   66.0  18974  -67.3                          80     15  447.4         447.4
   63.7  19187  -65.7                          87     16  455.6         455.6
   60.0  19554  -65.0                         100     18  465.1         465.1
   57.0  19868  -64.3                          70     22  473.4         473.4
   55.0  20086  -63.9                          45     17  479.3         479.3
   52.0  20430  -63.2                          85     16  488.6         488.6
   50.0  20670  -62.7                          85     15  495.3         495.3
   49.0  20796  -62.5                          85     13  498.6         498.6
   43.0  21609  -61.2                         100     13  520.7         520.7
   42.0  21756  -61.0                         115     16  524.8         524.8
   40.0  22060  -60.5                          95     21  533.3         533.3
   38.0  22379  -60.1                         105     24  542.4         542.4
   33.0  23258  -58.7                          85     35  568.3         568.3
   30.0  23860  -56.9                          80     34  588.9         588.9
   29.0  24076  -55.5                          75     33  598.6         598.6
   27.7  24367  -53.5                          77     32  612.0         612.0
   21.0  26147  -52.6                          90     25  664.9         664.9
   20.0  26460  -52.5                         100     31  674.7         674.7
   19.0  26792  -52.0                         100     35  686.1         686.1
   18.3  27035  -51.7                                     694.6         694.6
