
-----------------------------------------------------------------------------
   PRES   HGHT   TEMP   DWPT   RELH   MIXR   DRCT   SKNT   THTA   THTE   THTV
    hPa     m      C      C      %    g/kg    deg   knot     K      K      K 
-----------------------------------------------------------------------------
 1019.0      5   22.6   13.6     57   9.69    135      6  294.2  322.2  295.9
 1000.0    164   20.4   13.4     64   9.75    130     14  293.6  321.7  295.3
  955.0    559   16.8   12.3     75   9.48    115     15  293.8  321.1  295.4
  936.0    731   15.2   11.8     80   9.37    124     17  293.9  320.9  295.5
  933.0    758   15.0   11.6     80   9.30    125     17  293.9  320.8  295.5
  925.0    831   14.4   11.2     81   9.11    130     17  294.0  320.4  295.6
  919.0    886   14.1   11.1     82   9.08    135     16  294.2  320.5  295.8
  892.0   1136   12.4   10.4     88   8.97    130     13  295.1  321.1  296.6
  874.0   1307   11.3   10.0     92   8.89    155     14  295.6  321.5  297.2
  850.0   1541    9.8    9.4     97   8.78    155      8  296.4  322.1  298.0
  819.0   1849    8.2    7.5     95   8.00    181     10  297.9  321.5  299.3
  808.0   1961    8.2    4.3     76   6.48    190     11  299.0  318.4  300.2
  807.0   1972    8.2    4.0     75   6.35    189     11  299.1  318.2  300.3
  801.0   2033    9.2    5.8     79   7.27    186     12  300.8  322.6  302.1
  783.0   2221    8.2    4.2     76   6.67    175     14  301.7  321.8  302.9
  770.0   2360    7.4    3.1     74   6.25    180     13  302.3  321.3  303.4
  765.0   2414    7.4    3.5     76   6.47    182     13  302.9  322.6  304.1
  738.0   2709    6.4   -5.6     42   3.43    194     12  304.9  315.8  305.5
  729.0   2810    6.8  -19.2     14   1.16    198     11  306.4  310.3  306.6
  725.0   2855    7.2  -13.8     21   1.83    199     11  307.3  313.4  307.7
  709.0   3038    7.0   -8.0     33   2.97    206     10  309.1  318.7  309.6
  701.0   3131    6.6  -12.8     23   2.05    210     10  309.7  316.5  310.1
  700.0   3143    6.6  -13.4     22   1.95    210     10  309.8  316.3  310.1
  680.0   3380    6.0  -15.6     20   1.68    185     11  311.7  317.4  312.0
  670.0   3501    5.7  -16.7     18   1.55    205     10  312.7  318.0  313.0
  638.0   3902    4.7  -20.4     14   1.19    245      5  315.9  320.1  316.2
  628.0   4031    4.4  -21.6     13   1.09    210     10  317.0  320.9  317.2
  620.0   4136    4.1  -22.5     12   1.02    200     13  317.9  321.5  318.1
  616.0   4189    4.0  -23.0     12   0.98    203     13  318.3  321.8  318.5
  592.0   4505    1.7  -23.9     13   0.94    220     10  319.3  322.7  319.5
  500.0   5850   -7.9  -27.9     18   0.78    265      8  323.3  326.2  323.5
  497.0   5897   -8.3  -28.3     18   0.75    263      8  323.4  326.2  323.6
  483.0   6118   -8.3  -39.3      6   0.26    255      9  326.1  327.1  326.1
  451.0   6646  -11.7  -50.7      2   0.08    234     11  328.2  328.6  328.3
  431.0   6987  -14.5  -52.0      3   0.07    220     13  329.0  329.3  329.0
  416.0   7254  -16.7  -53.0      3   0.07    235     13  329.5  329.8  329.5
  400.0   7550  -19.1  -54.1      3   0.06    235     18  330.1  330.3  330.1
  369.0   8138  -24.5  -53.6      5   0.07    235     22  330.5  330.8  330.6
  349.0   8544  -28.3  -53.3      7   0.08    244     20  330.8  331.1  330.8
  337.0   8794  -29.9  -40.9     34   0.32    250     18  331.9  333.2  332.0
  328.0   8984  -31.4  -42.9     31   0.27    265     15  332.4  333.5  332.5
  300.0   9610  -36.3  -49.3     25   0.14    255     21  334.1  334.7  334.1
  273.0  10258  -41.1  -58.1     14   0.05    255     18  336.3  336.5  336.3
  254.0  10743  -45.0  -60.4     16   0.04    255     15  337.4  337.6  337.4
  250.0  10850  -45.9  -60.9     17   0.04    260     17  337.7  337.9  337.7
  237.0  11200  -48.8  -62.7     18   0.03    250     21  338.5  338.6  338.5
  216.0  11808  -53.9  -65.9     22   0.03    263     31  339.7  339.8  339.7
  213.0  11898  -54.5  -66.1     22   0.02    265     33  340.2  340.3  340.2
  200.0  12300  -57.1  -67.1     27   0.02    260     30  342.2  342.3  342.2
  187.0  12722  -59.9  -68.9     30   0.02    260     34  344.3  344.4  344.3
  179.0  12994  -62.1                         260     37  345.0         345.0
  166.0  13457  -63.0                         260     41  351.1         351.1
  153.0  13958  -63.9                         255     32  357.8         357.8
  150.0  14080  -64.1                         260     30  359.5         359.5
  141.0  14456  -65.8                         275     36  362.8         362.8
  132.0  14857  -67.7                         270     26  366.4         366.4
  114.0  15740  -67.6                         270     17  382.3         382.3
  107.0  16122  -67.5                         245     12  389.4         389.4
  104.0  16294  -67.5                         275     12  392.6         392.6
  100.0  16530  -67.5                         270     15  397.1         397.1
   98.0  16652  -67.4                         270     15  399.6         399.6
   94.0  16905  -67.1                         240     10  404.9         404.9
   92.0  17035  -66.9                         290      4  407.7         407.7
   88.0  17304  -66.6                         310     10  413.5         413.5
   84.0  17586  -66.3                         220     10  419.7         419.7
   81.0  17806  -66.1                         185     10  424.6         424.6
   74.0  18353  -65.5                         140      5  437.0         437.0
   73.0  18436  -65.4                         150     10  438.9         438.9
   70.0  18690  -65.1                         115     17  444.8         444.8
   68.0  18867  -64.9                         120     21  448.8         448.8
   63.0  19335  -64.5                          70     28  459.7         459.7
   61.0  19532  -64.3                          70     32  464.4         464.4
   55.0  20166  -63.7                          45     28  479.6         479.6
   53.0  20393  -63.5                          70     22  485.2         485.2
   51.0  20628  -63.3                          63     19  491.1         491.1
   50.0  20750  -62.5                          60     18  495.8         495.8
   46.0  21272  -60.9                          90     34  511.6         511.6
   44.0  21550  -60.0                          95     25  520.3         520.3
   41.0  21992  -58.6                          85     42  534.3         534.3
   39.0  22305  -57.7                          70     29  544.5         544.5
   36.0  22806  -56.1                          85     33  561.1         561.1
   34.0  23168  -56.9                          95     36  568.2         568.2
   33.6  23243  -57.1                          92     35  569.6         569.6
   32.0  23552  -56.9                          80     32  578.1         578.1
   31.0  23753  -56.8                          95     37  583.7         583.7
   30.0  23960  -56.7                          95     38  589.5         589.5
   25.3  25043  -56.5                          76     45  619.5         619.5
   25.0  25119  -56.3                          75     46  622.1         622.1
   20.0  26550  -52.9                          75     44  673.5         673.5
   19.0  26884  -51.8                          80     37  686.9         686.9
   17.0  27608  -49.4                          90     52  716.9         716.9
   16.5  27802  -48.7                                     725.1         725.1
