
-----------------------------------------------------------------------------
   PRES   HGHT   TEMP   DWPT   RELH   MIXR   DRCT   SKNT   THTA   THTE   THTV
    hPa     m      C      C      %    g/kg    deg   knot     K      K      K 
-----------------------------------------------------------------------------
 1009.0      5   26.6   22.0     76  16.81    190      6  299.0  348.2  302.0
 1000.0     80   26.0   20.0     70  14.95    180      6  299.1  343.0  301.8
  928.0    733   19.6   18.8     95  14.95    113      8  299.1  342.8  301.7
  925.0    761   19.4   17.9     91  14.15    110      8  299.1  340.6  301.7
  909.0    911   18.0   16.3     90  12.99     97      9  299.2  337.3  301.5
  857.0   1414   14.8   11.5     81  10.04     51     11  300.9  330.8  302.8
  850.0   1484   14.6   10.2     75   9.27     45     11  301.4  329.1  303.1
  846.0   1524   14.6    9.6     72   8.97     40     11  301.8  328.6  303.4
  815.0   1839   14.2    5.2     55   6.85     34     12  304.6  325.6  305.9
  754.0   2486    9.8    3.0     63   6.34     20     14  306.7  326.3  307.9
  722.0   2847    7.3    1.8     68   6.06     15     10  307.9  326.7  309.0
  700.0   3104    5.6    0.9     72   5.87    335      2  308.6  327.0  309.8
  695.0   3162    5.2    0.7     73   5.84    275      1  308.8  327.1  309.9
  660.0   3583    2.0   -0.5     84   5.62    256      4  309.8  327.5  310.9
  604.0   4296   -1.9   -7.9     64   3.51    224      9  313.3  324.7  313.9
  597.0   4389   -0.5  -23.5     16   0.97    220      9  315.9  319.4  316.1
  589.0   4497   -1.0  -36.8      5   0.28    215     10  316.6  317.7  316.7
  587.0   4524   -1.1  -40.1      3   0.20    216     10  316.8  317.6  316.8
  515.0   5551   -9.9  -22.9     34   1.18    260     10  318.2  322.4  318.4
  508.0   5657   -8.9  -35.2     10   0.38    265     10  320.6  322.1  320.7
  505.0   5703   -8.5  -40.5      6   0.22    263     12  321.7  322.6  321.7
  500.0   5780   -9.3  -40.3      6   0.23    260     14  321.6  322.5  321.7
  416.0   7165  -20.0  -51.8      4   0.08    220     17  325.2  325.6  325.2
  400.0   7460  -22.3  -54.3      4   0.06    230     17  325.9  326.2  325.9
  399.0   7478  -22.5  -53.5      4   0.07    231     17  325.9  326.2  325.9
  381.0   7816  -23.5  -61.5      2   0.03    243     21  328.9  329.0  328.9
  365.0   8122  -25.5  -63.7      2   0.02    255     24  330.3  330.4  330.3
  317.0   9127  -32.1  -70.9      1   0.01    255     30  334.7  334.7  334.7
  300.0   9520  -34.7  -73.7      1   0.01    245     42  336.4  336.4  336.4
  298.0   9567  -35.1  -69.1      2   0.01    244     44  336.4  336.5  336.4
  292.0   9710  -33.1  -72.1      1   0.01    239     49  341.2  341.3  341.2
  286.0   9856  -33.5  -72.3      1   0.01    235     54  342.8  342.8  342.8
  270.0  10261  -34.4  -72.8      1   0.01    240     65  347.1  347.1  347.1
  259.0  10553  -35.1  -73.1      1   0.01    235     60  350.2  350.2  350.2
  250.0  10800  -36.7  -74.7      1   0.01    230     56  351.4  351.4  351.4
  228.0  11423  -40.8  -77.6      1   0.00    230     50  354.4  354.5  354.4
  212.0  11916  -44.1  -79.9      1   0.00    220     55  356.8  356.8  356.8
  200.0  12310  -46.7  -81.7      1   0.00    225     53  358.7  358.7  358.7
  167.0  13484  -55.1  -87.1      1   0.00    235     52  363.6  363.6  363.6
  154.0  13996  -59.9  -90.9      1   0.00    239     51  363.9  363.9  363.9
  152.0  14078  -60.6                         240     51  364.1         364.1
  150.0  14160  -61.3                         240     51  364.3         364.3
  123.0  15361  -71.1                         235     50  367.7         367.7
  115.0  15757  -71.5                         225     33  374.0         374.0
  110.0  16019  -71.9                         240     22  378.2         378.2
  107.0  16182  -72.0                         255     25  380.8         380.8
  100.0  16580  -72.5                         240     28  387.4         387.4
   90.0  17197  -73.0                         195     16  398.2         398.2
   88.3  17309  -73.1                         194     16  400.2         400.2
   79.0  17952  -78.1                         190     19  402.9         402.9
   78.6  17981  -78.3                         190     19  403.0         403.0
   74.0  18328  -74.1                         155     10  418.8         418.8
   70.2  18634  -76.1                         122      5  420.9         420.9
   70.0  18650  -75.9                         120      5  421.7         421.7
   64.0  19176  -69.5                          65      2  446.7         446.7
   63.0  19271  -69.0                          55      2  449.8         449.8
   55.0  20091  -64.7                         103      8  477.4         477.4
   51.0  20550  -66.1                         130     12  484.5         484.5
   50.0  20670  -66.5                         125     15  486.4         486.4
   47.5  20980  -67.5                         113     19  491.1         491.1
   46.0  21174  -65.1                         105     22  501.4         501.4
   45.5  21241  -64.3                          99     22  505.0         505.0
   44.0  21447  -64.0                          80     21  510.5         510.5
   42.0  21732  -63.6                          90     21  518.4         518.4
   39.0  22188  -63.0                          70     26  531.1         531.1
   35.3  22801  -62.1                          70     37  548.7         548.7
   33.0  23223  -59.6                          70     44  565.9         565.9
   31.0  23615  -57.3                          65     38  582.3         582.3
   30.0  23820  -56.1                          80     36  591.1         591.1
   29.0  24039  -55.2                          90     35  599.4         599.4
   28.0  24266  -54.2                          90     32  608.0         608.0
   24.0  25261  -50.1                          75     47  647.5         647.5
   23.0  25536  -48.9                          75     41  658.8         658.8
   22.3  25736  -48.1                          85     37  667.1         667.1
   22.0  25825  -48.2                          90     35  669.3         669.3
   20.0  26450  -49.1                          80     39  685.1         685.1
   19.0  26787  -48.8                          85     34  696.1         696.1
   17.3  27403  -48.3                          89     47  716.6         716.6
   17.0                                        90     49                     
