
-----------------------------------------------------------------------------
   PRES   HGHT   TEMP   DWPT   RELH   MIXR   DRCT   SKNT   THTA   THTE   THTV
    hPa     m      C      C      %    g/kg    deg   knot     K      K      K 
-----------------------------------------------------------------------------
 1023.0      5   26.0   16.0     54  11.30     60      9  297.2  330.2  299.2
 1014.0     82   24.0   15.0     57  10.68     70     11  296.0  327.0  297.9
 1001.0    194   23.1   15.0     60  10.82     85     13  296.1  327.6  298.1
 1000.0    203   23.0   15.0     61  10.83     85     13  296.1  327.6  298.1
  925.0    876   16.6   13.8     84  10.83     85     11  296.3  327.8  298.2
  922.0    904   16.4   13.7     84  10.78     85     10  296.3  327.7  298.2
  881.0   1290   13.2   12.0     92  10.09     18      2  296.9  326.4  298.7
  870.0   1396   13.0   11.0     88   9.57      0      0  297.8  325.9  299.5
  850.0   1592   12.6    9.2     80   8.66    240      6  299.3  325.0  300.9
  803.0   2067    9.4    6.2     80   7.46    226     10  300.8  323.2  302.2
  799.0   2109    9.6    5.1     74   6.93    225     10  301.4  322.3  302.7
  788.0   2224   10.0    2.0     58   5.64    228     16  303.1  320.4  304.1
  782.0   2287    9.4    1.4     57   5.46    230     19  303.1  319.9  304.1
  765.0   2469    7.8   -0.2     57   4.95    227     16  303.3  318.6  304.2
  757.0   2556    8.6  -14.1     19   1.71    225     14  305.0  310.6  305.3
  746.0   2677    9.6  -33.4      3   0.31    226     12  307.4  308.6  307.5
  707.0   3119    6.9  -39.5      2   0.18    230      6  309.2  309.9  309.2
  700.0   3201    6.4  -40.6      2   0.16    250      6  309.5  310.1  309.6
  696.0   3248    6.1  -41.0      2   0.15    255      8  309.8  310.3  309.8
  675.0   3497    4.7  -43.3      2   0.12    250     11  310.9  311.4  310.9
  662.0   3656    3.8  -44.8      1   0.11    270     12  311.6  312.1  311.6
  653.0   3768    3.2  -45.8      1   0.10    272     14  312.1  312.5  312.1
  624.0   4135    2.1  -45.5      1   0.11    280     19  315.0  315.4  315.0
  612.0   4291    1.6  -45.4      2   0.11    260     16  316.2  316.6  316.2
  611.0   4305    1.6  -45.4      2   0.11    261     16  316.3  316.7  316.3
  599.0   4465    1.6  -24.4     12   0.89    270     17  318.1  321.3  318.2
  592.0   4558    0.8  -23.7     14   0.96    275     17  318.2  321.6  318.4
  542.0   5260   -5.4  -18.4     35   1.67    245     22  319.0  324.8  319.3
  538.0   5319   -5.9  -17.9     38   1.75    250     21  319.0  325.1  319.4
  527.0   5480   -6.8  -20.2     34   1.47    265     19  319.9  325.1  320.2
  508.0   5766   -8.2  -24.2     27   1.07    255     21  321.5  325.3  321.7
  500.0   5890   -8.9  -25.9     24   0.93    260     21  322.1  325.5  322.3
  480.0   6205  -10.8  -34.4     12   0.43    270     24  323.6  325.2  323.6
  473.0   6318  -11.5  -37.5     10   0.32    267     24  324.1  325.3  324.1
  456.0   6598  -13.5  -46.5      4   0.13    258     25  325.0  325.5  325.0
  440.0   6866  -15.7  -43.2      7   0.19    250     26  325.5  326.3  325.6
  416.0   7286  -19.1  -38.1     17   0.35    265     32  326.4  327.7  326.5
  400.0   7580  -21.5  -34.5     30   0.52    270     31  327.0  328.9  327.1
  379.0   7974  -25.5  -34.5     43   0.54    266     30  326.8  328.8  326.9
  371.0   8126  -26.5  -36.8     37   0.44    265     30  327.4  329.1  327.5
  321.0   9159  -33.3  -52.3     13   0.09    242     51  331.9  332.2  331.9
  316.0   9268  -34.2  -52.1     15   0.10    240     53  332.1  332.5  332.1
  300.0   9630  -37.3  -51.3     22   0.11    245     56  332.7  333.2  332.7
  269.0  10372  -43.7  -53.7     32   0.10    251     66  333.9  334.3  333.9
  252.0  10807  -47.1  -51.6     60   0.13    255     71  335.1  335.7  335.2
  250.0  10860  -47.5  -52.2     58   0.12    255     72  335.3  335.8  335.3
  233.0  11321  -51.3  -57.3     49   0.07    251     81  336.4  336.7  336.4
  229.0  11434  -50.3  -59.3     34   0.06    250     83  339.6  339.8  339.6
  219.0  11725  -51.3  -69.3     10   0.02    248     82  342.4  342.4  342.4
  209.0  12026  -52.8  -70.8     10   0.01    245     81  344.6  344.6  344.6
  202.0  12246  -54.0  -72.0      9   0.01    250     76  346.1  346.2  346.2
  200.0  12310  -54.3  -72.3      9   0.01    255     77  346.6  346.7  346.6
  184.0  12841  -55.9  -76.9      6   0.01    270     96  352.4  352.4  352.4
  161.0  13670  -61.6                         260     86  356.4         356.4
  152.0  14028  -64.1                         275     75  358.1         358.1
  150.0  14110  -64.7                         275     76  358.4         358.4
  139.0  14572  -67.1                         285     88  362.0         362.0
  134.0  14795  -68.3                         278     85  363.8         363.8
  126.0  15165  -68.8                         265     79  369.4         369.4
  120.0  15458  -69.1                         262     63  374.0         374.0
  117.0  15608  -69.7                         260     55  375.6         375.6
  114.0  15762  -70.2                         265     49  377.4         377.4
  109.0  16028  -71.2                         280     50  380.4         380.4
  100.0  16540  -73.1                         280     48  386.2         386.2
   96.2  16767  -74.3                         275     47  388.2         388.2
   92.0  17029  -71.1                         257     37  399.5         399.5
   88.0  17290  -72.6                         240     28  401.6         401.6
   81.2  17762  -75.3                         265     20  405.4         405.4
   80.0  17850  -74.5                         270     19  408.8         408.8
   75.0  18230  -70.9                         225     10  423.9         423.9
   73.1  18381  -69.5                         353      1  430.0         430.0
   73.0  18389  -69.5                           0      0  430.1         430.1
   70.0  18640  -69.9                         225      4  434.5         434.5
   67.0  18899  -70.7                         184      6  438.2         438.2
   60.0  19560  -67.5                          80     10  459.5         459.5
   59.0  19661  -67.0                          70     10  462.9         462.9
   57.0  19868  -66.0                          65      2  469.8         469.8
   54.0  20192  -64.3                          80     10  480.7         480.7
   53.9  20203  -64.3                          80     10  481.1         481.1
   52.0  20421  -64.2                          90     11  486.3         486.3
   50.0  20660  -64.1                         125     18  492.0         492.0
   48.3  20871  -65.5                         108     24  493.6         493.6
   48.0  20910  -65.3                         105     25  494.9         494.9
   47.0  21040  -64.7                          80     20  499.4         499.4
   44.0  21447  -62.8                          95     20  513.6         513.6
   41.0  21883  -60.7                          60     12  529.2         529.2
   39.4  22129  -59.5                         104     14  538.3         538.3
   39.0  22193  -59.5                         115     15  539.8         539.8
   37.0  22522  -59.5                          60     13  548.0         548.0
   34.0  23052  -59.5                          70     11  561.4         561.4
   33.1  23220  -59.5                          68     11  565.7         565.7
   32.0  23433  -58.4                          65     11  574.2         574.2
   31.0  23633  -57.4                          45     13  582.2         582.2
   30.0  23840  -56.3                          35     11  590.6         590.6
   29.0  24058  -55.6                          15     13  598.3         598.3
   28.0  24284  -54.8                          40      6  606.4         606.4
   27.0  24518  -54.1                         105     10  614.9         614.9
   25.0  25014  -52.4                          55     11  633.2         633.2
   22.4  25721  -50.1                          89     14  660.3         660.3
   22.0  25838  -50.2                          95     15  663.5         663.5
   21.0  26142  -50.3                          45     17  671.9         671.9
   20.0  26460  -50.5                          60     15  680.8         680.8
   19.0  26794  -50.5                                     690.9         690.9
