
-----------------------------------------------------------------------------
   PRES   HGHT   TEMP   DWPT   RELH   MIXR   DRCT   SKNT   THTA   THTE   THTV
    hPa     m      C      C      %    g/kg    deg   knot     K      K      K 
-----------------------------------------------------------------------------
 1017.0      5   25.0   17.0     61  12.13    135      8  296.7  332.0  298.9
 1000.0    149   22.8   15.8     65  11.41    125     17  295.9  329.1  298.0
  925.0    822   16.8   13.1     79  10.34    120     19  296.5  326.6  298.3
  917.0    896   16.0   12.8     81  10.23    120     19  296.4  326.2  298.2
  901.0   1045   15.0   11.6     80   9.59    120     20  296.9  324.9  298.6
  867.0   1371   12.8    8.9     77   8.32    117     18  297.9  322.4  299.3
  855.0   1488   13.0    5.0     58   6.43    116     17  299.2  318.6  300.4
  850.0   1537   12.6    5.6     62   6.75    115     17  299.3  319.5  300.6
  843.0   1606   12.2    6.2     67   7.10    112     17  299.6  320.9  300.9
  837.0   1666   11.9    5.0     63   6.60    110     17  299.9  319.7  301.1
  767.0   2393    8.0   -9.0     29   2.53     85     14  303.3  311.4  303.8
  754.0   2534    9.0  -17.0     14   1.35     80     13  305.9  310.4  306.1
  742.0   2668   13.2  -35.8      2   0.24     75     12  311.8  312.8  311.9
  717.0   2954   11.6  -30.4      4   0.43     65     11  313.1  314.7  313.2
  700.0   3154   10.4  -26.6      6   0.62     80     13  314.0  316.2  314.1
  695.0   3213   10.2  -27.8      5   0.56     83     14  314.4  316.4  314.5
  684.0   3345    9.8  -30.9      4   0.43     90     15  315.4  317.0  315.5
  652.0   3742    8.8  -40.2      2   0.18     77     17  318.6  319.3  318.6
  648.0   3793    9.2  -39.8      2   0.19     76     17  319.6  320.4  319.6
  634.0   3970    8.0  -40.6      2   0.18     70     18  320.2  320.9  320.3
  584.0   4635    3.4  -43.5      2   0.14     90     14  322.5  323.1  322.5
  529.0   5436   -2.1  -47.1      2   0.10     90     28  325.1  325.6  325.1
  528.0   5451   -2.2  -46.8      2   0.11     90     28  325.2  325.6  325.2
  500.0   5880   -5.9  -36.9      7   0.32     85     25  325.8  327.1  325.9
  489.0   6052   -7.5  -37.0      7   0.33     85     22  326.0  327.2  326.0
  459.0   6540  -11.8  -37.3     10   0.34    100     19  326.4  327.8  326.5
  456.0   6591  -12.3  -37.3     10   0.34    109     18  326.5  327.8  326.5
  440.0   6863  -11.9  -46.9      4   0.13    158     15  330.3  330.9  330.3
  436.0   6933  -10.9  -42.5      5   0.21    170     14  332.5  333.3  332.5
  433.0   6986  -10.1  -39.1      7   0.30    172     14  334.1  335.3  334.2
  418.0   7255  -12.2  -40.3      8   0.28    180     13  334.9  336.0  334.9
  406.0   7477  -13.8  -41.2      8   0.26    210     12  335.5  336.5  335.5
  400.0   7590  -14.7  -41.7      8   0.25    220     11  335.8  336.8  335.9
  398.0   7628  -14.8  -41.8      8   0.24    215     11  336.1  337.1  336.1
  386.0   7860  -15.7  -42.7      8   0.23    206     11  337.9  338.9  338.0
  385.0   7880  -15.9  -42.8      8   0.23    205     11  337.9  338.9  338.0
  360.0   8381  -20.4  -44.0     10   0.22    250     13  338.4  339.3  338.5
  349.0   8613  -22.5  -44.5     12   0.21    249     16  338.6  339.5  338.6
  329.0   9045  -26.5  -35.5     42   0.57    248     21  338.9  341.1  339.0
  322.0   9201  -27.7  -38.7     34   0.42    247     23  339.3  341.0  339.4
  314.0   9382  -28.1  -51.1      9   0.11    246     25  341.2  341.7  341.2
  300.0   9710  -29.1  -64.1      2   0.02    245     29  344.2  344.4  344.2
  298.0   9757  -29.3  -65.3      2   0.02    244     29  344.6  344.7  344.6
  291.0   9925  -30.6  -65.6      2   0.02    240     31  345.1  345.2  345.1
  277.0  10272  -33.3  -66.3      2   0.02    246     34  346.1  346.2  346.1
  275.0  10322  -33.7  -46.7     26   0.21    247     35  346.3  347.2  346.3
  268.0  10502  -35.1  -46.1     32   0.23    251     36  346.8  347.8  346.8
  262.0  10658  -36.1  -51.1     20   0.13    254     38  347.6  348.2  347.6
  250.0  10980  -38.5  -51.5     24   0.13    260     41  348.7  349.3  348.7
  242.0  11202  -40.5  -47.5     47   0.22    261     43  348.9  349.9  349.0
  227.0  11636  -42.1  -58.1     16   0.07    263     45  352.9  353.2  352.9
  210.0  12155  -46.3  -64.1     11   0.03    265     49  354.4  354.5  354.4
  200.0  12480  -48.9  -67.9      9   0.02    265     43  355.2  355.3  355.2
  190.0  12816  -50.7  -76.7      3   0.01    270     37  357.5  357.6  357.5
  172.0  13451  -56.2  -80.4      3   0.00    280     25  358.7  358.7  358.7
  163.0  13793  -59.2  -82.4      3   0.00    290     25  359.2  359.2  359.2
  161.0  13872  -59.9  -82.9      3   0.00    289     26  359.3  359.4  359.3
  154.0  14148  -62.5                         285     28  359.5         359.5
  153.0  14188  -62.9                         281     28  359.5         359.5
  150.0  14310  -63.7                         270     26  360.1         360.1
  126.0  15341  -71.0                         215     20  365.3         365.3
  115.0  15882  -74.9                         210     10  367.8         367.8
  104.0  16476  -79.1                         315      7  370.5         370.5
  100.0  16700  -77.9                         295      4  377.0         377.0
   91.0  17242  -77.5                         125     10  388.1         388.1
   80.0  17981  -76.9                          65     21  403.9         403.9
   76.0  18276  -76.7                          50     19  410.3         410.3
   73.2  18491  -76.5                          74     18  415.1         415.1
   72.0  18587  -76.0                          85     17  418.1         418.1
   70.0  18750  -75.1                          90     18  423.4         423.4
   65.0  19191  -72.7                         100     26  437.6         437.6
   63.0  19376  -71.7                          90     30  443.8         443.8
   61.0  19568  -70.7                          80     27  450.2         450.2
   58.0  19868  -69.1                          90     26  460.4         460.4
   50.0  20750  -64.3                          85     26  491.5         491.5
   49.0  20874  -63.6                          85     26  496.0         496.0
   48.0  21000  -62.9                          75     26  500.6         500.6
   47.0  21132  -62.5                          65     27  504.6         504.6
   43.0  21689  -60.9                          70     23  521.4         521.4
   41.0  21988  -60.1                          90     19  530.7         530.7
   40.0  22142  -59.6                         100     20  535.6         535.6
   32.0  23540  -55.7                          95     42  581.5         581.5
   31.7  23599  -55.5                          94     43  583.5         583.5
   31.0  23741  -55.7                          90     45  586.8         586.8
   30.0  23950  -55.9                          80     43  591.6         591.6
   28.0  24389  -55.4                          80     31  604.9         604.9
   24.4  25265  -54.3                          94     37  632.3         632.3
   22.0  25934  -51.8                         105     42  658.7         658.7
   20.0  26550  -49.5                         100     51  683.9         683.9
   17.0  27622  -46.2                          80     53  726.9         726.9
   16.9  27661  -46.1                          79     53  728.5         728.5
   16.1  27983  -46.5                          71     49  737.4         737.4
   16.0                                        70     49                     
