
-----------------------------------------------------------------------------
   PRES   HGHT   TEMP   DWPT   RELH   MIXR   DRCT   SKNT   THTA   THTE   THTV
    hPa     m      C      C      %    g/kg    deg   knot     K      K      K 
-----------------------------------------------------------------------------
 1014.0      5   27.4   21.4     70  16.10      5     10  299.4  346.6  302.2
 1011.0     31   25.2   18.2     65  13.18      3     10  297.4  335.8  299.8
 1000.0    126   24.2   19.8     76  14.76    355     11  297.4  340.3  300.0
  977.0    330   22.8   18.9     79  14.27    317     10  297.9  339.5  300.5
  970.0    393   23.1   17.4     70  13.07    305     10  298.9  337.2  301.2
  969.0    402   23.2   17.2     69  12.90    306     10  299.0  336.9  301.3
  933.0    732   21.6   13.9     61  10.79    325     12  300.7  332.7  302.6
  928.0    779   21.4   13.4     60  10.51    325     11  300.9  332.1  302.8
  925.0    807   21.2   13.2     60  10.41    325     10  301.0  331.9  302.9
  903.0   1014   19.6   12.9     66  10.49    315      5  301.4  332.6  303.3
  882.0   1216   17.9   12.7     71  10.56    240      5  301.7  333.2  303.6
  850.0   1533   15.4   12.3     82  10.68    255     15  302.3  334.1  304.2
  845.0   1583   14.8   12.0     83  10.54    260     16  302.2  333.6  304.1
  843.0   1603   14.6   11.9     84  10.49    258     16  302.1  333.4  304.1
  830.0   1735   15.8    9.8     68   9.24    247     19  304.8  332.7  306.4
  822.0   1817   15.4    9.6     68   9.20    240     20  305.1  333.0  306.8
  773.0   2337   12.6    8.2     75   8.90    273     16  307.6  334.9  309.2
  748.0   2612   10.4    7.4     82   8.73    290     14  308.1  334.9  309.7
  737.0   2736    9.4    7.1     86   8.66    289     14  308.3  334.9  309.9
  700.0   3162    6.8    3.0     77   6.83    285     16  310.0  331.3  311.3
  672.0   3492    4.6    0.8     76   6.08    285     14  311.2  330.3  312.3
  608.0   4301   -0.7   -4.5     75   4.51    310     13  314.0  328.6  314.9
  571.0   4808   -4.1   -7.9     75   3.71    289     15  315.8  328.0  316.5
  562.0   4934   -4.5  -10.5     63   3.07    284     16  316.7  327.0  317.3
  556.0   5019   -4.7  -17.4     36   1.77    280     16  317.5  323.6  317.9
  554.0   5047   -4.7  -19.7     30   1.46    282     16  317.8  322.9  318.1
  547.0   5147   -5.5  -13.5     53   2.48    289     18  318.0  326.4  318.5
  544.0   5191   -5.1   -9.6     71   3.41    291     18  319.0  330.4  319.6
  525.0   5470   -7.5  -11.3     74   3.09    310     22  319.4  329.7  319.9
  519.0   5559   -6.9  -11.9     68   2.98    309     22  321.1  331.2  321.7
  500.0   5850   -9.5  -14.4     67   2.52    305     21  321.4  330.0  321.9
  484.0   6099  -11.9  -14.6     80   2.56    309     20  321.4  330.2  321.9
  479.0   6178  -11.7  -15.5     73   2.40    310     20  322.6  330.9  323.1
  453.0   6601  -14.7  -18.5     73   1.97    293     22  324.1  331.0  324.4
  449.0   6668  -15.1  -20.1     66   1.74    290     23  324.4  330.5  324.7
  443.0   6769  -14.5  -23.5     46   1.31    286     23  326.4  331.1  326.6
  428.0   7028  -16.1  -39.1     12   0.30    275     25  327.6  328.8  327.6
  410.0   7348  -18.7  -47.7      6   0.13    269     24  328.3  328.8  328.3
  400.0   7530  -19.9  -43.9     10   0.20    265     24  329.0  329.8  329.1
  382.0   7869  -22.9  -39.1     21   0.34    260     23  329.5  330.9  329.6
  377.0   7966  -23.7  -37.7     26   0.40    264     24  329.6  331.2  329.7
  363.0   8241  -26.1  -44.9     15   0.19    275     25  330.1  330.9  330.1
  357.0   8362  -27.1  -48.1     12   0.14    269     25  330.2  330.8  330.3
  349.0   8525  -28.7  -41.0     30   0.30    260     24  330.2  331.4  330.3
  346.0   8587  -29.3  -38.3     41   0.41    261     24  330.2  331.8  330.3
  339.0   8733  -30.1  -43.1     27   0.25    264     25  331.1  332.1  331.1
  328.0   8967  -32.3  -41.3     40   0.31    269     26  331.2  332.4  331.2
  302.0   9544  -37.3  -48.1     31   0.16    280     28  332.1  332.7  332.1
  300.0   9590  -37.7  -48.7     31   0.15    280     28  332.1  332.8  332.1
  286.0   9916  -40.8  -51.0     32   0.12    270     31  332.3  332.8  332.3
  282.0  10012  -41.7  -51.7     33   0.12    269     29  332.3  332.8  332.3
  275.0  10181  -42.1  -60.1     12   0.04    267     26  334.1  334.3  334.1
  267.0  10379  -43.0  -63.2      9   0.03    265     22  335.6  335.7  335.6
  250.0  10820  -45.1  -70.1      4   0.01    260     26  338.9  338.9  338.9
  247.0  10901  -45.3  -72.3      3   0.01    259     27  339.8  339.8  339.8
  200.0  12300  -51.5  -79.5      2   0.00    240     36  351.1  351.1  351.1
  192.0  12564  -51.9  -81.4      2   0.00    250     36  354.5  354.5  354.5
  189.0  12666  -52.1  -82.1      2   0.00    247     37  355.8  355.8  355.8
  174.0  13190  -56.1  -84.1      2   0.00    230     44  357.7  357.7  357.7
  169.0  13375  -57.5  -84.8      2   0.00    225     38  358.3  358.3  358.3
  161.0  13682  -59.9  -85.9      2   0.00    232     36  359.3  359.4  359.3
  153.0  13997  -61.8                         240     33  361.4         361.4
  150.0  14120  -62.5                         235     36  362.2         362.2
  134.0  14813  -65.9                         223     37  368.0         368.0
  131.0  14951  -65.9                         220     37  370.4         370.4
  129.0  15044  -65.9                         216     33  372.1         372.1
  126.0  15186  -66.5                         210     27  373.4         373.4
  120.0  15478  -67.9                         225     20  376.2         376.2
  114.0  15786  -69.3                         215     17  379.1         379.1
  107.0  16167  -71.0                         250      6  382.7         382.7
  104.0  16337  -71.8                         275     10  384.4         384.4
  103.0  16395  -72.1                         277     11  384.9         384.9
  100.0  16570  -71.9                         285     16  388.6         388.6
   93.0  16993  -75.1                         270     23  390.4         390.4
   92.5  17024  -75.3                         265     23  390.6         390.6
   89.0  17249  -74.0                         225     10  397.5         397.5
   84.0  17587  -72.1                         225     27  408.0         408.0
   80.0  17873  -70.5                         190     17  417.0         417.0
   79.5  17909  -70.3                         192     18  418.2         418.2
   78.0  18022  -70.5                         200     21  420.0         420.0
   73.0  18412  -71.2                         155      7  426.5         426.5
   70.0  18660  -71.7                         165      8  430.7         430.7
   69.1  18737  -71.9                         169     10  431.8         431.8
   68.0  18832  -71.9                         175     12  433.9         433.9
   65.0  19099  -71.8                         145     18  439.8         439.8
   60.0  19573  -71.5                         145     27  450.4         450.4
   58.8  19693  -71.5                         129     27  453.1         453.1
   57.0  19880  -70.2                         105     26  460.0         460.0
   54.0  20206  -68.1                          85     20  472.2         472.2
   50.4  20621  -65.3                         107     24  488.1         488.1
   50.0  20670  -65.5                         110     24  488.7         488.7
   49.0  20793  -65.5                         100     29  491.5         491.5
   47.0  21047  -65.6                          85     26  497.2         497.2
   44.4  21394  -65.7                          69     22  505.1         505.1
   43.0  21592  -65.2                          60     20  511.1         511.1
   42.0  21738  -64.8                          90     13  515.5         515.5
   40.0  22039  -64.0                          80     16  524.8         524.8
   39.0  22196  -63.5                         125     17  529.6         529.6
   36.0  22691  -62.2                          95     33  545.4         545.4
   32.0  23420  -60.2                         105     27  569.3         569.3
   30.3  23757  -59.3                          97     28  580.7         580.7
   30.0  23820  -58.9                          95     28  583.5         583.5
   28.0  24260  -56.1                         105     29  602.9         602.9
   25.0  24983  -51.5                                     635.9         635.9
