
-----------------------------------------------------------------------------
   PRES   HGHT   TEMP   DWPT   RELH   MIXR   DRCT   SKNT   THTA   THTE   THTV
    hPa     m      C      C      %    g/kg    deg   knot     K      K      K 
-----------------------------------------------------------------------------
 1018.0      5   24.8   18.8     69  13.60     95      9  296.4  335.9  298.9
 1012.0     57   23.0   16.0     65  11.42     92      8  295.1  328.2  297.2
 1000.0    160   22.2   16.2     69  11.71     85      7  295.4  329.2  297.4
  925.0    832   17.2   13.3     78  10.48    100      7  296.9  327.5  298.8
  850.0   1549   12.2   10.5     89   9.46    125      7  298.9  326.8  300.6
  844.0   1609   11.6   10.6     94   9.59    122      8  298.9  327.2  300.6
  830.0   1748   10.9   10.1     95   9.45    115     10  299.6  327.6  301.3
  795.0   2108    9.2    8.9     98   9.08    106     11  301.5  328.6  303.1
  770.0   2372    7.9    6.8     92   8.10    100     12  302.9  327.3  304.4
  733.0   2780    6.0    3.5     84   6.76    135     13  305.1  325.8  306.3
  713.0   3007    6.3    0.6     67   5.63    155     14  307.8  325.4  308.8
  705.0   3100    6.4   -0.6     61   5.22    158     16  308.9  325.4  309.9
  700.0   3158    6.0   -1.0     61   5.11    160     18  309.1  325.2  310.1
  657.0   3672    1.7   -7.0     52   3.46    175     26  309.9  321.1  310.6
  650.0   3759    1.0   -8.0     51   3.24    177     25  310.1  320.5  310.7
  594.0   4477   -3.9  -11.9     54   2.60    197     20  312.5  321.1  312.9
  585.0   4597   -3.9  -21.9     23   1.14    201     19  313.8  317.8  314.0
  549.0   5095   -6.7  -16.2     47   1.97    215     15  316.2  322.9  316.6
  547.0   5124   -6.9  -15.9     49   2.03    215     15  316.3  323.3  316.7
  533.0   5326   -7.7  -33.7     10   0.42    212     16  317.7  319.3  317.8
  527.0   5413   -8.3  -20.3     37   1.45    211     16  318.0  323.1  318.3
  515.0   5592   -8.5  -41.5      5   0.20    208     16  319.9  320.7  319.9
  500.0   5820  -10.3  -34.3     12   0.42    205     17  320.4  322.0  320.5
  476.0   6197  -13.6  -33.7     17   0.47    210     20  320.9  322.7  321.0
  475.0   6213  -13.7  -33.7     17   0.47    210     19  320.9  322.7  321.0
  469.0   6309  -14.5  -22.5     51   1.35    208     15  321.1  325.9  321.4
  461.0   6440  -14.9  -24.7     43   1.13    205     10  322.2  326.3  322.5
  456.0   6522  -15.1  -26.1     39   1.00    215      8  323.0  326.6  323.1
  451.0   6605  -15.7  -26.5     39   0.97    225      6  323.2  326.8  323.4
  438.0   6823  -17.3  -27.7     40   0.90    255     10  323.9  327.2  324.1
  401.0   7481  -22.2  -31.2     44   0.71    255     11  325.9  328.5  326.0
  400.0   7500  -22.3  -31.3     44   0.70    255     10  325.9  328.6  326.1
  398.0   7537  -22.5  -32.5     40   0.63    256     10  326.1  328.5  326.2
  343.0   8599  -31.4  -41.4     37   0.30    275      9  328.2  329.4  328.3
  320.0   9095  -35.5  -45.5     35   0.21    259     16  329.1  329.9  329.1
  305.0   9427  -37.9  -59.9      8   0.04    249     20  330.3  330.4  330.3
  300.0   9540  -38.9  -56.9     13   0.06    245     22  330.4  330.7  330.4
  294.0   9679  -39.9  -49.9     34   0.14    242     25  330.9  331.5  330.9
  269.0  10282  -45.3  -53.3     40   0.10    228     37  331.6  332.0  331.6
  264.0  10407  -46.2  -54.5     39   0.09    225     39  332.0  332.4  332.0
  250.0  10770  -48.9  -57.9     34   0.06    225     45  333.2  333.5  333.2
  223.0  11509  -54.5  -66.5     21   0.02    221     31  335.7  335.8  335.7
  216.0  11712  -55.2  -69.3     16   0.02    220     27  337.7  337.8  337.7
  213.0  11801  -55.5  -70.5     14   0.01    221     29  338.6  338.6  338.6
  201.0  12168  -57.0  -72.9     12   0.01    225     38  341.9  341.9  341.9
  200.0  12200  -57.1  -73.1     11   0.01    225     37  342.2  342.2  342.2
  194.0  12392  -57.6  -74.4     10   0.01    225     28  344.3  344.4  344.3
  188.0  12589  -58.2  -75.8      9   0.01    245     20  346.5  346.5  346.5
  181.0  12828  -58.9  -77.4      7   0.01    260     22  349.2  349.2  349.2
  171.0  13186  -59.9  -79.9      6   0.00    256     24  353.2  353.2  353.2
  168.0  13296  -60.3                         255     25  354.3         354.3
  153.0  13877  -62.5                         280     29  360.2         360.2
  150.0  14000  -61.7                         275     30  363.6         363.6
  140.0  14429  -60.9                         245     19  372.2         372.2
  137.0  14561  -62.0                         235     16  372.5         372.5
  122.0  15270  -68.1                         242     21  374.0         374.0
  108.0  16000  -69.7                         250     27  384.3         384.3
  100.0  16460  -69.3                         255     23  393.6         393.6
   89.0  17157  -68.5                         215     21  408.5         408.5
   86.8  17306  -68.3                         213     19  411.8         411.8
   84.0  17501  -69.2                         210     16  413.9         413.9
   77.0  18016  -71.6                         140     10  419.4         419.4
   73.0  18332  -73.0                          90      3  422.7         422.7
   72.8  18348  -73.1                          90      3  422.9         422.9
   71.0  18496  -70.9                         150     10  430.6         430.6
   70.0  18580  -69.7                         145     12  434.9         434.9
   68.3  18727  -68.3                         128     14  441.0         441.0
   66.0  18932  -69.0                         105     17  443.8         443.8
   64.6  19061  -69.5                          95     16  445.5         445.5
   62.0  19309  -68.7                          75     15  452.5         452.5
   58.0  19713  -67.4                          70     16  464.1         464.1
   56.0  19925  -66.7                          85     15  470.4         470.4
   52.0  20373  -65.3                         110     10  483.8         483.8
   51.0  20490  -64.9                         140      2  487.4         487.4
   50.0  20610  -64.5                         160      3  491.1         491.1
   49.0  20734  -64.3                         145     10  494.5         494.5
   46.0  21120  -63.5                         120     23  505.3         505.3
   44.0  21392  -63.0                          90     20  513.0         513.0
   43.7  21434  -62.9                          90     21  514.2         514.2
   41.0  21825  -63.6                          90     28  521.9         521.9
   40.1  21961  -63.9                          89     27  524.5         524.5
   38.0  22295  -60.9                          85     24  540.3         540.3
   36.0  22630  -57.9                          55     20  556.5         556.5
   35.5  22717  -57.1                          57     19  560.8         560.8
   32.0  23373  -57.0                          70     13  578.0         578.0
   30.0  23780  -56.9                          40     20  588.9         588.9
   28.0  24222  -56.1                          50     15  602.8         602.8
   25.0  24949  -54.8                           5     10  626.4         626.4
   24.0  25211  -54.4                          60      2  635.0         635.0
   22.0  25769  -53.4                         170     10  654.0         654.0
   20.0  26380  -52.3                         120     12  675.3         675.3
   19.3  26610  -52.5                         127     13  681.6         681.6
   19.0  26713  -52.0                         130     14  686.2         686.2
   16.0  27846  -46.7                          80     24  737.9         737.9
   15.0  28271  -44.8                          85     24  758.2         758.2
   14.4  28540  -43.5                                     771.3         771.3
