
-----------------------------------------------------------------------------
   PRES   HGHT   TEMP   DWPT   RELH   MIXR   DRCT   SKNT   THTA   THTE   THTV
    hPa     m      C      C      %    g/kg    deg   knot     K      K      K 
-----------------------------------------------------------------------------
 1004.0      5   31.6   23.6     63  18.66     20      8  304.4  360.4  307.8
 1000.0     42   30.2   21.2     59  16.13     50      3  303.4  351.5  306.3
  969.0    323   27.2   22.2     74  17.74    348      7  303.1  355.9  306.3
  948.0    517   26.5   20.6     70  16.40    305     10  304.3  353.4  307.3
  925.0    735   25.8   18.8     65  15.00    290     16  305.7  350.9  308.4
  924.0    745   25.8   18.8     65  15.01    289     16  305.8  351.0  308.5
  917.0    812   26.0   16.6     56  13.13    285     19  306.6  346.4  309.0
  892.0   1056   26.6    8.6     32   7.92    281     21  309.7  334.3  311.2
  853.0   1447   23.4    2.4     25   5.36    275     25  310.3  327.3  311.3
  850.0   1478   23.2    2.2     25   5.30    275     25  310.4  327.2  311.4
  742.0   2639   12.6   -1.4     38   4.68    259     35  311.2  326.1  312.1
  720.0   2890   11.3  -10.5     21   2.40    255     37  312.4  320.4  312.9
  700.0   3125   10.0  -19.0     11   1.22    255     36  313.5  317.8  313.8
  672.0   3462    8.4  -26.6      6   0.65    260     35  315.4  317.8  315.5
  625.0   4051    4.1  -29.2      7   0.55    270     32  317.1  319.1  317.2
  596.0   4437    1.3  -30.9      7   0.49    260     31  318.2  320.0  318.3
  591.0   4505    0.8  -31.2      7   0.48    259     31  318.4  320.2  318.5
  553.0   5036   -0.9  -35.9      5   0.32    252     34  322.5  323.7  322.5
  542.0   5195   -2.0  -36.6      5   0.31    250     35  323.0  324.2  323.1
  500.0   5830   -6.5  -39.5      5   0.25    250     37  325.1  326.0  325.1
  467.0   6361  -10.3  -38.3      8   0.30    257     42  326.7  327.9  326.8
  462.0   6444  -10.7  -46.7      3   0.12    258     43  327.2  327.8  327.3
  455.0   6561  -11.4  -45.8      4   0.14    260     44  327.8  328.4  327.9
  428.0   7029  -14.1  -42.1      7   0.22    258     44  330.1  331.0  330.2
  400.0   7540  -17.7  -53.7      3   0.06    255     43  331.9  332.2  331.9
  387.0   7783  -19.5  -51.6      4   0.08    250     44  332.7  333.1  332.7
  368.0   8154  -22.2  -48.4      7   0.13    235     56  333.9  334.4  333.9
  349.0   8545  -25.1  -45.1     14   0.20    237     64  335.1  335.9  335.1
  340.0   8734  -26.3  -42.3     21   0.27    238     68  336.0  337.1  336.0
  337.0   8798  -26.7  -35.7     42   0.54    239     69  336.3  338.4  336.4
  332.0   8906  -27.1  -42.1     23   0.29    239     71  337.2  338.3  337.2
  329.0   8971  -27.7  -36.7     42   0.50    240     73  337.2  339.2  337.3
  326.0   9037  -27.1  -32.1     62   0.80    240     74  338.9  342.0  339.1
  300.0   9630  -31.5  -35.8     66   0.60    240     78  340.9  343.3  341.0
  297.0   9701  -32.1  -36.0     68   0.60    239     79  341.0  343.4  341.1
  281.0  10091  -34.9  -46.9     28   0.20    233     84  342.4  343.3  342.4
  259.0  10657  -38.1  -56.1     13   0.07    224     92  345.8  346.1  345.8
  251.0  10873  -39.3  -56.3     15   0.07    220     95  347.1  347.4  347.1
  250.0  10900  -39.5  -55.5     17   0.08    220     95  347.2  347.6  347.2
  227.0  11553  -45.9  -53.9     40   0.11    216     99  347.1  347.6  347.2
  222.0  11701  -46.5  -52.5     50   0.13    215    100  348.4  349.0  348.5
  221.0  11731  -46.6  -53.6     45   0.12    215    100  348.7  349.2  348.7
  209.0  12101  -48.1  -67.1      9   0.02    215     96  352.0  352.1  352.0
  200.0  12390  -50.5  -70.5      8   0.01    215     93  352.6  352.7  352.6
  165.0  13612  -59.9  -80.9      5   0.00    215     77  356.8  356.9  356.8
  160.0  13802  -61.1                         215     75  358.0         358.0
  150.0  14200  -63.5                         215     75  360.5         360.5
  129.0  15103  -69.4                         205     73  365.7         365.7
  114.0  15843  -74.3                         220     46  369.8         369.8
  109.0  16105  -73.7                         225     41  375.7         375.7
  100.0  16610  -72.5                         210     32  387.4         387.4
   96.0  16850  -72.7                         205     17  391.6         391.6
   93.0  17037  -72.8                         235     10  394.9         394.9
   91.0  17165  -72.9                         275      6  397.1         397.1
   86.0  17498  -73.2                         215     10  403.0         403.0
   82.0  17778  -73.4                         185     20  408.1         408.1
   81.0  17850  -73.5                         175     18  409.4         409.4
   78.0  18072  -73.7                         175     15  413.5         413.5
   76.0  18225  -73.8                         140     13  416.3         416.3
   74.0  18382  -73.9                         140     12  419.2         419.2
   71.0  18626  -71.8                         140     10  428.7         428.7
   70.0  18710  -71.1                         155     13  431.9         431.9
   69.8  18727  -70.9                         153     13  432.7         432.7
   68.0  18881  -71.5                         130     10  434.8         434.8
   66.0  19057  -72.1                          75      1  437.1         437.1
   64.2  19220  -72.7                         137      6  439.2         439.2
   63.0  19332  -72.1                         180     10  442.9         442.9
   58.0  19822  -69.5                         140     17  459.3         459.3
   57.2  19905  -69.1                         124     19  462.1         462.1
   56.0  20031  -69.3                         100     22  464.4         464.4
   55.0  20139  -69.5                          85     20  466.4         466.4
   53.9  20259  -69.7                          85     19  468.7         468.7
   50.0  20710  -67.1                          85     17  484.9         484.9
   49.0  20833  -65.7                         100     18  491.2         491.2
   47.8  20983  -63.9                         108     25  498.9         498.9
   46.0  21218  -64.0                         120     36  504.1         504.1
   43.7  21532  -64.1                         107     30  511.3         511.3
   41.0  21928  -62.0                          90     22  525.8         525.8
   40.0  22081  -61.3                         100     20  531.5         531.5
   36.7  22614  -58.5                          92     31  551.9         551.9
   36.0  22736  -58.2                          90     33  555.7         555.7
   31.0  23683  -55.8                          70     31  586.4         586.4
   30.0  23890  -55.3                          75     26  593.3         593.3
   29.0  24108  -54.6                          90     24  601.0         601.0
   28.0  24335  -53.9                          75     22  609.1         609.1
   27.0  24569  -53.1                          95     21  617.6         617.6
   23.0  25602  -49.8                          90     28  656.4         656.4
   22.5  25744  -49.3                          88     29  661.9         661.9
   22.0  25890  -49.6                          85     31  665.1         665.1
   20.0  26510  -51.1                          75     27  679.0         679.0
   19.0  26844  -50.8                          75     28  689.9         689.9
   18.0  27196  -50.6                         110     26  701.5         701.5
   17.8  27268  -50.5                                     703.9         703.9
