
-----------------------------------------------------------------------------
   PRES   HGHT   TEMP   DWPT   RELH   MIXR   DRCT   SKNT   THTA   THTE   THTV
    hPa     m      C      C      %    g/kg    deg   knot     K      K      K 
-----------------------------------------------------------------------------
 1021.0      5   22.0   20.9     93  15.49    190      7  293.4  337.6  296.1
 1008.0    114   20.0   19.1     95  14.00    162      5  292.5  332.3  294.9
 1000.0    181   20.2   18.9     92  13.94    145      3  293.4  333.2  295.8
  954.0    587   18.6   17.4     93  13.28     78      9  295.7  334.1  298.1
  945.0    669   18.1   17.0     94  13.09     65     10  295.9  333.8  298.3
  925.0    852   16.8   16.2     96  12.68     65     11  296.5  333.2  298.7
  903.0   1056   15.6   14.9     96  11.95     50     12  297.2  332.0  299.4
  868.0   1392   13.5   12.8     96  10.82     65     14  298.5  330.2  300.4
  850.0   1570   12.4   11.7     95  10.26     60     10  299.1  329.4  301.0
  839.0   1678   11.9   11.2     95  10.02     55     11  299.7  329.3  301.5
  814.0   1929   10.7    9.9     95   9.49     80     10  301.1  329.3  302.8
  700.0   3181    4.8    3.6     92   7.13    115      7  307.8  329.8  309.1
  669.0   3549    2.8    1.4     91   6.38    145     10  309.5  329.4  310.7
  655.0   3720    1.8    0.4     90   6.05    114     10  310.3  329.3  311.4
  649.0   3795    2.6   -3.4     65   4.61    100     11  312.0  326.8  312.9
  646.0   3832    2.4   -9.6     41   2.87     93     11  312.2  321.6  312.7
  639.0   3920    2.0  -25.0     11   0.79     77     11  312.7  315.5  312.9
  634.0   3983    1.7  -25.8     11   0.75     65     11  313.0  315.7  313.2
  627.0   4073    1.2  -26.8     10   0.68     85     10  313.5  315.9  313.6
  581.0   4680   -1.2  -27.1     12   0.72    220      2  317.6  320.2  317.7
  561.0   4960   -2.3  -27.3     13   0.73    210      3  319.5  322.2  319.6
  511.0   5692   -8.3  -27.3     20   0.80    182      5  320.9  323.8  321.0
  500.0   5860   -8.9  -29.9     16   0.64    175      6  322.1  324.5  322.2
  466.0   6405  -10.7  -39.7      7   0.26    175     14  326.5  327.5  326.5
  458.0   6539  -11.1  -42.1      6   0.21    172     15  327.6  328.4  327.6
  441.0   6828  -13.3  -36.2     13   0.40    165     18  328.3  329.9  328.4
  429.0   7040  -14.9  -31.9     22   0.62    182     21  328.9  331.3  329.0
  427.0   7075  -14.7  -34.7     17   0.47    185     21  329.6  331.4  329.7
  423.0   7147  -14.3  -40.3      9   0.27    190     20  331.0  332.1  331.0
  414.0   7310  -15.3  -45.2      6   0.16    200     18  331.8  332.4  331.8
  405.0   7476  -16.3  -50.3      4   0.09    203     17  332.5  332.9  332.6
  400.0   7570  -17.1  -51.1      3   0.09    205     17  332.7  333.1  332.7
  386.0   7835  -19.5  -55.5      3   0.05    208     18  332.9  333.2  332.9
  360.0   8338  -24.0  -53.9      5   0.07    215     19  333.6  333.9  333.6
  318.0   9234  -32.1  -51.1     13   0.11    212     19  334.4  334.9  334.4
  300.0   9640  -36.1  -47.1     31   0.18    210     19  334.4  335.1  334.4
  299.0   9663  -36.3  -46.9     33   0.19    210     19  334.4  335.1  334.4
  290.0   9875  -38.5  -45.5     48   0.23    210     21  334.2  335.1  334.3
  285.0   9994  -39.5  -43.5     66   0.29    210     22  334.4  335.6  334.5
  280.0  10115  -40.3  -46.2     53   0.22    210     23  334.9  335.8  335.0
  272.0  10313  -41.7  -50.7     37   0.13    213     27  335.7  336.3  335.8
  250.0  10880  -46.1  -54.1     40   0.10    220     38  337.4  337.8  337.4
  236.0  11261  -49.1  -55.1     49   0.09    218     45  338.5  338.9  338.5
  211.0  11988  -54.6  -61.5     42   0.05    215     58  340.8  341.1  340.9
  209.0  12049  -55.1  -62.1     41   0.04    216     59  341.0  341.2  341.0
  200.0  12330  -56.5  -65.5     31   0.03    220     64  343.1  343.3  343.1
  186.0  12788  -57.5  -72.0     14   0.01    230     73  348.8  348.8  348.8
  180.0  12995  -57.9  -74.9     10   0.01    228     74  351.3  351.4  351.3
  166.0  13502  -59.9  -76.9      9   0.01    221     78  356.2  356.2  356.2
  163.0  13616  -60.4                         220     79  357.3         357.3
  154.0  13968  -61.9                         217     69  360.5         360.5
  150.0  14130  -63.3                         215     65  360.8         360.8
  137.0  14680  -66.7                         220     42  364.4         364.4
  127.0  15140  -69.5                         230     47  367.2         367.2
  104.0  16321  -74.1                         235     30  380.0         380.0
  100.0  16550  -74.1                         230     31  384.3         384.3
   94.6  16874  -74.1                         219     24  390.4         390.4
   88.0  17300  -72.8                         205     16  401.3         401.3
   87.0  17367  -72.5                         205     17  403.0         403.0
   82.0  17716  -71.4                         165     11  412.1         412.1
   80.5  17824  -71.1                         159      8  415.0         415.0
   77.0  18087  -72.2                         145      1  418.1         418.1
   74.8  18258  -72.9                         127      2  420.1         420.1
   70.0  18650  -70.3                          85      4  433.7         433.7
   65.0  19096  -66.6                           0      0  451.1         451.1
   62.4  19342  -64.5                          21      1  460.9         460.9
   56.0  19999  -66.1                          77      4  471.8         471.8
   50.5  20629  -63.9                         130      7  491.1         491.1
   50.0  20690  -62.3                         135      7  496.2         496.2
   49.4  20765  -61.1                         129      9  500.8         500.8
   49.0  20816  -61.0                         125     10  502.2         502.2
   48.0  20945  -60.8                         100     15  505.8         505.8
   43.0  21634  -59.4                         105     17  525.2         525.2
   40.0  22087  -58.5                          90     18  538.3         538.3
   37.3  22525  -57.7                          90     21  551.4         551.4
   35.0  22932  -55.8                          90     23  566.3         566.3
   33.0  23309  -54.1                          60     34  580.5         580.5
   32.0  23507  -53.2                          55     31  588.1         588.1
   30.0  23920  -51.3                          60     25  604.2         604.2
   27.0  24608  -49.2                          50     27  628.5         628.5
   26.6  24705  -48.9                          52     25  632.1         632.1
   26.0  24856  -48.6                          55     23  637.0         637.0
   23.0  25666  -47.0                          55     15  664.4         664.4
   22.0  25959  -46.5                          70     17  674.6         674.6
   21.4  26142  -46.1                                     681.0         681.0
