
-----------------------------------------------------------------------------
   PRES   HGHT   TEMP   DWPT   RELH   MIXR   DRCT   SKNT   THTA   THTE   THTV
    hPa     m      C      C      %    g/kg    deg   knot     K      K      K 
-----------------------------------------------------------------------------
 1013.0      5   26.2   18.2     61  13.15     10      8  298.2  336.7  300.6
 1005.0     76   24.4   16.4     61  11.81    349      7  297.1  331.5  299.2
 1000.0    121   23.8   16.8     65  12.18    335      6  296.9  332.4  299.1
  997.0    147   23.2   16.2     65  11.75    332      6  296.6  330.8  298.7
  967.0    413   21.0   16.4     75  12.28    305      8  297.0  332.7  299.2
  947.0    594   19.6   14.6     73  11.15    286      8  297.3  329.9  299.3
  940.0    658   20.2   10.2     53   8.37    279      9  298.6  323.4  300.1
  936.0    695   19.9    9.7     52   8.11    275      9  298.7  322.7  300.1
  925.0    797   19.2    8.2     49   7.43    270     10  298.9  321.1  300.3
  908.0    956   19.6    5.6     40   6.32    253     13  300.9  320.0  302.1
  895.0   1080   18.7    5.3     41   6.29    240     15  301.2  320.3  302.4
  860.0   1420   16.1    4.6     46   6.22    230     21  302.0  320.9  303.2
  850.0   1520   15.4    4.4     48   6.20    230     20  302.3  321.1  303.4
  832.0   1699   14.1    3.7     50   6.03    235     17  302.7  321.1  303.8
  805.0   1975   12.1    2.6     52   5.77    255     14  303.4  321.1  304.5
  787.0   2164   10.7    1.9     55   5.60    265     17  303.9  321.1  304.9
  739.0   2690    6.8   -0.2     61   5.13    262     21  305.2  321.1  306.2
  732.0   2768    6.8   -2.2     53   4.47    261     22  306.1  320.1  306.9
  713.0   2984    4.9   -3.3     55   4.22    260     24  306.3  319.6  307.1
  708.0   3041    4.4   -3.6     56   4.16    260     24  306.3  319.4  307.1
  700.0   3134    4.0   -3.0     60   4.40    260     24  306.9  320.7  307.7
  672.0   3464    1.8   -4.2     64   4.19    263     25  308.0  321.3  308.8
  655.0   3670    0.4   -6.6     59   3.58    265     26  308.7  320.2  309.4
  647.0   3769    0.0  -13.0     37   2.18    266     26  309.3  316.5  309.7
  582.0   4607   -5.7   -9.5     75   3.21    274     30  312.2  322.7  312.8
  576.0   4688   -6.1  -12.0     63   2.66    275     30  312.6  321.4  313.1
  570.0   4770   -6.5  -14.5     53   2.19    274     31  313.1  320.4  313.5
  541.0   5175   -8.9  -18.9     44   1.60    268     34  314.9  320.4  315.3
  509.0   5644  -12.1  -19.1     56   1.67    262     38  316.6  322.4  316.9
  500.0   5780  -12.5  -23.5     39   1.16    260     39  317.7  321.8  318.0
  499.0   5795  -12.5  -23.5     39   1.16    260     39  317.9  322.0  318.1
  489.0   5948  -13.8  -23.6     43   1.17    255     40  318.2  322.3  318.4
  447.0   6624  -19.5  -24.0     67   1.24    266     43  319.3  323.6  319.5
  405.0   7350  -24.7  -32.7     47   0.61    278     47  321.7  323.9  321.8
  400.0   7440  -25.3  -31.3     57   0.70    280     47  322.0  324.6  322.2
  382.0   7773  -28.5  -30.1     86   0.83    289     46  322.1  325.1  322.2
  379.0   7828  -28.9  -31.0     82   0.76    290     46  322.2  325.1  322.4
  339.0   8618  -34.9  -43.9     39   0.23    288     57  324.5  325.4  324.6
  315.0   9126  -39.1  -44.0     60   0.25    286     65  325.6  326.6  325.6
  300.0   9460  -40.7  -49.7     37   0.14    285     70  327.9  328.4  327.9
  294.0   9598  -41.9  -51.9     33   0.11    283     72  328.1  328.5  328.1
  287.0   9759  -43.1  -51.9     37   0.11    280     75  328.7  329.1  328.7
  255.0  10550  -48.9  -51.9     71   0.12    280     92  331.4  331.9  331.4
  250.0  10680  -49.5  -54.5     56   0.09    280     95  332.3  332.7  332.4
  248.0  10733  -49.7  -55.7     49   0.08    280     96  332.8  333.2  332.8
  244.0  10839  -50.6  -55.7     55   0.08    280     98  332.9  333.3  333.0
  238.0  11001  -52.1  -55.6     66   0.09    282     95  333.1  333.5  333.1
  227.0  11307  -53.2  -66.3     19   0.02    285     88  336.0  336.1  336.0
  226.0  11336  -53.3  -67.3     17   0.02    285     88  336.2  336.4  336.3
  200.0  12120  -55.3  -79.3      4   0.00    290     94  345.0  345.1  345.0
  183.0  12679  -57.4  -80.9      4   0.00    285    101  350.6  350.6  350.6
  164.0  13369  -59.9  -82.9      3   0.00    285     93  357.4  357.5  357.4
  150.0  13920  -62.9                         285     87  361.5         361.5
  148.0  14003  -63.1                         284     86  362.6         362.6
  142.0  14258  -61.9                         283     82  369.0         369.0
  133.0  14660  -65.3                         280     75  369.9         369.9
  123.0  15133  -66.2                         280     68  376.7         376.7
  111.0  15755  -67.3                         265     65  385.8         385.8
  106.0  16035  -64.5                         269     53  396.2         396.2
  100.0  16390  -65.9                         275     37  400.1         400.1
   91.2  16948  -66.7                         271     34  409.2         409.2
   90.0  17029  -65.5                         270     34  413.1         413.1
   89.0  17097  -64.5                         277     33  416.5         416.5
   87.0  17235  -65.1                         290     30  417.9         417.9
   84.6  17406  -65.9                         276     28  419.7         419.7
   81.0  17671  -64.8                         255     25  427.3         427.3
   78.9  17831  -64.1                         255     22  431.9         431.9
   77.0  17979  -64.5                         255     19  434.0         434.0
   75.0  18140  -65.0                         275     18  436.2         436.2
   73.0  18304  -65.5                         245     22  438.6         438.6
   70.0  18560  -66.3                         240     18  442.2         442.2
   67.1  18817  -66.3                         283     12  447.6         447.6
   67.0  18826  -66.3                         285     12  447.8         447.8
   66.0  18919  -66.0                         295     10  450.4         450.4
   63.0  19206  -65.1                         310      8  458.4         458.4
   61.0  19405  -64.5                         240     12  464.0         464.0
   59.0  19610  -63.9                         230     13  469.8         469.8
   56.0  19932  -62.9                         160     10  479.2         479.2
   55.0  20043  -62.5                         115      6  482.4         482.4
   53.0  20271  -61.8                         150     10  489.2         489.2
   52.0  20388  -61.5                         165     18  492.7         492.7
   50.0  20630  -60.7                         135     12  500.0         500.0
   49.2  20731  -59.9                         135     13  504.2         504.2
   47.0  21015  -60.7                         135     14  509.0         509.0
   45.2  21258  -61.3                         120     18  513.2         513.2
   44.0  21425  -61.2                         110     21  517.3         517.3
   42.0  21714  -61.1                         120     28  524.5         524.5
   40.0  22017  -61.0                          95     27  532.2         532.2
   38.8  22206  -60.9                          93     27  537.1         537.1
   32.8  23258  -57.9                          83     30  571.5         571.5
   31.0  23614  -58.1                          80     31  580.1         580.1
   30.0  23820  -58.3                          85     33  585.1         585.1
   29.0  24033  -58.3                          90     35  590.8         590.8
   27.0  24482  -58.3                          90     21  603.0         603.0
   26.0  24721  -57.4                         110     26  612.1         612.1
   23.1  25470  -54.5                          99     35  641.6         641.6
   22.0  25782  -54.7                          95     39  650.0         650.0
   20.0  26390  -55.1                          90     35  666.8         666.8
   19.9  26422  -55.1                          90     35  667.7         667.7
   17.0  27437  -52.9                         100     35  705.5         705.5
   15.0  28244  -51.2                          95     38  736.9         736.9
   14.5  28463  -50.7                                     745.7         745.7
