
-----------------------------------------------------------------------------
   PRES   HGHT   TEMP   DWPT   RELH   MIXR   DRCT   SKNT   THTA   THTE   THTV
    hPa     m      C      C      %    g/kg    deg   knot     K      K      K 
-----------------------------------------------------------------------------
 1028.0      5   16.2    8.2     59   6.68    210     10  287.1  306.1  288.2
 1011.0    145   14.0    8.0     67   6.70    193     11  286.2  305.2  287.4
 1008.0    170   14.2    9.0     71   7.18    190     11  286.6  306.9  287.9
 1007.0    178   14.2    9.3     72   7.35    188     11  286.8  307.6  288.1
 1000.0    237   14.2   10.1     76   7.81    175     10  287.4  309.4  288.7
  999.0    245   14.2   10.1     77   7.83    170     10  287.4  309.5  288.8
  973.0    468   13.0   10.5     85   8.25    134      9  288.4  311.8  289.8
  925.0    892   10.2    6.9     80   6.79     65      7  289.7  309.2  290.9
  916.0    973    9.6    6.6     82   6.70     80      5  289.9  309.2  291.1
  874.0   1361    6.6    5.0     90   6.29     96      7  290.7  308.9  291.8
  850.0   1590    6.0    2.4     78   5.38    105      8  292.4  308.2  293.4
  846.0   1629    5.9    2.6     79   5.48    100     10  292.7  308.8  293.7
  842.0   1667    5.8    2.8     81   5.59     92     10  293.0  309.4  294.0
  834.0   1746    6.0   -3.0     52   3.69     76     10  294.0  305.1  294.7
  826.0   1824    5.5   -3.5     52   3.59     60     10  294.3  305.1  294.9
  806.0   2024    4.2   -4.8     52   3.34     99      7  295.0  305.1  295.6
  796.0   2126    3.2   -1.1     73   4.46    119      6  295.0  308.3  295.8
  785.0   2239    3.6   -5.4     52   3.27    141      4  296.6  306.6  297.2
  775.0   2343    3.0   -9.0     41   2.51    161      2  297.0  304.8  297.5
  773.0   2363    3.1  -12.1     32   1.97    165      2  297.3  303.5  297.7
  763.0   2469    3.4  -27.6      8   0.52    171      5  298.8  300.6  298.9
  748.0   2630    3.6  -41.4      2   0.14    179     10  300.7  301.2  300.7
  747.0   2640    3.5  -41.3      2   0.14    180     10  300.7  301.2  300.8
  730.0   2826    2.5  -39.9      3   0.16    165     14  301.6  302.2  301.6
  715.0   2993    1.6  -38.7      3   0.19    190     14  302.3  303.0  302.4
  700.0   3164    0.6  -37.4      4   0.22    190     16  303.1  303.9  303.2
  683.0   3360   -0.6  -42.5      2   0.13    180     17  303.9  304.4  303.9
  669.0   3525   -1.7  -46.9      2   0.08    195     20  304.5  304.8  304.5
  653.0   3719   -2.9  -51.9      1   0.05    180     22  305.2  305.4  305.2
  643.0   3840   -3.7  -44.1      3   0.12    170     23  305.7  306.2  305.8
  622.0   4102   -5.3  -27.3     16   0.66    177     30  306.8  309.1  306.9
  612.0   4229   -6.0  -28.3     15   0.61    180     33  307.4  309.5  307.5
  600.0   4384   -6.9  -29.5     15   0.56    190     29  308.1  310.0  308.2
  582.0   4622   -8.3  -31.3     14   0.48    190     28  309.1  310.9  309.2
  517.0   5527  -16.0  -34.7     18   0.39    190     22  310.5  311.9  310.5
  507.0   5676  -17.3  -35.3     19   0.38    202     21  310.6  312.0  310.7
  500.0   5780  -17.9  -29.9     34   0.64    210     20  311.1  313.4  311.3
  499.0   5795  -18.0  -29.8     35   0.65    215     20  311.2  313.5  311.3
  473.0   6192  -21.3  -27.3     58   0.87    215     22  311.9  315.0  312.1
  450.0   6556  -23.1  -30.4     51   0.68    215     24  314.1  316.6  314.3
  428.0   6922  -24.9  -33.5     45   0.53    260     25  316.4  318.3  316.5
  421.0   7042  -25.5  -34.5     43   0.49    256     26  317.1  318.9  317.2
  404.0   7338  -28.1  -36.3     45   0.43    245     30  317.5  319.1  317.6
  400.0   7410  -28.7  -36.7     46   0.41    250     30  317.6  319.1  317.7
  399.0   7428  -28.9  -36.9     46   0.41    251     30  317.6  319.1  317.6
  397.0   7464  -28.5  -48.5     13   0.12    253     29  318.6  319.0  318.6
  391.0   7572  -29.2  -51.0     10   0.09    260     28  319.0  319.4  319.0
  375.0   7868  -31.1  -57.7      6   0.04    255     30  320.3  320.5  320.3
  364.0   8080  -32.5  -62.5      3   0.02    272     33  321.2  321.3  321.2
  362.0   8118  -32.8  -62.4      4   0.02    275     34  321.3  321.4  321.3
  324.0   8887  -39.5  -60.5      9   0.03    282     40  322.4  322.6  322.4
  311.0   9165  -41.0  -64.2      6   0.02    285     42  324.2  324.3  324.2
  301.0   9388  -42.1  -67.1      5   0.02    275     37  325.6  325.7  325.6
  300.0   9410  -42.1  -67.1      5   0.02    275     37  325.9  326.0  325.9
  298.0   9455  -42.2  -67.5      5   0.01    270     39  326.4  326.5  326.4
  271.0  10099  -43.5  -72.5      3   0.01    266     56  333.5  333.5  333.5
  263.0  10303  -41.4  -74.1      2   0.01    265     61  339.5  339.5  339.5
  254.0  10541  -38.9  -75.9      1   0.01    262     59  346.5  346.5  346.5
  250.0  10650  -39.1  -76.1      1   0.00    260     58  347.8  347.8  347.8
  237.0  11011  -40.5  -77.0      1   0.00    255     54  351.1  351.1  351.1
  200.0  12160  -44.9  -79.9      1   0.00    270     67  361.5  361.5  361.5
  199.0  12194  -44.9  -79.9      1   0.00    270     67  362.0  362.0  362.0
  190.0  12504  -44.9  -79.9      1   0.00    269     70  366.8  366.9  366.8
  150.0  14040  -59.5  -87.5      2   0.00    265     84  367.4  367.4  367.4
  149.0  14082  -59.9  -86.9      2   0.00    265     84  367.4  367.4  367.4
  143.0  14337  -62.3                         265     86  367.5         367.5
  122.0  15303  -66.8                         245     59  376.5         376.5
  115.0  15662  -68.4                         265     43  379.8         379.8
  113.0  15769  -68.9                         270     44  380.8         380.8
  110.0  15930  -68.3                         279     50  384.9         384.9
  108.0  16040  -68.7                         285     54  386.2         386.2
  103.0  16323  -69.7                         277     61  389.5         389.5
  102.0  16382  -69.3                         275     63  391.3         391.3
  100.0  16500  -68.5                         265     56  395.1         395.1
   97.1  16676  -67.1                         261     52  401.2         401.2
   92.0  17000  -67.7                         255     45  406.3         406.3
   89.0  17199  -68.0                         270     33  409.4         409.4
   85.2  17461  -68.5                         251     36  413.6         413.6
   85.0  17475  -68.3                         250     36  414.2         414.2
   83.1  17610  -66.7                         256     31  420.2         420.2
   82.0  17690  -66.9                         260     28  421.4         421.4
   79.0  17914  -67.5                         300     21  424.8         424.8
   74.0  18307  -68.5                         290     32  430.7         430.7
   73.9  18315  -68.5                         289     32  430.8         430.8
   71.0  18555  -67.3                         250     31  438.2         438.2
   70.0  18640  -66.9                         250     29  440.9         440.9
   68.0  18817  -66.0                         255     22  446.5         446.5
   64.0  19186  -64.2                         235     15  458.2         458.2
   63.3  19253  -63.9                         244     14  460.4         460.4
   60.5  19529  -65.5                         283      7  462.8         462.8
   59.0  19683  -65.0                         305      4  467.3         467.3
   57.0  19895  -64.3                         310     10  473.5         473.5
   56.0  20004  -64.0                         285     13  476.7         476.7
   53.0  20341  -62.8                         310     12  486.8         486.8
   52.0  20458  -62.5                           0     12  490.4         490.4
   51.6  20506  -62.3                         359     13  491.8         491.8
   50.0  20700  -63.1                         355     17  494.4         494.4
   49.0  20824  -63.5                         340     18  496.4         496.4
   47.0  21078  -64.2                         350     17  500.6         500.6
   46.7  21117  -64.3                         343     17  501.2         501.2
   46.0  21210  -63.9                         325     17  504.4         504.4
   44.0  21483  -62.6                         345     14  513.9         513.9
   43.0  21625  -62.0                         325     13  518.8         518.8
   41.6  21828  -61.1                         328     12  526.0         526.0
   41.0  21918  -61.3                         330     12  527.6         527.6
   40.0  22070  -61.7                           0     16  530.4         530.4
   38.0  22386  -62.5                         347     19  536.2         536.2
   37.0  22552  -60.6                         340     21  545.1         545.1
   36.3  22670  -59.3                         320     20  551.5         551.5
   35.7  22774  -59.7                         302     20  553.1         553.1
   34.2  23044  -55.5                         256     18  571.0         571.0
   34.0  23081  -55.4                         250     18  572.1         572.1
   31.0  23671  -54.1                         270      8  590.9         590.9
   30.0  23880  -53.7                         300     14  597.6         597.6
   29.9  23901  -53.5                         302     14  598.8         598.8
   29.0  24097  -53.9                         320     10  602.8         602.8
   28.0  24322  -54.4                         285     11  607.5         607.5
   27.1  24532  -54.9                         292     13  611.9         611.9
   25.0  25050  -53.3                         310     17  630.8         630.8
   24.3  25232  -52.7                         307     20  637.6         637.6
   24.0  25312  -52.9                         305     22  639.2         639.2
   22.2  25813  -54.3                         278     16  649.6         649.6
   22.0  25871  -54.0                         275     15  652.2         652.2
   21.0  26171  -52.2                         270     21  666.2         666.2
   20.7  26264  -51.7                                     670.5         670.5
