
-----------------------------------------------------------------------------
   PRES   HGHT   TEMP   DWPT   RELH   MIXR   DRCT   SKNT   THTA   THTE   THTV
    hPa     m      C      C      %    g/kg    deg   knot     K      K      K 
-----------------------------------------------------------------------------
 1021.0      5   23.2   14.2     57  10.06    225      5  294.6  323.7  296.4
 1000.0    183   20.8   12.8     60   9.37    270      8  293.9  321.0  295.6
  982.0    340   19.6   12.6     64   9.41    285      9  294.3  321.5  295.9
  925.0    853   16.4   11.4     72   9.23    335     12  296.1  323.0  297.7
  921.0    890   15.8   11.5     76   9.33    341     11  295.8  323.0  297.5
  918.4    914   15.7   11.1     74   9.10    345     10  296.0  322.5  297.6
  870.0   1372   14.0    3.0     47   5.49     64      4  298.8  315.4  299.8
  854.5   1524   12.6    2.4     50   5.34     90      2  298.9  315.0  299.9
  850.0   1568   12.2    2.2     50   5.30    135      2  298.9  314.9  299.9
  794.0   2134    7.8   -3.1     46   3.85    195     10  300.1  312.0  300.8
  791.0   2166    7.6   -3.4     46   3.78    195     10  300.2  311.9  300.9
  782.0   2260    8.2  -10.8     25   2.16    197      9  301.8  308.7  302.2
  756.0   2538    5.8  -14.2     22   1.69    201      7  302.2  307.7  302.5
  736.0   2758    8.0  -36.0      3   0.24    204      6  306.9  307.8  306.9
  700.0   3170    6.4  -30.6      5   0.43    210      3  309.5  311.1  309.6
  684.4   3353    5.6  -31.9      5   0.39      0      0  310.6  312.1  310.7
  659.1   3658    4.2  -33.9      4   0.33    245      2  312.4  313.6  312.5
  628.0   4051    2.4  -36.6      4   0.27    242      7  314.7  315.7  314.8
  611.3   4267    1.1  -42.8      2   0.14    240     10  315.6  316.2  315.7
  594.0   4497   -0.3  -49.3      1   0.07    246     12  316.6  316.9  316.6
  544.0   5182   -6.6  -40.3      5   0.21    265     17  317.2  318.0  317.2
  503.1   5791  -12.2  -32.3     17   0.51    245     19  317.5  319.4  317.6
  500.0   5840  -12.7  -31.7     19   0.54    250     21  317.5  319.5  317.6
  490.0   5994  -14.1  -34.1     17   0.44    251     22  317.6  319.2  317.7
  445.5   6706  -18.9  -45.0      8   0.16    255     29  320.4  321.0  320.4
  427.7   7010  -20.9  -49.6      6   0.10    245     22  321.5  321.9  321.5
  400.0   7510  -24.3  -57.3      3   0.04    250     24  323.3  323.5  323.3
  351.0   8450  -30.3  -60.3      4   0.03    259     26  327.5  327.7  327.5
  346.9   8534  -30.2  -60.8      3   0.03    260     26  328.8  328.9  328.8
  344.0   8593  -30.1  -61.1      3   0.03    261     27  329.7  329.8  329.7
  300.0   9550  -38.5  -61.5      7   0.03    270     40  331.0  331.1  331.0
  270.0  10267  -45.1  -63.1     11   0.03    273     49  331.5  331.6  331.5
  250.0  10780  -48.7  -65.7     12   0.02    275     55  333.5  333.6  333.5
  242.0  10991  -50.7  -65.7     15   0.02    275     55  333.6  333.8  333.6
  231.5  11278  -50.5  -69.5      9   0.01    275     56  338.2  338.3  338.2
  224.0  11492  -50.3  -72.3      6   0.01    279     71  341.7  341.8  341.7
  220.9  11582  -50.8  -72.8      6   0.01    280     77  342.3  342.3  342.3
  200.0  12220  -54.5  -76.5      5   0.01    280     87  346.3  346.3  346.3
  191.0  12511  -56.0  -77.8      5   0.01    280     90  348.4  348.5  348.4
  182.4  12802  -57.6  -79.0      5   0.00    280     90  350.6  350.6  350.6
  170.0  13248  -59.9  -80.9      5   0.00    280     86  353.8  353.8  353.8
  151.0  13980  -65.3                         280     78  356.7         356.7
  150.0  14021  -65.3                         285     77  357.4         357.4
  150.0  14020  -65.3                         280     78  357.4         357.4
  142.6  14326  -66.5                         275     77  360.5         360.5
  135.6  14630  -67.7                         270     66  363.6         363.6
  128.9  14935  -68.9                         275     59  366.7         366.7
  128.0  14977  -69.1                         280     69  367.1         367.1
  122.5  15240  -69.2                         280     69  371.5         371.5
  100.0  16450  -69.9                         260     55  392.4         392.4
   96.0  16692  -70.3                         250     43  396.2         396.2
   94.8  16764  -70.5                         260     55  397.3         397.3
   92.0  16945  -70.8                         260     34  400.1         400.1
   91.0  17010  -70.9                         264     34  401.1         401.1
   83.0  17557  -69.3                         300     31  415.1         415.1
   82.1  17621  -69.1                         299     30  416.8         416.8
   75.0  18160  -70.0                         290     26  425.8         425.8
   71.3  18461  -70.5                         272     25  431.0         431.0
   70.0  18570  -70.1                         265     24  434.1         434.1
   62.0  19304  -65.5                         270     17  459.6         459.6
   59.0  19604  -63.6                         250     10  470.3         470.3
   58.8  19624  -63.5                         258     10  471.1         471.1
   56.0  19924  -63.9                          20     10  476.8         476.8
   54.5  20090  -64.1                          26      8  480.0         480.0
   50.0  20620  -62.7                          45      1  495.3         495.3
   48.7  20783  -61.9                          43      2  500.9         500.9
   42.8  21589  -57.5                          36      9  530.6         530.6
   42.0  21709  -57.5                          35     10  533.4         533.4
   40.0  22016  -57.7                         355      9  540.5         540.5
   39.6  22080  -57.7                                     542.0         542.0
