
-----------------------------------------------------------------------------
   PRES   HGHT   TEMP   DWPT   RELH   MIXR   DRCT   SKNT   THTA   THTE   THTV
    hPa     m      C      C      %    g/kg    deg   knot     K      K      K 
-----------------------------------------------------------------------------
 1016.0      5   27.4   18.4     58  13.28    265      4  299.2  338.2  301.6
 1012.0     39   26.2   16.2     54  11.57    289      3  298.3  332.3  300.4
 1000.0    141   25.2   17.2     61  12.50      0      0  298.4  334.9  300.6
  970.0    408   22.6   16.6     69  12.40      0      0  298.3  334.6  300.6
  925.0    820   19.0   15.4     80  12.03      0      0  298.7  334.0  300.9
  908.0    979   17.9   14.3     80  11.43      0      0  299.2  332.8  301.2
  886.0   1189   16.4   12.9     80  10.66    247      7  299.7  331.2  301.7
  875.0   1296   19.1    3.4     35   5.59    190     10  303.6  320.8  304.6
  873.0   1316   19.6    1.6     30   4.95    188     10  304.3  319.7  305.2
  860.0   1445   19.1   -2.4     23   3.75    175     10  305.1  316.9  305.8
  858.0   1465   19.0   -3.0     22   3.59    171      9  305.2  316.6  305.9
  852.0   1525   20.2   -5.8     17   2.92    159      8  307.1  316.5  307.6
  850.0   1545   20.2   -5.8     17   2.93    155      7  307.3  316.8  307.8
  838.0   1667   19.5   -5.9     17   2.95    125     10  307.8  317.4  308.4
  817.0   1884   18.3   -6.0     19   3.00    115     14  308.7  318.4  309.3
  793.0   2139   16.8   -6.2     20   3.05    119     16  309.8  319.7  310.4
  785.0   2224   16.0   -5.8     22   3.16    120     16  309.8  320.1  310.4
  765.0   2441   13.9   -5.0     27   3.47    150     18  309.9  321.1  310.5
  727.0   2869    9.8   -3.2     40   4.17    133     16  309.9  323.3  310.7
  709.0   3076    8.2   -2.8     46   4.41    125     15  310.4  324.5  311.2
  700.0   3182    7.4   -2.6     49   4.54    115     17  310.6  325.1  311.5
  689.0   3312    6.6   -3.4     49   4.33    100     18  311.1  325.0  312.0
  684.0   3372    6.2   -3.8     49   4.24    101     16  311.4  325.0  312.2
  672.0   3517    6.4  -15.6     19   1.70    105     10  313.1  318.9  313.5
  670.0   3542    6.4  -17.6     16   1.44     98      9  313.4  318.4  313.7
  650.0   3790    6.4  -33.6      4   0.35     26      2  316.2  317.5  316.2
  643.0   3878    5.8  -31.8      5   0.42      0      0  316.4  318.0  316.5
  575.0   4782   -0.9  -12.9     40   2.48    300      9  318.9  327.3  319.4
  564.0   4936   -0.1  -22.1     17   1.16    290     10  321.6  325.8  321.8
  546.0   5195   -0.9  -24.9     14   0.93    257     12  323.6  327.1  323.8
  534.0   5371   -2.4  -25.1     16   0.94    235     14  323.9  327.4  324.1
  503.0   5843   -6.3  -25.6     20   0.95    225     15  324.7  328.2  324.9
  500.0   5890   -6.7  -25.7     20   0.95    225     15  324.8  328.3  325.0
  493.0   5999   -7.4  -27.1     19   0.85    215     14  325.2  328.4  325.4
  477.0   6255   -9.1  -30.3     16   0.65    240     11  326.2  328.7  326.3
  461.0   6519  -10.9  -33.7     13   0.49    215     10  327.2  329.1  327.3
  459.0   6553  -11.1  -34.1     13   0.47    218     10  327.4  329.1  327.4
  442.0   6842  -11.6  -41.4      7   0.23    240     14  330.2  331.2  330.3
  439.0   6894  -11.7  -42.7      6   0.20    239     13  330.8  331.6  330.8
  420.0   7230  -14.3  -40.8      9   0.26    235      8  331.6  332.7  331.7
  407.0   7469  -16.2  -39.4     12   0.31    240     11  332.2  333.5  332.3
  406.0   7488  -16.3  -39.3     12   0.31    238     12  332.3  333.6  332.4
  400.0   7600  -16.1  -42.1      9   0.24    225     16  334.0  334.9  334.0
  396.0   7675  -16.5  -42.3      9   0.23    210     18  334.4  335.4  334.5
  375.0   8083  -18.5  -43.6      9   0.21    215     27  337.0  337.9  337.1
  371.0   8163  -18.9  -43.9      9   0.21    216     26  337.5  338.4  337.6
  323.0   9173  -27.9  -41.9     25   0.30    230     16  338.7  340.0  338.8
  319.0   9264  -28.7  -41.7     28   0.31    219     13  338.8  340.1  338.9
  314.0   9376  -29.7  -43.5     25   0.26    205     10  339.0  340.1  339.0
  306.0   9560  -31.3  -46.3     21   0.20    195      8  339.3  340.1  339.3
  300.0   9700  -32.5  -48.5     19   0.16    190      9  339.4  340.1  339.5
  293.0   9865  -33.8  -51.5     15   0.11    175     11  339.9  340.4  339.9
  272.0  10384  -37.9  -60.9      7   0.04    180     16  341.3  341.4  341.3
  271.0  10409  -38.1  -60.9      7   0.04    180     16  341.3  341.4  341.3
  250.0  10960  -43.3  -60.3     14   0.05    215     22  341.6  341.8  341.6
  240.0  11232  -45.8  -60.1     18   0.05    220     25  341.8  342.0  341.8
  232.0  11458  -47.9  -59.9     24   0.05    218     28  341.9  342.2  341.9
  209.0  12135  -53.1  -68.6     13   0.02    210     37  344.2  344.2  344.2
  200.0  12420  -55.3  -72.3     10   0.01    210     31  345.0  345.1  345.0
  194.0  12612  -57.0  -72.5     12   0.01    205     27  345.4  345.4  345.4
  185.0  12912  -59.6  -72.9     16   0.01    215     22  345.8  345.9  345.8
  184.0  12946  -59.9  -72.9     17   0.01    216     22  345.9  345.9  345.9
  164.0  13653  -66.2                         235     31  346.9         346.9
  162.0  13728  -66.9                         234     33  346.9         346.9
  153.0  14071  -68.9                         230     40  349.2         349.2
  150.0  14190  -68.5                         230     42  351.9         351.9
  142.0  14521  -66.7                         217     19  360.6         360.6
  141.0  14563  -66.9                         215     16  361.0         361.0
  139.0  14648  -67.2                         220     10  361.9         361.9
  136.0  14777  -67.8                         265      5  363.1         363.1
  130.0  15046  -68.9                         300     10  365.8         365.8
  116.0  15723  -71.8                         285     27  372.6         372.6
  105.0  16316  -74.3                         280     22  378.6         378.6
  103.0  16428  -74.5                         280     18  380.2         380.2
  100.0  16600  -74.9                         295     12  382.8         382.8
   98.0  16718  -74.2                         315     12  386.2         386.2
   95.0  16899  -73.3                         305     17  391.6         391.6
   91.0  17149  -71.9                         270     16  399.2         399.2
   90.5  17181  -71.7                         275     16  400.2         400.2
   88.0  17345  -72.1                         300     15  402.6         402.6
   84.0  17617  -72.8                         300     10  406.7         406.7
   81.0  17830  -73.3                         270     14  409.9         409.9
   80.8  17844  -73.3                         267     14  410.1         410.1
   78.0  18051  -71.0                         225     10  419.1         419.1
   77.0  18127  -70.1                         205     10  422.4         422.4
   70.0  18690  -70.9                          55      8  432.4         432.4
   69.0  18775  -71.2                         100      2  433.5         433.5
   65.2  19111  -72.5                          78      7  437.8         437.8
   63.0  19316  -71.7                          65     10  443.8         443.8
   62.0  19412  -71.3                          40     10  446.6         446.6
   58.0  19811  -69.8                          65     11  458.7         458.7
   56.0  20021  -69.0                          40     18  465.1         465.1
   53.0  20350  -67.8                          95     12  475.4         475.4
   51.0  20581  -66.9                          80     18  482.7         482.7
   50.6  20628  -66.7                          82     18  484.2         484.2
   50.0  20700  -66.9                          85     19  485.4         485.4
   48.3  20908  -67.7                          90     20  488.3         488.3
   45.0  21342  -64.8                         100     23  505.4         505.4
   42.0  21765  -61.9                          65     27  522.5         522.5
   41.0  21912  -60.9                          95     15  528.6         528.6
   40.0  22064  -59.9                          93     16  534.9         534.9
   35.1  22880  -59.7                          83     23  555.8         555.8
   34.0  23080  -58.9                          80     25  563.1         563.1
   32.0  23463  -57.2                          90     29  577.3         577.3
   30.0  23870  -55.5                          75     18  592.7         592.7
   27.0  24551  -53.8                          95     10  615.5         615.5
   26.0  24795  -53.2                          95     15  623.9         623.9
   23.0  25587  -51.3                          90     32  651.8         651.8
   22.0  25874  -50.6                          95     38  662.2         662.2
   21.0  26175  -49.9                          70     36  673.3         673.3
   20.0  26490  -49.1                          85     29  685.1         685.1
   19.8  26556  -48.9                                     687.7         687.7
