
-----------------------------------------------------------------------------
   PRES   HGHT   TEMP   DWPT   RELH   MIXR   DRCT   SKNT   THTA   THTE   THTV
    hPa     m      C      C      %    g/kg    deg   knot     K      K      K 
-----------------------------------------------------------------------------
 1019.0      5   26.0   20.0     70  14.67    355      5  297.6  340.2  300.2
 1000.0    167   23.8   19.3     76  14.30    335      4  296.9  338.5  299.5
  953.0    586   19.4   18.4     94  14.18    335      9  296.6  337.7  299.1
  925.0    844   19.0   14.7     76  11.49    335     12  298.7  332.5  300.8
  921.0    881   19.0   14.0     73  11.03    335     12  299.1  331.6  301.1
  905.0   1032   19.2   11.2     60   9.31    328     11  300.8  328.5  302.5
  898.0   1098   18.8   11.2     61   9.37    325     10  301.0  329.0  302.7
  850.0   1568   15.8   11.0     73   9.79    290      4  302.7  332.0  304.5
  845.0   1618   15.5   11.3     76  10.04    265      3  302.9  332.9  304.7
  829.0   1780   14.4   12.2     87  10.88    252      4  303.4  336.0  305.4
  782.0   2272   11.6    8.3     80   8.86    212      6  305.5  332.4  307.1
  760.0   2511   11.0    5.0     66   7.25    193      7  307.3  329.7  308.7
  746.0   2666   11.6   -8.4     24   2.73    180      8  309.6  318.5  310.1
  730.0   2847   11.2   -0.8     43   4.97    166      9  311.1  326.9  312.0
  724.0   2916   10.7   -1.3     43   4.84    160      9  311.3  326.8  312.2
  714.0   3032   10.0   -2.0     43   4.64    165     10  311.7  326.6  312.6
  704.0   3149    9.2   -2.8     43   4.44    186     11  312.1  326.4  313.0
  700.0   3196    8.6   -3.4     43   4.27    195     12  312.0  325.7  312.8
  690.0   3315    7.8   -1.2     53   5.11    209     14  312.4  328.7  313.3
  685.0   3375    7.8   -0.2     57   5.54    216     14  313.0  330.7  314.1
  682.0   3411    7.7   -2.0     50   4.86    220     15  313.4  329.0  314.3
  665.0   3619    7.4  -12.6     23   2.19    231     15  315.2  322.6  315.6
  652.0   3781    6.2   -6.8     39   3.54    240     15  315.7  327.3  316.3
  623.0   4153    4.2  -16.8     20   1.66    259     14  317.5  323.2  317.8
  622.0   4166    4.2  -16.5     21   1.70    260     14  317.6  323.5  317.9
  612.0   4297    3.6  -13.4     28   2.23    263     16  318.4  326.1  318.9
  583.0   4684    0.4  -11.9     39   2.66    270     23  319.1  328.1  319.6
  528.0   5474   -6.2   -8.7     82   3.76    240     12  320.4  333.0  321.1
  524.0   5534   -6.7   -8.5     87   3.86    232     12  320.5  333.4  321.2
  509.0   5761   -7.7   -9.9     84   3.55    200     12  321.9  333.9  322.6
  500.0   5900   -8.3  -10.8     82   3.37    185     12  322.9  334.3  323.5
  491.0   6041   -9.5  -11.2     88   3.34    175     13  323.1  334.4  323.7
  488.0   6089   -9.9  -11.3     89   3.32    174     13  323.1  334.4  323.8
  475.0   6298  -10.8  -13.1     83   2.94    170     13  324.5  334.6  325.1
  471.0   6363  -11.1  -13.7     81   2.83    175     13  324.9  334.7  325.5
  456.0   6613  -10.5  -19.5     48   1.80    195     12  328.7  335.2  329.1
  452.0   6680  -11.0  -20.2     47   1.71    200     12  328.9  335.1  329.2
  444.0   6816  -12.1  -21.7     45   1.53    215     14  329.3  334.8  329.6
  427.0   7113  -14.3  -24.8     41   1.20    210     20  330.1  334.5  330.3
  406.0   7497  -17.2  -28.9     36   0.87    235     25  331.1  334.4  331.3
  400.0   7610  -18.1  -30.1     34   0.79    235     27  331.4  334.4  331.5
  379.0   8010  -21.7  -36.7     24   0.44    237     30  331.8  333.5  331.9
  359.0   8403  -25.4  -37.4     32   0.43    240     34  332.0  333.7  332.1
  346.0   8671  -27.9  -37.9     38   0.42    237     30  332.1  333.8  332.2
  328.0   9053  -30.5  -33.0     79   0.73    232     25  333.7  336.5  333.8
  322.0   9183  -31.5  -34.3     76   0.65    230     23  334.1  336.6  334.2
  309.0   9472  -33.7  -37.2     71   0.51    235     23  334.9  336.9  335.0
  300.0   9680  -35.3  -39.3     67   0.42    235     24  335.5  337.2  335.6
  287.0   9984  -37.5  -42.4     60   0.32    240     30  336.7  338.0  336.7
  271.0  10378  -40.3  -46.3     53   0.22    254     38  338.1  339.1  338.2
  264.0  10554  -41.9  -49.2     45   0.16    260     41  338.3  339.0  338.3
  250.0  10920  -45.3  -55.3     32   0.08    255     43  338.6  339.0  338.6
  245.0  11055  -46.5  -58.5     24   0.06    256     43  338.8  339.0  338.8
  208.0  12119  -56.6  -63.1     44   0.04    260     45  339.1  339.3  339.2
  205.0  12214  -57.5  -63.5     46   0.04    260     47  339.1  339.3  339.2
  200.0  12370  -58.5  -64.5     46   0.03    260     50  340.0  340.1  340.0
  188.0  12758  -59.9  -67.9     34   0.02    258     62  343.8  343.9  343.8
  176.0  13170  -60.5                         255     74  349.2         349.2
  165.0  13572  -61.2                         250     66  354.7         354.7
  163.0  13648  -61.3                         251     64  355.7         355.7
  158.0  13840  -62.9                         255     59  356.3         356.3
  153.0  14038  -64.5                         260     62  356.8         356.8
  151.0  14119  -65.1                         260     64  357.1         357.1
  150.0  14160  -65.3                         260     65  357.4         357.4
  148.0  14241  -65.6                         260     66  358.3         358.3
  128.0  15114  -68.8                         250     44  367.7         367.7
  124.0  15305  -69.5                         255     39  369.8         369.8
  114.0  15800  -71.5                         270     27  375.0         375.0
  106.0  16227  -73.3                         280     22  379.5         379.5
  100.0  16570  -74.7                         305     24  383.1         383.1
   98.7  16646  -75.1                         305     26  383.8         383.8
   95.0  16868  -74.9                         290     28  388.4         388.4
   89.0  17247  -74.6                         305     19  396.4         396.4
   84.0  17583  -74.2                         265     19  403.6         403.6
   81.6  17752  -74.1                         269     18  407.3         407.3
   81.0  17795  -73.8                         270     18  408.8         408.8
   77.0  18095  -71.5                         220     19  419.6         419.6
   75.0  18250  -70.3                         195     10  425.2         425.2
   73.0  18410  -69.1                           0      0  431.1         431.1
   72.1  18483  -68.5                           0      0  433.8         433.8
   70.0  18660  -69.1                           0      1  436.2         436.2
   64.0  19203  -67.6                         110     10  450.8         450.8
   60.0  19595  -66.5                          75     14  461.6         461.6
   52.0  20462  -64.2                          85     29  486.4         486.4
   50.0  20700  -63.5                          75     27  493.4         493.4
   49.0  20825  -63.2                          70     22  497.0         497.0
   46.0  21217  -62.2                          90     24  508.4         508.4
   39.6  22145  -59.9                          95     29  536.5         536.5
   39.0  22241  -60.1                          95     29  538.3         538.3
   38.0  22402  -60.4                          95     25  541.5         541.5
   36.0  22739  -61.1                         115     23  548.2         548.2
   35.4  22844  -61.3                         112     24  550.3         550.3
   31.0  23675  -58.6                          90     32  578.9         578.9
   30.0  23880  -57.9                          95     26  586.2         586.2
   28.0  24322  -56.7                         105     27  601.2         601.2
   21.0  26167  -51.7                         100     31  667.7         667.7
   20.0  26480  -50.9                         110     29  679.6         679.6
   18.9  26849  -49.3                         115     28  695.7         695.7
   18.0  27168  -50.0                         120     28  703.4         703.4
   17.8  27242  -50.1                         118     28  705.1         705.1
   15.1  28331  -43.7                          91     31  760.3         760.3
   15.0                                        90     31                     
