
-----------------------------------------------------------------------------
   PRES   HGHT   TEMP   DWPT   RELH   MIXR   DRCT   SKNT   THTA   THTE   THTV
    hPa     m      C      C      %    g/kg    deg   knot     K      K      K 
-----------------------------------------------------------------------------
 1016.0      5   25.4   17.4     61  12.46    350     12  297.2  333.5  299.4
 1000.0    142   23.6   16.6     65  12.02    300      9  296.8  331.7  298.9
  997.0    168   23.4   16.5     66  12.01    295     10  296.8  331.7  298.9
  970.0    405   21.0   15.9     73  11.87    310     13  296.7  331.3  298.9
  925.0    816   17.0   14.9     87  11.65    310     12  296.7  330.6  298.8
  923.0    835   16.8   14.9     89  11.67    309     12  296.7  330.6  298.7
  907.0    984   15.6   14.9     96  11.88    302     13  296.9  331.5  299.0
  878.0   1259   13.6   12.6     94  10.52    290     14  297.6  328.4  299.5
  859.0   1444   12.2   11.0     92   9.68    297     16  298.0  326.5  299.8
  855.0   1483   12.2    3.2     54   5.66    299     17  298.4  315.4  299.4
  851.0   1523   15.4    0.0     35   4.52    300     17  302.2  316.1  303.0
  850.0   1533   16.2   -0.8     31   4.26    300     17  303.1  316.4  303.9
  845.0   1583   16.4   -3.6     25   3.48    307     16  303.8  314.8  304.5
  825.0   1786   15.1   -5.8     23   3.02    335     14  304.6  314.2  305.1
  823.0   1807   15.0   -6.0     23   2.98    335     14  304.6  314.1  305.2
  798.0   2066   13.3   -4.2     29   3.54    330     11  305.5  316.7  306.2
  788.0   2173   12.6   -3.4     33   3.79    316     11  305.9  317.9  306.6
  781.0   2247   12.2    5.2     62   7.15    306     12  306.2  328.2  307.6
  773.0   2334   11.4    5.7     68   7.49    295     12  306.3  329.3  307.7
  764.0   2432   10.6    6.3     75   7.90    304     12  306.4  330.6  307.9
  729.0   2821    8.6   -7.4     32   3.02    340     10  308.3  318.1  308.9
  723.0   2889    8.2   -9.8     27   2.52    336     11  308.7  316.9  309.1
  707.0   3073    6.8  -12.2     24   2.13    325     14  309.1  316.1  309.5
  700.0   3155    6.2  -11.8     26   2.22    320     15  309.3  316.6  309.7
  656.0   3684    2.6   -2.4     70   4.91    280     16  311.1  326.7  312.0
  635.0   3945    1.1   -3.9     69   4.54    260     16  312.2  326.8  313.1
  572.0   4781   -3.7   -8.7     68   3.48    270     23  316.1  327.6  316.7
  541.0   5218   -7.5  -10.6     79   3.16    275     26  316.6  327.1  317.2
  532.0   5350   -8.7  -11.2     82   3.07    268     23  316.7  326.9  317.3
  528.0   5408   -7.7  -13.7     62   2.53    265     22  318.6  327.2  319.1
  521.0   5512   -8.5  -15.3     58   2.25    260     20  318.8  326.5  319.2
  500.0   5830  -11.1  -20.1     47   1.56    260     24  319.4  324.9  319.7
  494.0   5923  -11.5  -21.5     43   1.40    260     24  320.1  325.0  320.3
  469.0   6318  -14.3  -20.3     60   1.63    260     26  321.4  327.1  321.7
  466.0   6367  -14.0  -26.0     36   0.99    260     26  322.3  325.9  322.5
  465.0   6383  -13.9  -27.9     30   0.83    261     26  322.6  325.7  322.8
  461.0   6449  -14.1  -29.1     27   0.75    264     26  323.2  326.0  323.4
  442.0   6766  -16.7  -23.7     55   1.29    278     27  323.8  328.4  324.1
  427.0   7024  -17.9  -28.7     38   0.84    290     28  325.5  328.6  325.7
  415.0   7237  -18.9  -32.9     28   0.58    288     26  326.9  329.1  327.0
  400.0   7510  -21.3  -37.3     22   0.39    285     24  327.2  328.7  327.3
  374.0   8003  -25.7  -45.7     14   0.17    275     22  327.7  328.4  327.8
  373.0   8022  -25.9  -45.7     14   0.17    275     22  327.8  328.5  327.8
  320.0   9112  -35.5  -47.8     27   0.16    285     35  329.1  329.7  329.1
  318.0   9157  -35.9  -47.9     28   0.16    284     34  329.1  329.8  329.2
  300.0   9560  -38.7  -49.7     30   0.14    270     28  330.7  331.3  330.7
  298.0   9605  -39.1  -49.9     31   0.13    265     27  330.8  331.3  330.8
  268.0  10319  -45.5  -53.5     40   0.10    271     32  331.6  332.1  331.6
  250.0  10780  -46.1  -67.1      7   0.02    275     36  337.4  337.5  337.4
  249.0  10807  -46.4  -67.8      7   0.02    275     36  337.4  337.4  337.4
  245.0  10914  -47.5  -70.5      5   0.01    273     37  337.3  337.3  337.3
  203.0  12143  -53.8  -76.8      4   0.01    255     50  345.9  346.0  345.9
  200.0  12240  -54.3  -77.3      4   0.01    255     48  346.6  346.6  346.6
  171.0  13231  -59.9  -79.9      6   0.00    255     57  353.2  353.2  353.2
  168.0  13341  -60.6                         255     58  353.8         353.8
  160.0  13644  -62.7                         253     53  355.3         355.3
  151.0  13999  -64.0                         250     47  359.0         359.0
  150.0  14040  -64.1                         255     45  359.5         359.5
  136.0  14633  -65.8                         270     37  366.6         366.6
  131.0  14859  -66.5                         285     41  369.3         369.3
  126.0  15094  -67.2                         275     49  372.2         372.2
  116.0  15595  -68.7                         255     40  378.3         378.3
  114.0  15698  -68.8                         250     39  380.0         380.0
  107.0  16076  -69.2                         260     30  386.1         386.1
  103.0  16304  -69.5                         250     26  389.9         389.9
  100.0  16480  -69.7                         265     23  392.8         392.8
   97.0  16663  -69.3                         235     20  397.0         397.0
   88.0  17246  -68.0                         235     14  410.7         410.7
   86.0  17384  -67.8                         185     11  414.0         414.0
   84.3  17504  -67.5                         146      7  416.9         416.9
   83.0  17597  -67.7                         115      4  418.4         418.4
   82.0  17670  -67.8                          90      3  419.6         419.6
   79.0  17894  -68.2                           0     10  423.3         423.3
   77.0  18048  -68.5                         330     14  425.8         425.8
   76.0  18126  -68.6                         320     19  427.1         427.1
   73.0  18368  -69.0                         285     10  431.2         431.2
   72.5  18409  -69.1                         287      9  431.9         431.9
   70.0  18620  -67.9                         300      6  438.8         438.8
   66.0  18975  -67.4                           0      0  447.3         447.3
   62.1  19343  -66.9                          32      3  456.3         456.3
   55.9  19987  -61.9                          87      9  481.6         481.6
   55.0  20088  -61.8                          95     10  484.2         484.2
   53.0  20318  -61.4                          85     14  490.1         490.1
   51.0  20557  -61.1                         105     15  496.3         496.3
   50.0  20680  -60.9                         100     20  499.5         499.5
   49.0  20807  -60.7                          70     17  502.8         502.8
   47.0  21069  -60.4                          90     15  509.7         509.7
   45.0  21342  -60.0                          75     18  516.9         516.9
   44.0  21483  -59.9                          90     18  520.7         520.7
   38.0  22405  -58.6                          75     26  546.0         546.0
   36.0  22744  -58.2                          85     23  555.7         555.7
   35.0  22921  -58.0                          70     29  560.8         560.8
   33.0  23291  -57.5                          70     24  571.6         571.6
   31.0  23684  -57.0                          65     23  583.2         583.2
   30.0  23890  -56.7                          85     19  589.5         589.5
   23.0  25581  -54.9                          85     23  641.4         641.4
   22.0  25864  -54.6                         105     20  650.5         650.5
   21.0  26160  -54.2                          85     23  660.1         660.1
   20.0  26470  -53.9                         100     20  670.4         670.4
   18.0  27148  -53.0                          95     28  693.8         693.8
   17.8  27220  -52.9                                     696.3         696.3
