
-----------------------------------------------------------------------------
   PRES   HGHT   TEMP   DWPT   RELH   MIXR   DRCT   SKNT   THTA   THTE   THTV
    hPa     m      C      C      %    g/kg    deg   knot     K      K      K 
-----------------------------------------------------------------------------
 1011.0      5   26.8   20.8     70  15.55     20      5  299.0  344.6  301.8
 1000.0     98   25.2   20.2     74  15.14     45      7  298.4  342.6  301.1
  934.0    694   19.4   18.3     93  14.38     76      8  298.3  340.3  300.9
  925.0    778   18.8   17.9     95  14.15     80      8  298.5  339.9  301.1
  880.0   1204   16.3   15.3     94  12.58    320      1  300.2  337.3  302.5
  850.0   1501   14.6   13.5     93  11.57    295      5  301.4  335.8  303.5
  788.0   2140   11.4    9.5     88   9.54    206     10  304.6  333.4  306.4
  787.0   2150   11.3    9.4     88   9.47    205     10  304.6  333.3  306.4
  760.0   2440    9.9    5.8     76   7.67    190     10  306.1  329.6  307.5
  723.0   2854    7.8    0.7     61   5.60    180     10  308.2  325.7  309.2
  702.0   3098    6.5   -2.3     53   4.62    190      9  309.4  324.1  310.3
  700.0   3122    6.4   -2.6     53   4.54    195      9  309.5  323.9  310.4
  696.0   3169    6.4   -4.6     45   3.92    197      9  310.1  322.6  310.8
  674.0   3431    4.4   -0.4     71   5.54    206     10  310.7  328.2  311.7
  636.0   3901    1.0   -5.0     64   4.17    224     11  312.0  325.4  312.8
  634.0   3926    1.1   -6.9     55   3.62    225     11  312.4  324.2  313.1
  629.0   3990    1.4  -11.6     37   2.51    222     11  313.4  321.8  313.9
  606.0   4289    0.9  -26.0     11   0.76    210     10  316.2  319.0  316.4
  598.0   4395    0.8  -31.1      7   0.48    185     15  317.2  319.0  317.3
  582.0   4613    0.4  -41.6      3   0.17    180     16  319.3  320.0  319.3
  555.0   4987   -2.1  -41.3      3   0.19    170     19  320.7  321.4  320.7
  513.0   5608   -6.3  -40.9      5   0.21    190     22  322.9  323.7  322.9
  500.0   5810   -7.7  -40.7      5   0.22    180     19  323.6  324.5  323.6
  460.0   6451  -12.4  -41.9      7   0.21    180     21  325.5  326.4  325.6
  443.0   6741  -14.5  -42.5      7   0.21    180     25  326.4  327.2  326.4
  422.0   7108  -15.9  -40.9     10   0.26    180     29  329.2  330.2  329.2
  400.0   7510  -19.3  -44.3      9   0.19    180     34  329.8  330.6  329.9
  365.0   8184  -24.7  -50.7      7   0.10    170     42  331.4  331.8  331.4
  350.0   8482  -27.0  -50.2      9   0.11    165     46  332.3  332.8  332.3
  313.0   9278  -33.0  -48.8     19   0.14    185     58  334.7  335.3  334.7
  300.0   9580  -35.3  -48.3     25   0.16    185     58  335.5  336.2  335.5
  273.0  10228  -41.3  -48.3     47   0.18    185     63  336.0  336.7  336.0
  257.0  10634  -43.6  -54.8     28   0.09    185     67  338.4  338.8  338.4
  250.0  10820  -44.7  -57.7     22   0.06    190     65  339.5  339.8  339.5
  238.0  11149  -45.3  -72.3      3   0.01    190     66  343.4  343.4  343.4
  214.0  11852  -47.9  -77.3      2   0.00    190     67  350.0  350.0  350.0
  200.0  12300  -49.5  -80.5      1   0.00    195     58  354.2  354.2  354.2
  193.0  12533  -49.9  -80.9      1   0.00    192     54  357.2  357.2  357.2
  178.0  13051  -53.6  -83.1      2   0.00    185     44  359.5  359.5  359.5
  165.0  13536  -57.0  -85.2      2   0.00    200     35  361.6  361.6  361.6
  155.0  13936  -59.9  -86.9      2   0.00    203     46  363.3  363.3  363.3
  150.0  14140  -61.1                         205     52  364.6         364.6
  132.0  14915  -67.1                         180     31  367.6         367.6
  122.0  15393  -70.7                         205     26  369.2         369.2
  120.0  15494  -71.5                         195     24  369.6         369.6
  115.0  15743  -72.5                         170     20  372.2         372.2
  106.0  16219  -74.5                         185     10  377.2         377.2
  104.0  16331  -75.0                         195      9  378.4         378.4
  100.0  16560  -75.9                         215     14  380.8         380.8
   99.1  16612  -76.1                         215     15  381.4         381.4
   97.0  16737  -75.9                         200     18  384.1         384.1
   93.0  16981  -75.6                         225     18  389.4         389.4
   91.6  17069  -75.5                         222     20  391.3         391.3
   91.0  17108  -75.2                         220     21  392.7         392.7
   89.0  17238  -74.1                         205     18  397.4         397.4
   87.0  17372  -73.0                         210     10  402.2         402.2
   85.0  17509  -71.8                         165      2  407.2         407.2
   83.8  17592  -71.1                         163      5  410.3         410.3
   82.0  17721  -71.3                         160      9  412.4         412.4
   78.0  18017  -71.8                         135     10  417.3         417.3
   74.4  18297  -72.3                         167     10  422.0         422.0
   73.0  18410  -71.4                         180     10  426.2         426.2
   71.0  18576  -70.0                         145     12  432.6         432.6
   70.0  18660  -69.3                         140     10  435.8         435.8
   68.8  18764  -68.5                         135     12  439.7         439.7
   65.0  19102  -70.1                         120     20  443.3         443.3
   64.0  19194  -70.6                         110     19  444.3         444.3
   62.0  19383  -71.5                         110     12  446.4         446.4
   61.5  19432  -71.7                         116     12  446.9         446.9
   60.0  19579  -70.1                         135     11  453.7         453.7
   58.0  19782  -67.8                         115     19  463.1         463.1
   57.0  19886  -66.7                          99     22  468.0         468.0
   55.0  20102  -67.5                          65     28  471.0         471.0
   54.5  20157  -67.7                          60     27  471.8         471.8
   54.0  20213  -67.4                          55     26  473.7         473.7
   51.0  20560  -65.5                         100     13  485.9         485.9
   50.0  20680  -64.9                         110     16  490.1         490.1
   47.0  21058  -63.7                         110     30  501.6         501.6
   45.9  21203  -63.3                         103     27  506.1         506.1
   44.0  21461  -63.7                          90     23  511.3         511.3
   43.0  21602  -63.9                         110     28  514.2         514.2
   38.0  22378  -58.6                          80     44  546.2         546.2
   35.0  22893  -55.0                          50     30  568.4         568.4
   34.0  23075  -53.8                          65     24  576.4         576.4
   33.3  23206  -52.9                          82     27  582.2         582.2
   33.0  23264  -52.7                          90     28  584.1         584.1
   31.0  23668  -51.7                          65     30  597.6         597.6
   30.0  23880  -51.1                          65     31  604.7         604.7
   27.6  24424  -50.1                          59     27  622.1         622.1
   26.1  24788  -51.7                          55     24  627.6         627.6
   26.0  24813  -51.6                          55     24  628.6         628.6
   24.0  25338  -49.3                          95     27  649.7         649.7
   23.0  25617  -48.1                          85     33  661.2         661.2
   22.2  25850  -47.1                         101     30  670.9         670.9
   22.0  25910  -47.2                         105     29  672.5         672.5
   21.0  26217  -47.5                          90     32  680.4         680.4
   20.0  26540  -47.9                          95     33  688.8         688.8
   19.0  26878  -48.4                          75     39  697.3         697.3
   18.9  26913  -48.5                          75     39  698.1         698.1
   17.0  27617  -46.0                          70     36  727.6         727.6
   16.0  28020  -44.6                          90     27  744.9         744.9
   15.4  28274  -43.7                                     756.0         756.0
