
-----------------------------------------------------------------------------
   PRES   HGHT   TEMP   DWPT   RELH   MIXR   DRCT   SKNT   THTA   THTE   THTV
    hPa     m      C      C      %    g/kg    deg   knot     K      K      K 
-----------------------------------------------------------------------------
 1018.0      5   22.2   13.2     57   9.45      5      8  293.9  321.2  295.5
 1000.0    156   19.8   11.8     60   8.76    300      8  292.9  318.2  294.5
  990.0    242   18.9   11.7     63   8.76    300     10  292.9  318.1  294.4
  974.0    382   17.4   11.4     68   8.76    303     11  292.8  318.0  294.3
  967.0    444   17.1   11.0     67   8.58    305     11  293.1  317.9  294.6
  943.0    658   16.1    9.5     65   7.97    275     12  294.2  317.4  295.6
  925.0    822   15.4    8.4     63   7.53    265     15  295.1  317.1  296.4
  884.0   1205   13.3    2.8     49   5.34    255     10  296.7  312.7  297.7
  878.0   1262   13.0    2.0     47   5.06    248     11  297.0  312.2  297.9
  855.0   1484   11.2    1.0     49   4.84    220     15  297.4  312.0  298.2
  850.0   1533   10.8    0.8     50   4.79    215     16  297.4  311.9  298.3
  706.0   3046   -1.3  -13.3     40   1.95    210     18  300.3  306.5  300.6
  700.0   3114   -1.9  -13.9     39   1.87    210     18  300.4  306.4  300.7
  683.0   3307   -3.7  -14.7     42   1.80    210     18  300.5  306.3  300.8
  632.0   3914   -9.3  -17.3     52   1.57    230     26  300.8  305.9  301.1
  628.0   3964   -6.9  -30.9     13   0.47    232     27  304.1  305.8  304.2
  625.0   4001   -6.5  -33.5     10   0.36    233     27  305.0  306.3  305.0
  620.0   4063   -6.7  -35.6      8   0.30    235     28  305.4  306.5  305.5
  578.0   4608   -8.7  -53.7      1   0.04    237     34  309.3  309.5  309.3
  515.0   5488  -16.1  -53.1      3   0.05    239     44  310.7  310.9  310.7
  500.0   5710  -16.5  -61.5      1   0.02    240     47  312.9  312.9  312.9
  489.0   5877  -16.7  -61.7      1   0.02    240     50  314.6  314.7  314.6
  477.0   6062  -18.1  -62.5      1   0.02    240     53  315.2  315.2  315.2
  445.0   6578  -21.9  -64.9      1   0.01    249     56  316.6  316.7  316.6
  441.0   6644  -22.1  -65.0      1   0.01    250     56  317.3  317.3  317.3
  400.0   7360  -23.7  -65.7      1   0.01    265     84  324.1  324.2  324.1
  393.0   7489  -23.9  -65.9      1   0.01    268     90  325.5  325.5  325.5
  368.0   7964  -26.2  -67.2      1   0.01    280    110  328.6  328.7  328.6
  344.0   8451  -28.5  -68.6      1   0.01    280    105  331.9  331.9  331.9
  342.0   8493  -28.7  -68.7      1   0.01    279    106  332.1  332.2  332.1
  334.0   8662  -28.3  -69.3      1   0.01    277    111  334.9  335.0  334.9
  311.0   9173  -28.8  -69.0      1   0.01    270    127  341.1  341.2  341.1
  308.0   9242  -28.9  -68.9      1   0.01    270    128  341.9  342.0  341.9
  300.0   9430  -30.1  -70.1      1   0.01    270    130  342.8  342.9  342.8
  281.0   9893  -33.5  -72.5      1   0.01    270    134  344.4  344.5  344.4
  272.0  10122  -33.3  -72.3      1   0.01    270    136  347.9  348.0  347.9
  250.0  10710  -37.9  -70.9      2   0.01    270    141  349.6  349.6  349.6
  222.0  11503  -45.4  -70.9      4   0.01    270    144  350.2  350.2  350.2
  200.0  12200  -51.9  -70.9      8   0.01    265    140  350.4  350.5  350.4
  181.0  12840  -57.1  -74.1     10   0.01    265    138  352.1  352.1  352.1
  160.0  13616  -59.4  -83.9      3   0.00    265     97  360.8  360.8  360.8
  156.0  13776  -59.9  -85.9      2   0.00    267     96  362.6  362.6  362.6
  150.0  14020  -61.7                         270     95  363.6         363.6
  125.0  15132  -67.3                         280     76  372.9         372.9
  118.0  15480  -66.8                         285     73  379.9         379.9
  111.0  15849  -66.3                         270     72  387.6         387.6
  106.0  16128  -66.0                         255     60  393.4         393.4
  100.0  16480  -65.5                         260     43  400.9         400.9
   94.0  16853  -67.5                         280     50  404.2         404.2
   91.0  17049  -68.5                         290     47  405.9         405.9
   90.5  17082  -68.7                         286     45  406.1         406.1
   86.0  17389  -68.1                         250     29  413.3         413.3
   83.0  17603  -67.7                         275     18  418.3         418.3
   82.0  17675  -67.6                         305     13  420.1         420.1
   81.0  17749  -67.4                         330     15  421.8         421.8
   78.0  17976  -67.0                         350     17  427.3         427.3
   75.0  18212  -66.5                         325     27  433.1         433.1
   74.7  18236  -66.5                                     433.6         433.6
