
-----------------------------------------------------------------------------
   PRES   HGHT   TEMP   DWPT   RELH   MIXR   DRCT   SKNT   THTA   THTE   THTV
    hPa     m      C      C      %    g/kg    deg   knot     K      K      K 
-----------------------------------------------------------------------------
 1019.0      5   17.6    8.6     56   6.92    270      4  289.2  309.0  290.4
 1003.0    140   16.4    8.4     59   6.94    269      5  289.3  309.2  290.5
 1000.0    166   16.8    6.8     52   6.23    269      5  289.9  307.9  291.0
  996.0    200   17.6    4.6     42   5.37    268      5  291.1  306.8  292.0
  965.0    470   16.6    4.6     45   5.54    266      7  292.7  309.0  293.7
  955.0    559   17.2    3.2     39   5.07    266      7  294.2  309.2  295.1
  925.0    830   15.4    1.4     39   4.60    264      9  295.1  308.8  295.9
  850.0   1540   10.4    0.4     50   4.66    258     14  297.0  311.1  297.9
  816.0   1879    8.2   -0.8     53   4.44    255     16  298.2  311.7  299.0
  811.0   1930    8.4   -8.6     29   2.47    255     16  298.9  306.7  299.4
  805.0   1991    8.0  -12.0     23   1.90    254     17  299.1  305.2  299.5
  803.0   2011    8.2  -17.8     14   1.18    254     17  299.6  303.4  299.8
  768.0   2377    5.4  -25.6      9   0.62    251     19  300.4  302.5  300.5
  763.0   2431    5.6  -22.4     11   0.84    251     19  301.1  304.0  301.3
  758.0   2484    5.8   -6.2     42   3.19    250     20  301.9  311.9  302.5
  700.0   3132    2.2   -7.8     48   3.05    245     24  304.9  314.6  305.4
  694.0   3201    1.8   -8.2     47   2.98    244     24  305.2  314.7  305.8
  665.0   3544   -0.9  -11.9     43   2.32    242     27  305.9  313.4  306.3
  614.0   4174   -6.3  -12.3     62   2.43    236     31  306.8  314.6  307.2
  603.0   4314   -7.5  -13.5     62   2.26    235     32  307.0  314.4  307.4
  575.0   4683  -10.5  -16.5     61   1.84    240     35  307.6  313.7  308.0
  526.0   5360  -16.7  -19.2     81   1.60    249     40  308.1  313.5  308.4
  519.0   5461  -17.6  -20.6     78   1.44    250     41  308.2  313.1  308.5
  507.0   5635  -19.1  -22.9     72   1.20    250     47  308.5  312.6  308.7
  506.0   5650  -18.9  -23.9     65   1.10    250     48  308.9  312.6  309.1
  504.0   5680  -15.7  -38.7     12   0.27    250     49  313.1  314.1  313.2
  500.0   5740  -14.5  -57.5      1   0.03    250     51  315.3  315.4  315.3
  499.0   5755  -14.5  -59.5      1   0.03    250     52  315.5  315.6  315.5
  477.0   6096  -15.7  -58.5      1   0.03    255     67  318.1  318.3  318.1
  469.0   6224  -16.1  -58.1      1   0.03    257     67  319.1  319.3  319.1
  452.0   6500  -18.4  -57.7      2   0.03    260     66  319.6  319.8  319.6
  450.0   6534  -18.7  -57.7      2   0.04    260     67  319.7  319.8  319.7
  440.0   6701  -18.3  -56.3      2   0.04    258     74  322.2  322.4  322.2
  427.0   6925  -19.0  -56.5      2   0.04    255     82  324.2  324.3  324.2
  409.0   7245  -19.9  -56.9      2   0.04    255     89  326.9  327.1  327.0
  403.0   7355  -20.7  -56.4      3   0.05    255     92  327.3  327.5  327.3
  400.0   7410  -21.1  -56.1      3   0.05    260     92  327.5  327.7  327.5
  385.0   7690  -23.4  -57.7      3   0.04    260     90  328.1  328.2  328.1
  378.0   7824  -24.5  -58.5      3   0.04    256     92  328.3  328.5  328.3
  369.0   8000  -23.1  -61.1      2   0.03    251     94  332.5  332.6  332.5
  352.0   8343  -24.3  -61.0      2   0.03    240     98  335.4  335.5  335.4
  343.0   8532  -24.9  -60.9      2   0.03    243    106  337.0  337.2  337.0
  338.0   8637  -25.7  -61.2      2   0.03    245    110  337.4  337.5  337.4
  300.0   9490  -32.1  -64.1      3   0.02    245    112  340.0  340.1  340.0
  299.0   9514  -32.3  -64.3      3   0.02    250    112  340.1  340.2  340.1
  258.0  10536  -40.7  -69.7      3   0.01    250    101  342.3  342.4  342.3
  250.0  10750  -41.3  -70.3      3   0.01    250     99  344.5  344.6  344.5
  245.0  10885  -42.0  -71.0      3   0.01    250     98  345.4  345.5  345.4
  221.0  11573  -45.8  -74.3      3   0.01    250    102  349.9  349.9  349.9
  203.0  12141  -49.0  -77.0      2   0.01    240     82  353.6  353.6  353.6
  200.0  12240  -49.5  -77.5      2   0.00    245     78  354.2  354.2  354.2
  189.0  12608  -51.7  -79.0      2   0.00    250     72  356.5  356.5  356.5
  184.0  12782  -52.7  -79.7      2   0.00    254     72  357.6  357.6  357.6
  178.0  12992  -54.3  -80.7      3   0.00    260     71  358.3  358.3  358.3
  159.0  13709  -59.9  -83.9      3   0.00    251     75  360.6  360.6  360.6
  157.0  13787  -60.5                         250     75  361.0         361.0
  150.0  14070  -62.5                         250     72  362.2         362.2
  140.0  14490  -65.7                         250     64  363.8         363.8
  133.0  14802  -68.1                         260     69  364.9         364.9
  132.0  14848  -68.1                         260     69  365.7         365.7
  119.0  15471  -67.9                         235     59  377.0         377.0
  117.0  15573  -67.9                         241     54  378.9         378.9
  112.0  15834  -69.0                         255     42  381.7         381.7
  108.0  16051  -69.8                         255     46  384.0         384.0
  105.0  16219  -70.5                         246     47  385.8         385.8
  100.0  16510  -69.3                         230     49  393.6         393.6
   97.0  16692  -69.8                         230     39  396.1         396.1
   94.0  16879  -70.2                         260     30  398.8         398.8
   93.0  16943  -70.4                         275     31  399.6         399.6
   92.4  16981  -70.5                         276     32  400.2         400.2
   90.0  17139  -69.4                         280     36  405.5         405.5
   88.2  17259  -68.5                         276     38  409.6         409.6
   85.0  17480  -70.2                         270     41  410.5         410.5
   84.4  17523  -70.5                         268     41  410.7         410.7
   82.0  17695  -70.0                         260     39  415.2         415.2
   77.0  18071  -68.8                         275     23  425.2         425.2
   76.8  18086  -68.7                         274     22  425.6         425.6
   74.0  18308  -69.4                         255     13  428.6         428.6
   72.0  18472  -70.0                         215     16  430.8         430.8
   70.2  18623  -70.5                         219     19  432.9         432.9
   70.0  18640  -70.5                         220     19  433.2         433.2
   68.0  18813  -68.4                         265     21  441.5         441.5
   67.4  18866  -67.7                         264     21  444.0         444.0
   63.2  19250  -69.5                         253     22  448.3         448.3
   60.0  19564  -64.6                         245     23  466.0         466.0
   58.7  19697  -62.5                         218     20  473.6         473.6
   56.0  19986  -63.0                         160     12  478.8         478.8
   52.0  20440  -63.9                         125     10  487.0         487.0
   51.0  20559  -64.1                         147      6  489.2         489.2
   50.0  20680  -63.1                         170      2  494.4         494.4
   48.4  20881  -60.7                         125      4  504.7         504.7
   44.0  21478  -59.9                         355     10  520.6         520.6
   42.0  21769  -59.5                         345     23  528.5         528.5
   41.0  21920  -59.3                         345     19  532.7         532.7
   38.0  22395  -58.6                         300     10  546.1         546.1
   35.7  22786  -58.1                         275      5  557.3         557.3
   34.0  23093  -58.5                         255      1  564.1         564.1
   32.1  23454  -58.9                         183      7  572.3         572.3
   31.0  23674  -58.3                         140     10  579.7         579.7
   30.0  23880  -57.7                         155     17  586.8         586.8
   29.0  24097  -57.0                         160     13  594.3         594.3
   28.0  24321  -56.4                         120      4  602.1         602.1
   24.0  25306  -53.4                          20      3  637.9         637.9
   23.0  25578  -52.6                         295     10  648.1         648.1
   22.0  25862  -51.7                         120     10  659.0         659.0
   21.0  26164  -51.5                          20     10  668.4         668.4
   20.0  26480  -51.3                           0     18  678.4         678.4
   19.0  26814  -50.8                         345     25  689.8         689.8
   18.0  27166  -50.4                         290     10  702.1         702.1
   17.9  27202  -50.3                         286     10  703.4         703.4
   16.0  27945  -46.5                         200      2  738.6         738.6
   15.0  28372  -44.4                         135      5  759.5         759.5
   14.7  28506  -43.7                                     766.1         766.1
   14.0  28834  -43.7                                     776.9         776.9
