
-----------------------------------------------------------------------------
   PRES   HGHT   TEMP   DWPT   RELH   MIXR   DRCT   SKNT   THTA   THTE   THTV
    hPa     m      C      C      %    g/kg    deg   knot     K      K      K 
-----------------------------------------------------------------------------
 1015.0      5   23.8   15.8     61  11.24    180     10  295.7  328.3  297.7
 1000.0    135   22.0   15.0     64  10.83    170     15  295.1  326.5  297.1
  925.0    806   15.8   14.3     91  11.19    135     27  295.5  327.9  297.4
  909.0    954   14.7   13.5     92  10.80    130     28  295.8  327.1  297.7
  890.0   1134   13.4   12.5     94  10.33    122     26  296.2  326.3  298.1
  850.0   1522   12.8   12.3     97  10.68    105     21  299.5  331.0  301.5
  820.0   1824   12.4   11.8     96  10.72     80     10  302.2  334.2  304.2
  819.0   1835   12.4   11.8     96  10.73     76     10  302.3  334.3  304.3
  801.0   2022   13.5   12.2     92  11.27      0      2  305.5  339.5  307.5
  797.0   2064   13.8   12.3     91  11.40    357      2  306.2  340.7  308.3
  700.0   3152    9.0    8.0     93   9.71    290      7  312.4  342.7  314.2
  678.0   3417    8.0    7.1     94   9.42    297      8  314.2  343.8  315.9
  600.0   4414    2.5    0.4     86   6.60    325     10  319.0  340.4  320.2
  573.0   4789    0.4   -2.1     83   5.74    305     15  320.8  339.6  321.9
  554.0   5064   -1.1   -4.0     81   5.16    293     11  322.1  339.2  323.1
  550.0   5122   -0.9   -4.8     75   4.91    290     10  322.9  339.3  323.9
  545.0   5196   -0.7   -5.7     69   4.61    297     10  324.0  339.5  324.9
  513.0   5677   -4.3   -9.3     68   3.71    342     10  325.3  338.0  326.1
  511.0   5708   -4.4  -11.1     60   3.23    345     10  325.6  336.7  326.2
  500.0   5880   -4.9  -20.9     27   1.45    345      7  327.0  332.2  327.3
  495.0   5959   -4.7  -31.7     10   0.55    342      7  328.2  330.3  328.3
  492.0   6006   -5.0  -33.1      9   0.48    340      7  328.4  330.2  328.4
  460.0   6527   -8.7  -48.7      2   0.10    315     16  330.1  330.6  330.2
  441.0   6850  -11.0  -36.2     11   0.40    300     22  331.2  332.8  331.3
  437.0   6920  -11.5  -33.5     14   0.52    300     22  331.5  333.5  331.6
  429.0   7061  -12.5  -21.5     47   1.61    299     23  331.9  337.8  332.3
  419.0   7239  -13.7  -24.7     39   1.24    297     25  332.6  337.3  332.9
  409.0   7422  -13.1  -53.1      2   0.07    296     26  335.7  336.0  335.8
  400.0   7590  -13.9  -53.9      2   0.06    295     27  336.8  337.1  336.9
  379.0   7999  -16.1  -56.1      2   0.05    295     32  339.2  339.4  339.2
  377.0   8039  -15.9  -30.9     26   0.78    295     33  339.9  343.0  340.1
  372.0   8139  -16.8  -30.4     30   0.83    295     34  340.0  343.3  340.2
  344.0   8723  -22.1  -27.1     64   1.21    305     33  340.5  345.2  340.8
  325.0   9140  -25.1  -34.1     43   0.66    296     32  342.0  344.6  342.1
  322.0   9208  -24.9  -41.9     19   0.30    294     32  343.2  344.4  343.2
  314.0   9390  -26.2  -44.7     16   0.23    290     31  343.8  344.7  343.8
  300.0   9720  -28.7  -49.7     11   0.14    295     32  344.8  345.4  344.8
  260.0  10729  -35.5  -59.5      7   0.05    307     38  349.2  349.4  349.2
  250.0  11000  -37.9  -58.9      9   0.05    310     39  349.6  349.8  349.6
  200.0  12490  -50.9  -66.9     13   0.02    315     45  352.0  352.1  352.0
  195.0  12654  -52.5  -66.5     17   0.03    315     46  352.0  352.1  352.0
  169.0  13565  -59.9  -78.9      7   0.00    293     37  354.4  354.4  354.4
  158.0  13982  -63.3                         283     33  355.5         355.5
  150.0  14300  -65.5                         275     30  357.1         357.1
  132.0  15053  -70.8                         265     24  360.9         360.9
  119.0  15664  -75.1                         290     15  363.9         363.9
  109.0  16181  -78.7                         245     10  366.3         366.3
  100.0  16670  -79.9                          10      7  373.1         373.1
   98.0  16784  -80.3                           5     10  374.4         374.4
   97.0  16842  -80.5                         355     10  375.1         375.1
   95.4  16935  -80.9                         340      8  376.2         376.2
   90.1  17260  -76.3                          95     10  391.6         391.6
   89.0  17330  -76.5                         120     10  392.5         392.5
   84.0  17660  -77.6                          65     14  396.9         396.9
   74.0  18382  -79.8                          65     15  406.8         406.8
   73.7  18406  -79.9                          66     15  407.1         407.1
   70.0  18700  -75.3                          80     16  423.0         423.0
   68.4  18835  -73.7                          80     18  429.2         429.2
   67.0  18957  -73.4                          80     20  432.4         432.4
   62.5  19365  -72.5                          67     20  443.1         443.1
   60.0  19612  -70.2                          60     20  453.3         453.3
   56.0  20028  -66.4                          95     16  471.1         471.1
   52.4  20430  -62.7                          95     17  488.7         488.7
   50.0  20720  -62.3                          95     18  496.2         496.2
   44.0  21514  -61.0                          60     18  517.8         517.8
   39.0  22263  -59.9                          85     22  538.9         538.9
   38.3  22376  -59.7                          82     22  542.1         542.1
   36.0  22761  -61.0                          70     24  548.6         548.6
   34.7  22990  -61.7                          80     24  552.4         552.4
   34.0  23117  -61.1                          85     24  557.2         557.2
   30.0  23900  -57.5                         100     26  587.3         587.3
   28.0  24339  -55.9                         100     33  603.5         603.5
   25.0  25059  -53.2                          90     27  631.1         631.1
   24.7  25136  -52.9                          90     27  634.1         634.1
   23.5  25455  -54.1                          91     25  639.7         639.7
   22.0  25880  -50.1                          93     22  663.7         663.7
   20.0  26500  -50.5                          95     18  680.8         680.8
   17.0  27562  -49.6                          85     29  716.1         716.1
   16.1  27918  -49.3                                     728.3         728.3
