
-----------------------------------------------------------------------------
   PRES   HGHT   TEMP   DWPT   RELH   MIXR   DRCT   SKNT   THTA   THTE   THTV
    hPa     m      C      C      %    g/kg    deg   knot     K      K      K 
-----------------------------------------------------------------------------
 1015.0      5   28.0   23.0     74  17.78     20      8  299.9  352.1  303.1
 1002.0    116   26.2   21.8     77  16.71     20      7  299.2  348.1  302.2
 1000.0    133   26.2   22.0     78  16.96     20      7  299.4  349.1  302.4
  982.0    292   24.7   21.8     84  17.02     40     10  299.4  349.3  302.4
  949.0    593   21.8   21.3     97  17.12     37      8  299.4  349.6  302.5
  940.0    675   21.0   19.2     89  15.13     36      8  299.4  343.8  302.1
  937.0    703   21.2   18.7     86  14.71     36      8  299.9  343.1  302.5
  926.0    806   20.8   17.1     79  13.43     35      7  300.5  340.1  302.9
  925.0    815   20.8   17.0     79  13.35     35      7  300.6  340.0  303.0
  850.0   1543   16.2   11.8     75  10.33     50      8  303.1  334.1  305.0
  847.0   1573   16.0   11.6     75  10.23     51      8  303.2  333.9  305.1
  793.0   2132   14.0    5.0     55   6.94     74      9  306.8  328.2  308.1
  762.0   2467   11.6   -1.4     40   4.55     88     10  307.7  322.1  308.6
  758.0   2510   11.2   -1.2     42   4.65     90     10  307.8  322.5  308.7
  748.0   2620   10.3   -0.6     47   4.92     80     10  308.0  323.4  308.9
  733.0   2788    8.9    0.2     55   5.34    130      3  308.2  324.9  309.2
  700.0   3169    5.6    2.2     79   6.45    150     10  308.6  328.7  309.9
  698.0   3192    5.4    2.2     80   6.47    148     10  308.7  328.8  309.9
  688.0   3310    5.0    2.1     82   6.51    137     12  309.5  329.9  310.7
  686.0   3334    5.0    2.0     81   6.51    135     12  309.8  330.1  311.0
  677.0   3442    5.0    1.8     80   6.48    113     12  310.9  331.3  312.2
  676.0   3454    4.9    1.8     80   6.47    110     12  311.0  331.3  312.2
  637.0   3936    1.4   -0.1     90   6.00    140     15  312.3  331.3  313.4
  631.0   4012    0.8   -0.4     92   5.93    140     12  312.5  331.3  313.6
  630.0   4025    0.6   -0.6     92   5.85    140     12  312.4  330.9  313.5
  629.0   4038    0.4   -0.8     92   5.77    136     12  312.3  330.6  313.4
  624.0   4102    2.2   -2.8     70   5.02    118     11  315.1  331.3  316.0
  622.0   4128    2.1   -3.2     68   4.90    110     10  315.2  331.0  316.1
  619.0   4167    1.9   -3.7     67   4.72    115     11  315.4  330.7  316.3
  609.0   4297    1.1   -5.6     61   4.17    125      8  316.1  329.7  316.9
  581.0   4675   -0.9  -10.9     47   2.88     50      3  317.9  327.6  318.5
  576.0   4744   -0.7  -26.7     12   0.75     36      2  319.0  321.7  319.1
  563.0   4926   -1.8  -20.0     23   1.39      0      0  319.8  324.7  320.0
  548.0   5140   -3.1  -12.1     50   2.77      6      0  320.7  330.1  321.2
  525.0   5478   -4.7  -18.7     33   1.67     15      1  322.7  328.6  323.0
  502.0   5829   -7.1  -15.1     53   2.37     24      2  323.9  332.2  324.4
  500.0   5860   -7.1  -18.1     41   1.85     25      2  324.3  330.8  324.7
  484.0   6113   -9.1  -25.1     26   1.04     25      2  324.9  328.7  325.1
  471.0   6323  -10.9  -27.9     23   0.82     25      2  325.2  328.2  325.4
  455.0   6588  -11.3  -42.3      6   0.20     25      2  327.9  328.7  328.0
  453.0   6622  -11.7  -44.7      5   0.16     25      2  327.8  328.5  327.9
  400.0   7560  -19.5  -49.5      5   0.10     25      3  329.6  330.0  329.6
  383.0   7881  -22.1  -50.1      6   0.10     14      3  330.2  330.7  330.3
  377.0   7997  -22.9  -37.9     24   0.39     10      3  330.7  332.2  330.8
  373.0   8075  -23.5  -53.5      5   0.07      7      3  330.9  331.2  330.9
  361.0   8313  -25.1  -54.1      5   0.07    359      2  331.9  332.2  331.9
  359.0   8353  -25.5  -40.5     23   0.31    358      2  331.9  333.1  331.9
  343.0   8682  -28.5  -47.5     14   0.15    346      2  332.1  332.8  332.2
  341.0   8724  -28.7  -48.6     13   0.14    345      2  332.4  332.9  332.4
  321.0   9154  -31.1  -60.1      4   0.04    287      8  334.9  335.1  334.9
  317.0   9242  -31.8  -60.6      4   0.03    275      9  335.2  335.3  335.2
  310.0   9399  -33.0  -61.4      4   0.03    280     12  335.6  335.8  335.7
  300.0   9630  -34.7  -62.7      4   0.03    280     17  336.4  336.5  336.4
  295.0   9747  -35.5  -62.9      4   0.03    280     17  336.8  336.9  336.8
  276.0  10208  -38.9  -63.9      5   0.03    290     24  338.4  338.5  338.4
  250.0  10880  -44.7  -57.7     22   0.06    280     28  339.5  339.8  339.5
  243.0  11069  -46.5  -58.5     24   0.06    276     31  339.5  339.8  339.6
  237.0  11235  -45.5  -70.5      4   0.01    272     34  343.5  343.6  343.5
  205.0  12188  -50.5  -76.3      3   0.01    250     50  350.2  350.3  350.2
  200.0  12350  -51.3  -77.3      3   0.01    250     50  351.4  351.4  351.4
  169.0  13429  -58.3  -81.3      4   0.00    245     58  357.1  357.1  357.1
  165.0  13579  -59.9  -81.9      4   0.00    245     57  356.8  356.9  356.8
  150.0  14170  -64.1                         245     53  359.5         359.5
  149.0  14210  -64.4                         245     52  359.6         359.6
  125.0  15263  -73.1                         256     41  362.4         362.4
  112.0  15905  -74.1                         263     34  372.1         372.1
  109.0  16062  -75.6                         265     32  372.2         372.2
  106.0  16224  -77.1                         260     32  372.3         372.3
  100.0  16560  -75.7                         240     31  381.2         381.2
   91.0  17107  -75.9                         230     17  391.1         391.1
   88.0  17301  -76.0                         270     12  394.7         394.7
   87.0  17367  -76.1                         285     12  396.0         396.0
   84.0  17571  -76.2                         285     15  399.8         399.8
   80.0  17854  -76.3                         315     14  405.1         405.1
   75.0  18228  -76.4                         295     20  412.3         412.3
   73.2  18369  -76.5                         274     16  415.1         415.1
   72.0  18465  -75.0                         260     14  420.1         420.1
   70.1  18622  -72.7                         265     11  428.4         428.4
   70.0  18630  -72.7                         265     11  428.5         428.5
   69.0  18714  -73.4                         275     15  428.8         428.8
   68.3  18774  -73.9                         272     13  429.0         429.0
   67.0  18888  -73.2                         265     10  432.9         432.9
   62.0  19348  -70.2                          45     10  449.1         449.1
   60.0  19543  -69.0                         335      4  456.1         456.1
   55.9  19963  -66.3                          97      9  471.6         471.6
   55.0  20061  -66.1                         125     10  474.3         474.3
   53.0  20286  -65.5                          65     12  480.6         480.6
   51.0  20520  -65.0                          70     13  487.2         487.2
   50.0  20640  -64.7                          55     12  490.6         490.6
   49.0  20765  -64.3                          50     14  494.3         494.3
   46.0  21157  -63.2                          75     13  506.0         506.0
   44.0  21433  -62.4                          55     14  514.5         514.5
   43.0  21576  -62.0                          90     15  518.9         518.9
   42.0  21722  -61.6                          95     17  523.4         523.4
   41.0  21872  -61.1                          70     14  528.1         528.1
   38.0  22343  -59.8                          70     22  543.2         543.2
   35.0  22853  -58.3                          85     21  560.0         560.0
   34.0  23033  -57.8                          65     22  566.0         566.0
   32.0  23410  -56.7                          60     24  578.8         578.8
   30.0  23810  -55.5                          45     22  592.7         592.7
   29.0  24029  -55.0                          30     18  600.0         600.0
   27.0  24491  -53.8                          20     24  615.5         615.5
   26.0  24735  -53.2                          30     18  623.9         623.9
   25.0  24988  -52.6                           5     11  632.7         632.7
   24.0  25252  -52.0                          95      5  642.0         642.0
   23.0  25527  -51.3                         125     10  651.8         651.8
   22.0  25814  -50.6                         105     10  662.2         662.2
   21.0  26115  -49.9                         120     10  673.3         673.3
   20.0  26430  -49.1                         105     15  685.1         685.1
   19.2  26698  -48.7                          85     26  694.4         694.4
   19.0  26767  -48.9                          80     29  696.0         696.0
   18.2  27049  -49.5                          88     20  702.6         702.6
   18.0                                        90     18                     
