
-----------------------------------------------------------------------------
   PRES   HGHT   TEMP   DWPT   RELH   MIXR   DRCT   SKNT   THTA   THTE   THTV
    hPa     m      C      C      %    g/kg    deg   knot     K      K      K 
-----------------------------------------------------------------------------
 1014.0      5   25.4   14.4     51  10.27    355     11  297.4  327.4  299.2
 1002.0    111   22.6   12.6     53   9.22    351     10  295.6  322.5  297.2
 1000.0    129   22.6   12.6     53   9.24    350     10  295.8  322.7  297.4
  959.0    490   19.2   12.4     65   9.54    335      9  295.8  323.6  297.5
  925.0    801   16.2   12.3     78   9.80    315      9  295.9  324.4  297.6
  924.0    810   16.1   12.3     78   9.79    315      9  295.9  324.4  297.6
  901.0   1023   14.1   11.4     83   9.46    325     11  296.0  323.6  297.7
  879.0   1232   12.2   10.5     89   9.15    327     24  296.1  322.8  297.7
  874.0   1280   13.0    7.0     67   7.24    328     27  297.4  318.8  298.7
  873.0   1290   14.8    4.8     51   6.21    328     27  299.3  318.0  300.5
  865.0   1368   19.6  -28.4      3   0.43    329     32  305.1  306.7  305.2
  857.0   1448   19.5  -28.0      3   0.45    330     37  305.8  307.4  305.9
  850.0   1518   19.4  -27.6      3   0.47    330     37  306.4  308.1  306.5
  837.0   1650   18.8  -30.2      2   0.37    330     35  307.2  308.5  307.2
  806.0   1972   16.6  -32.4      2   0.31    330     30  308.2  309.3  308.2
  784.0   2206   15.8  -29.2      3   0.44    330     27  309.8  311.4  309.8
  767.0   2391   14.6  -11.4     15   2.10    326     25  310.4  317.4  310.8
  728.0   2827   10.7   -8.6     25   2.76    315     19  310.8  319.8  311.3
  704.0   3107    8.2   -6.8     34   3.28    298     17  311.0  321.7  311.6
  700.0   3154    7.8   -4.2     42   4.02    295     17  311.1  324.0  311.9
  683.0   3355    5.9   -4.0     49   4.19    285     16  311.2  324.6  312.0
  644.0   3835    1.4   -3.5     70   4.61    269     18  311.3  326.1  312.2
  611.0   4256   -2.4   -6.4     74   3.91    255     20  311.7  324.3  312.4
  605.0   4335   -3.1   -6.9     75   3.79    253     18  311.8  324.0  312.5
  583.0   4629   -4.3  -20.3     28   1.31    247     10  313.7  318.2  313.9
  577.0   4710   -5.1  -19.7     31   1.39    245      8  313.7  318.5  314.0
  552.0   5057   -8.3  -17.3     48   1.79    316      3  313.9  319.9  314.2
  543.0   5184   -9.1  -26.1     24   0.84    342      1  314.4  317.4  314.5
  537.0   5270   -9.6  -24.4     29   0.99      0      0  314.8  318.3  315.0
  524.0   5459  -10.7  -20.7     44   1.41    282      7  315.7  320.6  315.9
  518.0   5548  -10.9  -21.2     43   1.37    245     10  316.4  321.2  316.7
  500.0   5820  -11.7  -22.7     40   1.24    235     20  318.7  323.1  318.9
  496.0   5881  -12.1  -23.1     40   1.21    236     22  318.9  323.2  319.2
  486.0   6037  -11.5  -27.5     25   0.83    240     28  321.6  324.6  321.7
  467.0   6339  -13.9  -27.0     32   0.90    230     32  322.2  325.5  322.4
  449.0   6637  -16.3  -26.5     41   0.98    240     36  322.8  326.4  323.0
  442.0   6756  -17.3  -26.3     45   1.02    249     38  323.1  326.8  323.3
  440.0   6790  -17.5  -26.5     45   1.00    251     38  323.2  326.9  323.4
  430.0   6962  -16.9  -32.9     24   0.56    264     41  326.1  328.3  326.2
  422.0   7102  -18.0  -34.2     23   0.50    275     43  326.5  328.4  326.6
  405.0   7408  -20.4  -37.2     21   0.39    275     44  327.2  328.8  327.3
  400.0   7500  -21.1  -38.1     20   0.36    275     46  327.5  328.9  327.6
  391.0   7668  -22.1  -41.1     16   0.27    273     52  328.3  329.4  328.4
  365.0   8172  -23.3  -50.3      7   0.10    266     71  333.2  333.7  333.2
  362.0   8232  -23.1  -52.7      5   0.08    265     73  334.2  334.6  334.2
  350.0   8479  -22.5  -62.5      1   0.02    265     68  338.3  338.4  338.3
  349.0   8500  -22.7  -62.6      1   0.02    265     68  338.4  338.5  338.4
  300.0   9590  -31.1  -66.1      2   0.02    270     75  341.4  341.5  341.4
  286.0   9925  -33.7  -66.6      2   0.02    270     75  342.4  342.5  342.4
  271.0  10302  -36.6  -67.2      3   0.02    265     75  343.4  343.5  343.4
  262.0  10538  -38.5  -67.5      3   0.02    261     79  344.1  344.1  344.1
  250.0  10860  -40.3  -70.3      3   0.01    255     84  346.0  346.1  346.0
  244.0  11023  -41.4  -71.6      2   0.01    255     85  346.8  346.8  346.8
  225.0  11568  -45.1  -76.1      2   0.01    257     81  349.2  349.3  349.2
  207.0  12117  -50.3  -77.3      3   0.00    259     78  349.5  349.5  349.5
  200.0  12340  -51.3  -79.3      2   0.00    260     76  351.4  351.4  351.4
  184.0  12878  -54.1  -84.1      1   0.00    256     72  355.3  355.3  355.3
  165.0  13568  -59.6  -85.8      2   0.00    250     67  357.4  357.4  357.4
  164.0  13607  -59.9  -85.9      2   0.00    251     66  357.4  357.5  357.4
  150.0  14160  -63.1                         265     50  361.2         361.2
  148.0  14242  -63.8                         265     48  361.4         361.4
  138.0  14668  -67.5                         280     51  362.1         362.1
  130.0  15022  -68.7                         275     51  366.3         366.3
  125.0  15255  -69.4                         265     43  369.1         369.1
  121.0  15448  -70.0                         270     35  371.4         371.4
  117.0  15648  -70.7                         270     34  373.8         373.8
  112.0  15907  -71.5                         255     35  376.9         376.9
  100.0  16580  -73.7                         270     27  385.1         385.1
   92.7  17021  -74.9                         265     23  391.1         391.1
   89.0  17260  -72.5                         260     12  400.4         400.4
   87.0  17393  -71.2                         295      6  405.7         405.7
   86.8  17406  -71.1                         298      6  406.2         406.2
   84.0  17599  -72.0                         340     10  408.2         408.2
   80.0  17886  -73.4                         320     16  411.1         411.1
   79.6  17916  -73.5                         317     16  411.4         411.4
   78.0  18035  -73.2                         305     15  414.4         414.4
   74.0  18344  -72.5                         310     10  422.2         422.2
   70.0  18670  -71.7                           5      3  430.7         430.7
   64.0  19201  -70.3                         115     10  444.8         444.8
   63.8  19219  -70.3                         115     11  445.3         445.3
   62.0  19391  -68.6                         115     17  452.7         452.7
   59.0  19690  -65.7                          85     21  465.7         465.7
   58.8  19710  -65.5                          84     21  466.6         466.6
   58.0  19794  -65.4                          80     23  468.7         468.7
   55.0  20118  -64.8                          55     17  477.1         477.1
   54.0  20230  -64.7                          60     11  480.0         480.0
   53.0  20344  -64.5                          70     10  483.0         483.0
   52.0  20460  -64.3                          90     14  486.1         486.1
   50.0  20700  -63.9                          90     19  492.5         492.5
   47.0  21086  -62.9                          75     23  503.6         503.6
   45.0  21356  -62.2                          85     28  511.6         511.6
   42.0  21786  -61.1                          75     33  524.5         524.5
   41.0  21936  -60.7                          65     30  529.1         529.1
   36.0  22747  -58.7                         100     29  554.5         554.5
   32.2  23442  -56.9                          89     34  577.1         577.1
   31.0  23682  -56.8                          85     36  583.7         583.7
   30.0  23890  -56.7                          90     33  589.5         589.5
   28.1  24305  -57.5                          88     33  598.4         598.4
   25.0  25053  -55.9                          85     34  623.2         623.2
   22.0  25870  -54.2                         105     37  651.6         651.6
   21.0  26168  -53.6                          95     42  662.2         662.2
   20.0  26480  -52.9                         105     44  673.5         673.5
   18.5  26985  -50.9                          98     44  694.9         694.9
   16.7  27649  -52.3                          89     44  711.0         711.0
   16.0  27928  -51.3                          85     44  723.2         723.2
   14.4  28614  -48.7                          85     48  753.9         753.9
   13.4  29087  -49.5                          85     51  766.8         766.8
   13.0                                        85     52                     
