
-----------------------------------------------------------------------------
   PRES   HGHT   TEMP   DWPT   RELH   MIXR   DRCT   SKNT   THTA   THTE   THTV
    hPa     m      C      C      %    g/kg    deg   knot     K      K      K 
-----------------------------------------------------------------------------
 1011.0      5   17.8   16.9     94  12.12    210      8  290.0  324.2  292.1
 1000.0    102   16.8   16.2     96  11.71    180      9  289.9  323.0  292.0
  983.0    248   16.0   15.9     99  11.69    160     10  290.6  323.6  292.6
  974.0    327   15.7   15.4     98  11.39    150     10  291.1  323.4  293.1
  933.0    692   14.4   12.8     90  10.05    120     14  293.4  322.3  295.1
  925.0    765   14.2   12.3     88   9.80    115     14  293.8  322.1  295.6
  892.0   1073   14.2    9.3     72   8.31    105     10  296.9  321.3  298.4
  880.0   1188   14.2    8.2     67   7.81     73      7  298.0  321.2  299.4
  853.0   1451   12.9    6.0     63   6.94      0      0  299.4  320.1  300.6
  850.0   1481   12.8    5.8     62   6.85      0      0  299.5  320.0  300.8
  833.0   1651   11.8    4.8     62   6.51    337      5  300.2  319.8  301.4
  817.0   1810   10.6    4.4     65   6.45    315     10  300.6  320.1  301.8
  751.0   2505    5.3    2.6     82   6.17    345     15  302.2  321.0  303.4
  721.0   2841    2.8    1.7     92   6.04    337     20  303.0  321.4  304.1
  713.0   2931    2.4    1.4     93   5.97    335     21  303.4  321.7  304.6
  700.0   3080    1.6    0.9     95   5.87    325     21  304.2  322.2  305.3
  687.0   3231    0.8    0.5     98   5.81    315     24  305.0  322.9  306.0
  675.0   3372    0.1   -0.4     96   5.52    305     26  305.7  322.8  306.7
  636.0   3848   -2.3   -3.6     91   4.63    310     34  308.2  322.9  309.1
  603.0   4270   -4.9  -12.9     53   2.36    314     40  310.0  317.7  310.4
  595.0   4374   -5.7  -10.7     68   2.86    316     42  310.2  319.5  310.8
  576.0   4628   -6.9  -17.9     41   1.63    318     46  311.7  317.2  312.0
  566.0   4765   -7.7  -11.3     75   2.86    320     49  312.3  321.7  312.9
  564.0   4792   -7.8  -11.4     76   2.86    320     49  312.5  321.9  313.0
  514.0   5509  -11.9  -12.8     93   2.79    330     43  316.0  325.3  316.5
  512.0   5539  -12.1  -13.0     93   2.75    330     43  316.0  325.2  316.6
  500.0   5720  -13.5  -14.5     92   2.50    335     44  316.5  324.9  317.0
  476.0   6092  -16.5  -18.0     88   1.96    333     56  317.3  324.0  317.7
  466.0   6251  -18.1  -24.1     59   1.18    332     62  317.2  321.4  317.4
  460.0   6348  -18.3  -30.3     34   0.67    332     65  318.2  320.6  318.3
  445.0   6595  -18.7  -41.7     11   0.22    331     73  320.7  321.6  320.7
  436.0   6747  -20.1  -40.1     15   0.27    330     78  320.8  321.8  320.8
  435.0   6764  -20.2  -38.0     19   0.33    330     79  320.8  322.1  320.9
  432.0   6816  -20.7  -31.7     37   0.63    330     78  320.9  323.2  321.0
  412.0   7164  -23.1  -52.1      5   0.08    333     69  322.1  322.5  322.2
  400.0   7380  -24.7  -52.7      6   0.07    335     63  322.8  323.1  322.8
  374.0   7864  -28.3  -52.9      8   0.08    330     59  324.3  324.6  324.3
  355.0   8239  -31.1  -53.1     10   0.08    323     62  325.4  325.7  325.4
  339.0   8566  -32.7  -60.7      4   0.03    317     64  327.5  327.7  327.5
  333.0   8693  -31.3  -64.3      2   0.02    314     65  331.1  331.2  331.1
  311.0   9176  -32.9  -66.5      2   0.02    305     68  335.5  335.5  335.5
  300.0   9430  -33.7  -67.7      2   0.01    295     77  337.8  337.8  337.8
  286.0   9761  -34.8  -69.4      2   0.01    285     88  340.8  340.9  340.8
  255.0  10554  -37.5  -73.5      1   0.01    285    106  348.2  348.2  348.2
  250.0  10690  -38.1  -75.1      1   0.01    285    109  349.3  349.3  349.3
  200.0  12190  -48.5  -82.5      1   0.00    285    106  355.8  355.8  355.8
  183.0  12773  -51.5  -84.5      1   0.00    282    101  360.1  360.1  360.1
  154.0  13876  -59.9  -90.9      1   0.00    276     92  363.9  363.9  363.9
  150.0  14040  -61.3                         275     91  364.3         364.3
  138.0  14551  -64.9                         276     87  366.7         366.7
  113.0  15748  -70.6                         280     77  377.6         377.6
  112.0  15801  -70.9                         280     77  378.0         378.0
  108.0  16016  -70.9                         275     79  382.0         382.0
  100.0  16470  -70.9                         270     65  390.5         390.5
   92.0  16965  -70.8                         270     51  400.1         400.1
   90.0  17095  -70.8                         280     45  402.7         402.7
   84.9  17442  -70.7                         291     41  409.6         409.6
   79.5  17836  -66.7                         304     35  425.6         425.6
   77.0  18028  -68.2                         310     33  426.3         426.3
   75.0  18186  -69.5                         302     32  426.9         426.9
   70.0  18600  -67.9                         280     30  438.8         438.8
   67.0  18865  -66.2                         265     16  448.0         448.0
   66.0  18956  -65.6                         280     10  451.3         451.3
   64.2  19124  -64.5                         347     10  457.2         457.2
   64.0  19143  -64.6                         355     10  457.4         457.4
   61.0  19433  -66.3                         340     14  460.0         460.0
   59.0  19635  -67.4                         300     10  461.9         461.9
   58.5  19687  -67.7                         301      9  462.3         462.3
   54.0  20173  -65.7                         315      3  477.7         477.7
   50.0  20640  -63.7                         310      8  492.9         492.9
   42.0  21729  -57.8                          15     10  532.8         532.8
   40.7  21925  -56.7                         349     11  540.3         540.3
   40.0  22035  -56.9                         335     12  542.5         542.5
   37.0  22528  -57.7                           0     17  552.7         552.7
   36.9  22546  -57.7                         359     17  553.0         553.0
   35.0  22881  -57.1                         335     20  562.9         562.9
   33.0  23255  -56.5                         275     16  574.1         574.1
   31.0  23652  -55.9                         235     14  586.3         586.3
   30.0  23860  -55.5                         240     12  592.7         592.7
   29.5  23967  -56.1                         242     12  594.0         594.0
   28.0  24304  -53.8                         250     10  609.2         609.2
   27.0  24539  -52.3                         290     10  620.0         620.0
   25.1  25010  -49.1                         290     16  642.1         642.1
   25.0  25036  -49.2                         290     16  642.6         642.6
   24.4  25195  -49.5                                     646.1         646.1
