
-----------------------------------------------------------------------------
   PRES   HGHT   TEMP   DWPT   RELH   MIXR   DRCT   SKNT   THTA   THTE   THTV
    hPa     m      C      C      %    g/kg    deg   knot     K      K      K 
-----------------------------------------------------------------------------
 1014.0      5   22.2   21.5     96  16.20    150      9  294.2  340.6  297.0
 1000.0    125   21.2   20.5     96  15.43    145     19  294.4  338.6  297.1
  975.0    345   19.6   19.6    100  14.96    140     23  294.9  337.9  297.5
  952.0    552   19.3   19.3    100  15.06    130     27  296.6  340.2  299.3
  925.0    801   19.0   19.0    100  15.19    105     25  298.7  343.1  301.4
  870.0   1327   16.8   16.6     99  13.86     80     24  301.8  342.8  304.2
  850.0   1526   16.0   15.7     98  13.37     80     24  302.9  342.7  305.3
  780.0   2254   12.6   11.7     94  11.17     75     21  306.7  340.6  308.8
  769.0   2375   12.0   11.0     94  10.83     71     21  307.4  340.4  309.4
  710.0   3044   10.4    5.5     72   8.04     49     18  312.7  337.9  314.2
  706.0   3091    9.8    7.3     84   9.17     47     18  312.5  341.2  314.3
  700.0   3162   10.0    3.0     62   6.83     45     18  313.5  335.2  314.8
  696.0   3210    9.6    6.6     82   8.86     42     17  313.6  341.4  315.3
  693.0   3246    9.5    5.8     78   8.45     40     17  313.9  340.5  315.5
  673.0   3489    8.8    0.8     57   6.06     61     13  315.7  335.2  316.9
  667.0   3564    9.2   -9.8     25   2.74     68     12  317.0  326.2  317.5
  656.0   3699    8.1  -12.4     22   2.27     80     10  317.2  324.9  317.7
  616.0   4212    3.9  -22.1     13   1.07    130      6  318.2  322.0  318.4
  579.0   4717   -0.2  -31.6      7   0.47    110     10  319.0  320.8  319.1
  575.0   4773   -0.7  -32.7      7   0.43    106     11  319.1  320.7  319.2
  564.0   4928   -0.5  -49.5      1   0.07     95     15  321.1  321.4  321.1
  559.0   4998   -1.0  -49.2      1   0.08     90     17  321.4  321.7  321.4
  509.0   5739   -6.0  -45.6      3   0.13     80     25  324.1  324.6  324.1
  500.0   5880   -6.9  -44.9      3   0.14     85     25  324.6  325.1  324.6
  479.0   6213   -9.1  -44.1      4   0.16    100     16  325.9  326.5  325.9
  439.0   6880  -12.3  -49.8      3   0.09     60     20  330.1  330.4  330.1
  415.0   7310  -14.3  -53.5      2   0.06     70     27  332.8  333.0  332.8
  404.0   7515  -15.3  -55.3      2   0.05     66     25  334.1  334.3  334.1
  400.0   7590  -15.9  -54.9      2   0.06     65     24  334.2  334.5  334.2
  367.0   8216  -21.2  -56.3      3   0.05     50     21  335.5  335.7  335.5
  328.0   9032  -28.2  -58.2      4   0.05     60     16  336.9  337.1  336.9
  310.0   9442  -31.7  -59.1      5   0.04     55     10  337.4  337.6  337.4
  300.0   9680  -33.7  -59.7      6   0.04     65      7  337.8  337.9  337.8
  268.0  10453  -39.4  -66.0      4   0.02    355      1  340.5  340.6  340.5
  256.0  10767  -41.7  -68.6      4   0.01    230     10  341.6  341.7  341.6
  250.0  10930  -42.9  -69.9      4   0.01    220     17  342.1  342.2  342.1
  204.0  12272  -52.3  -74.3      5   0.01    215     39  347.8  347.9  347.8
  202.0  12336  -52.7  -75.7      5   0.01    215     40  348.2  348.2  348.2
  200.0  12400  -53.1  -77.1      4   0.01    215     41  348.5  348.6  348.5
  166.0  13583  -59.9  -88.9      1   0.00    215     49  356.2  356.2  356.2
  150.0  14210  -63.7                         210     35  360.1         360.1
  141.0  14587  -66.3                         210     26  362.0         362.0
  137.0  14757  -67.1                         210     22  363.6         363.6
  111.0  16003  -72.8                         210     14  375.4         375.4
  100.0  16620  -75.7                         200     14  381.2         381.2
   97.0  16795  -76.7                         205     13  382.6         382.6
   95.9  16861  -77.1                         200     14  383.1         383.1
   87.8  17367  -77.5                         153     15  392.1         392.1
   81.0  17834  -75.9                         110     16  404.5         404.5
   76.0  18203  -74.6                         120     17  414.7         414.7
   70.0  18680  -72.9                          95     20  428.1         428.1
   69.0  18764  -73.1                          90     18  429.5         429.5
   66.8  18953  -73.5                          90     18  432.6         432.6
   61.0  19489  -68.5                          90     17  455.1         455.1
   60.8  19508  -68.3                          90     17  455.9         455.9
   52.0  20453  -64.6                          70     15  485.3         485.3
   50.0  20690  -63.7                         120      8  492.9         492.9
   49.0  20815  -63.3                         130     10  496.7         496.7
   47.0  21072  -62.5                         135     16  504.6         504.6
   44.2  21450  -61.3                          97     15  516.5         516.5
   43.0  21621  -61.9                          80     15  519.0         519.0
   41.6  21825  -62.7                          87     14  522.0         522.0
   41.0  21916  -62.2                          90     14  525.4         525.4
   38.0  22390  -59.7                          45     18  543.4         543.4
   37.0  22557  -58.8                          40     15  549.9         549.9
   36.0  22728  -57.9                          85     14  556.6         556.6
   35.2  22868  -57.1                          87     18  562.1         562.1
   34.0  23088  -57.0                          90     23  567.9         567.9
   30.0  23880  -56.7                          65     22  589.5         589.5
   29.0  24096  -56.4                          55     20  596.2         596.2
   27.0  24552  -55.6                          65     17  610.5         610.5
   25.0  25043  -54.9                         110     17  626.3         626.3
   23.0  25575  -54.0                          70     17  643.9         643.9
   21.9  25887  -53.5                          77     18  654.5         654.5
   20.5  26311  -53.9                          86     19  665.7         665.7
   20.0  26470  -52.7                          90     20  674.1         674.1
   19.0  26804  -48.9                          60     21  695.9         695.9
   18.9  26839  -48.5                          62     21  698.1         698.1
   18.0  27163  -47.3                          80     22  711.8         711.8
   17.0  27544  -45.9                          70     19  728.1         728.1
   16.0  27948  -44.3                          85     17  745.7         745.7
   15.1  28333  -42.9                          76     15  762.9         762.9
   15.0                                        75     15                     
