
-----------------------------------------------------------------------------
   PRES   HGHT   TEMP   DWPT   RELH   MIXR   DRCT   SKNT   THTA   THTE   THTV
    hPa     m      C      C      %    g/kg    deg   knot     K      K      K 
-----------------------------------------------------------------------------
 1022.0      5   26.4   15.4     51  10.88     90     11  297.7  329.5  299.6
 1019.0     31   24.8   12.8     47   9.19     91     12  296.4  323.2  298.0
 1000.0    195   23.2   14.2     57  10.28     95     18  296.4  326.3  298.2
  925.0    867   16.6   11.7     73   9.42    100     18  296.3  323.8  298.0
  881.0   1281   12.8   10.9     88   9.38    112     19  296.5  323.9  298.2
  850.0   1582   11.0    8.2     83   8.09    120     20  297.7  321.5  299.1
  822.0   1860    8.4    7.2     92   7.78    125     21  297.8  320.8  299.2
  813.0   1952    7.6    6.8     95   7.68    116     21  297.9  320.6  299.2
  807.0   2013    7.6    4.9     83   6.77    110     20  298.5  318.7  299.7
  803.0   2054    7.8    3.6     75   6.21    106     20  299.1  317.8  300.2
  795.0   2137   10.8  -23.2      7   0.75     98     20  303.2  305.8  303.3
  779.0   2307   14.4  -34.6      2   0.26     82     19  308.8  309.8  308.9
  774.0   2361   14.0  -35.0      2   0.25     77     19  309.0  309.9  309.0
  772.0   2383   14.1  -34.9      2   0.26     75     19  309.3  310.2  309.3
  750.0   2627   15.2  -33.8      2   0.29     75     20  313.1  314.2  313.1
  713.0   3051   13.0  -32.3      3   0.36     75     23  315.2  316.5  315.3
  700.0   3206   12.2  -31.8      3   0.38     75     23  316.0  317.4  316.0
  659.0   3709    9.8  -39.2      2   0.20     71     14  318.8  319.5  318.8
  653.0   3783    9.2  -39.7      2   0.19     70     13  318.9  319.7  319.0
  589.0   4615    2.7  -45.0      2   0.12     35     10  320.9  321.4  320.9
  561.0   5007   -0.4  -47.5      1   0.09     50     12  321.7  322.1  321.8
  517.0   5666   -5.6  -51.7      1   0.06     35      9  323.1  323.4  323.1
  511.0   5760   -6.3  -52.3      1   0.06     38      9  323.3  323.5  323.3
  500.0   5930   -7.3  -55.3      1   0.04     45      8  324.1  324.3  324.1
  441.0   6894  -13.9  -59.9      1   0.03    102     15  327.6  327.7  327.6
  438.0   6946  -13.6  -57.0      1   0.04    105     15  328.6  328.8  328.6
  433.0   7033  -13.1  -52.1      2   0.07    103     16  330.3  330.6  330.3
  411.0   7426  -16.5  -47.0      5   0.14     95     19  330.9  331.4  330.9
  400.0   7630  -18.3  -44.3      8   0.19    105     18  331.1  331.9  331.1
  392.0   7781  -19.7  -44.7      9   0.18    110     14  331.2  332.0  331.2
  381.0   7991  -20.6  -47.1      7   0.14    160     10  332.8  333.4  332.8
  345.0   8723  -23.6  -55.5      4   0.06    195     24  338.2  338.5  338.2
  344.0   8744  -23.7  -55.7      4   0.06    196     23  338.4  338.6  338.4
  323.0   9198  -27.4  -57.5      4   0.05    210     11  339.4  339.7  339.4
  312.0   9448  -29.4  -58.5      4   0.05    180     10  340.0  340.2  340.0
  300.0   9730  -31.7  -59.7      5   0.04    175     15  340.6  340.8  340.6
  290.0   9964  -33.6  -60.5      5   0.04    170     20  341.1  341.3  341.1
  250.0  10990  -42.1  -64.1      7   0.03    195     32  343.3  343.5  343.3
  246.0  11098  -43.1  -65.1      7   0.02    200     33  343.4  343.6  343.4
  232.0  11486  -45.2  -67.6      6   0.02    220     37  346.1  346.1  346.1
  218.0  11899  -47.4  -70.3      6   0.01    235     34  348.8  348.9  348.8
  215.0  11990  -47.9  -70.9      5   0.01    236     34  349.5  349.5  349.5
  200.0  12460  -51.9  -74.9      5   0.01    240     32  350.4  350.5  350.4
  176.0  13277  -58.9  -77.9      7   0.01    247     29  352.0  352.0  352.0
  169.0  13532  -59.9  -78.9      7   0.00    249     28  354.4  354.4  354.4
  167.0  13606  -60.4                         250     28  354.8         354.8
  157.0  13988  -63.0                         265     26  356.7         356.7
  150.0  14270  -64.9                         275     29  358.1         358.1
  116.0  15792  -77.1                         255     44  362.8         362.8
  115.0  15842  -76.6                         255     44  364.6         364.6
  111.0  16047  -74.5                         248     35  372.3         372.3
  109.0  16152  -74.9                         245     31  373.4         373.4
  104.0  16423  -76.0                         265     22  376.4         376.4
  100.0  16650  -76.9                         285     27  378.9         378.9
   95.3  16926  -78.1                         262     25  381.8         381.8
   94.0  17005  -77.8                         255     25  384.0         384.0
   89.0  17318  -76.4                         275     19  392.6         392.6
   88.5  17351  -76.3                         273     19  393.6         393.6
   84.0  17651  -76.6                         255     16  398.9         398.9
   81.0  17860  -76.8                         270     12  402.6         402.6
   78.0  18077  -77.0                         280     14  406.6         406.6
   75.0  18302  -77.2                         265     14  410.7         410.7
   73.7  18403  -77.3                         243     15  412.6         412.6
   70.0  18700  -74.7                         180     16  424.2         424.2
   68.0  18870  -73.7                         165     18  430.0         430.0
   63.9  19234  -71.5                         101     16  442.5         442.5
   62.0  19412  -71.5                          70     15  446.2         446.2
   59.0  19705  -71.6                          70     10  452.4         452.4
   57.0  19908  -71.7                          95      6  456.7         456.7
   55.0  20124  -68.9                         120      2  467.8         467.8
   53.0  20347  -66.0                         150     10  479.5         479.5
   51.2  20555  -63.3                         129      9  490.6         490.6
   50.0  20700  -64.3                         115      9  491.5         491.5
   48.5  20886  -65.3                         119     11  493.5         493.5
   48.0  20949  -64.9                         120     12  495.8         495.8
   46.0  21212  -63.4                          90     21  505.6         505.6
   45.0  21348  -62.6                          80     20  510.7         510.7
   42.0  21773  -60.1                          90     23  527.0         527.0
   40.6  21982  -58.9                          83     24  535.2         535.2
   40.0  22075  -59.3                          80     25  536.4         536.4
   38.7  22282  -60.3                          83     24  539.0         539.0
   38.0  22396  -60.0                          85     24  542.5         542.5
   36.0  22736  -59.2                          65     23  553.0         553.0
   33.0  23282  -57.9                         100     25  570.4         570.4
   30.0  23880  -56.5                         100     25  590.0         590.0
   24.0  25316  -53.4                          70     35  637.8         637.8
   23.0  25590  -52.8                          60     30  647.3         647.3
   20.0  26490  -50.9                          70     22  679.6         679.6
   19.0  26828  -50.0                          65     15  692.5         692.5
   18.0  27183  -49.0                          75     18  706.2         706.2
   16.0  27959  -47.0                         120     19  737.2         737.2
   14.9  28427  -45.7                                     756.5         756.5
