
-----------------------------------------------------------------------------
   PRES   HGHT   TEMP   DWPT   RELH   MIXR   DRCT   SKNT   THTA   THTE   THTV
    hPa     m      C      C      %    g/kg    deg   knot     K      K      K 
-----------------------------------------------------------------------------
 1029.0      5   17.2   10.2     63   7.64    205      8  288.0  309.7  289.3
 1012.0    148   15.7   10.1     69   7.70    180     11  287.8  309.6  289.1
 1005.0    207   15.0   10.0     72   7.72    177     13  287.7  309.6  289.1
 1000.0    250   15.0   10.0     72   7.76    175     15  288.1  310.2  289.5
  979.0    429   14.1    9.8     75   7.83    155     26  289.0  311.3  290.3
  931.0    853   11.9    9.4     85   7.99    135     38  290.9  313.8  292.3
  925.0    908   11.6    9.3     86   8.01    135     38  291.2  314.1  292.6
  916.0    990   11.0    9.1     88   7.98    130     36  291.4  314.3  292.8
  887.0   1257    9.4    7.8     90   7.54    115     30  292.4  314.2  293.7
  850.0   1610    7.2    6.1     93   6.99    105     25  293.7  314.1  294.9
  835.0   1756    6.2    5.2     93   6.67    115     24  294.1  313.7  295.3
  811.0   1994    4.6    3.7     93   6.17     95     21  294.9  313.1  296.0
  787.0   2240    3.0    2.1     94   5.69    116     17  295.7  312.6  296.7
  777.0   2344    4.5   -6.0     47   3.16    125     15  298.4  308.2  299.0
  758.0   2547    7.4  -21.6     11   0.90    195     10  303.7  306.7  303.8
  747.0   2666    6.8  -23.4      9   0.78    180     10  304.3  307.0  304.4
  737.0   2777    6.2  -25.0      9   0.69    195     10  304.8  307.2  305.0
  712.0   3059    4.8  -29.2      6   0.48    208      9  306.3  308.0  306.4
  700.0   3197    3.6  -28.4      8   0.53    215      8  306.4  308.3  306.5
  681.0   3420    2.3  -16.7     23   1.53    230     10  307.4  312.5  307.7
  671.0   3540    1.6  -10.4     41   2.59    243     13  307.9  316.4  308.4
  646.0   3843   -0.9   -9.7     51   2.85    275     22  308.5  317.7  309.0
  622.0   4145   -3.3   -9.0     65   3.12    265     24  309.0  319.1  309.6
  611.0   4288   -4.5   -8.7     72   3.26    269     27  309.3  319.8  309.9
  598.0   4458   -4.7   -7.2     83   3.74    275     31  310.9  323.0  311.6
  586.0   4615   -5.6   -8.0     83   3.58    280     35  311.7  323.3  312.4
  572.0   4803   -6.6   -9.0     83   3.39    270     41  312.7  323.8  313.3
  546.0   5165   -8.6  -11.0     83   3.05    285     32  314.5  324.6  315.1
  500.0   5850  -12.3  -14.6     83   2.48    290     43  318.0  326.4  318.5
  488.0   6035  -13.1  -16.2     78   2.22    291     47  319.2  326.8  319.6
  450.0   6641  -17.2  -20.6     75   1.66    295     60  321.6  327.4  321.9
  410.0   7336  -21.9  -25.6     72   1.17    290     57  324.2  328.4  324.4
  400.0   7520  -23.1  -26.9     71   1.06    290     59  324.9  328.8  325.1
  399.0   7538  -23.1  -27.1     70   1.05    290     59  325.1  328.9  325.3
  376.0   7962  -26.0  -29.6     72   0.88    285     62  326.9  330.1  327.0
  346.0   8556  -30.0  -33.0     75   0.69    300     71  329.3  331.9  329.4
  322.0   9069  -33.5  -36.0     78   0.55    300     78  331.3  333.4  331.4
  309.0   9356  -35.5  -39.2     69   0.42    300     82  332.4  334.0  332.5
  300.0   9560  -37.5  -41.5     66   0.34    300     85  332.4  333.7  332.5
  284.0   9938  -40.7  -44.9     64   0.25    305     89  333.1  334.1  333.1
  269.0  10308  -43.3  -46.3     72   0.22    309     93  334.5  335.4  334.5
  252.0  10747  -47.1  -50.9     65   0.14    314     97  335.1  335.7  335.2
  250.0  10800  -47.3  -51.5     62   0.13    315     98  335.6  336.2  335.6
  242.0  11014  -47.5  -61.5     18   0.04    319    103  338.4  338.6  338.4
  241.0  11042  -47.5  -61.9     18   0.04    320    104  338.8  339.0  338.8
  224.0  11523  -48.3  -69.3      7   0.02    314    110  344.8  344.9  344.8
  212.0  11881  -50.2  -71.7      6   0.01    310    114  347.2  347.3  347.2
  200.0  12260  -52.3  -74.3      5   0.01    305    106  349.8  349.8  349.8
  183.0  12826  -55.0  -78.0      4   0.01    305    109  354.5  354.5  354.5
  162.0  13603  -58.6  -83.1      3   0.00    295     92  360.9  360.9  360.9
  155.0  13885  -59.9  -84.9      2   0.00    295     85  363.3  363.3  363.3
  150.0  14090  -60.9                         295     79  365.0         365.0
  131.0  14918  -63.2                         310     65  375.2         375.2
  121.0  15404  -64.6                         295     60  381.3         381.3
  113.0  15822  -65.8                         285     39  386.6         386.6
  106.0  16214  -66.9                         295     24  391.6         391.6
  100.0  16570  -67.9                         305     32  396.3         396.3
   95.4  16852  -69.9                         290     36  397.7         397.7
   94.0  16940  -69.5                         290     32  400.1         400.1
   89.0  17268  -68.2                         335     27  409.0         409.0
   82.0  17760  -66.3                         310     18  422.7         422.7
   78.0  18061  -67.7                         295     13  425.9         425.9
   74.0  18377  -69.2                         320     14  429.2         429.2
   73.1  18451  -69.5                         317     15  430.0         430.0
   70.0  18710  -67.9                         305     17  438.8         438.8
   67.0  18973  -66.1                         295     10  448.3         448.3
   65.8  19082  -65.3                         329     10  452.3         452.3
   63.0  19346  -65.0                          50     10  458.6         458.6
   57.0  19954  -64.4                          70      2  473.3         473.3
   52.0  20512  -63.8                          95     10  487.3         487.3
   51.0  20630  -63.6                          80     14  490.3         490.3
   50.0  20750  -63.5                          85     14  493.4         493.4
   48.3  20963  -63.1                          93     18  499.3         499.3
   48.0  21002  -62.9                          95     19  500.6         500.6
   46.0  21268  -61.7                          95     20  509.6         509.6
   44.0  21545  -60.5                          60     23  519.1         519.1
   43.0  21689  -59.9                          80     15  524.1         524.1
   42.0  21836  -59.2                          70     15  529.2         529.2
   41.0  21986  -58.5                          80     13  534.6         534.6
   40.0  22140  -57.9                         100     17  540.1         540.1
   39.5  22219  -57.5                          93     18  542.9         542.9
   39.0  22299  -57.8                          85     18  544.2         544.2
   37.0  22631  -59.0                         105     19  549.4         549.4
   36.1  22786  -59.5                          98     19  551.9         551.9
   35.0  22980  -59.2                          90     19  557.5         557.5
   32.0  23544  -58.5                         110     27  574.0         574.0
   30.0  23950  -57.9                          90     29  586.2         586.2
   29.0  24165  -56.8                          80     32  594.9         594.9
   28.0  24388  -55.7                         110     28  604.0         604.0
   27.5  24502  -55.1                                     608.8         608.8
