
-----------------------------------------------------------------------------
   PRES   HGHT   TEMP   DWPT   RELH   MIXR   DRCT   SKNT   THTA   THTE   THTV
    hPa     m      C      C      %    g/kg    deg   knot     K      K      K 
-----------------------------------------------------------------------------
 1030.0      5   23.0   13.0     53   9.21    215      6  293.7  320.3  295.3
 1012.0    159   20.6   13.6     64   9.76    245      6  292.8  320.8  294.5
 1000.0    263   19.8   13.8     68  10.01    265      6  292.9  321.7  294.7
  989.0    358   18.6   12.6     68   9.35    225      6  292.7  319.6  294.3
  979.0    446   18.4    8.4     52   7.11    188      5  293.3  314.0  294.6
  965.0    569   17.4    7.9     54   6.96    135      5  293.5  313.8  294.7
  952.0    685   16.4    7.4     55   6.83     89     10  293.6  313.6  294.9
  951.0    694   16.5    6.4     51   6.39     85     10  293.9  312.6  295.0
  941.0    784   17.6   -3.4     24   3.17     88     14  295.9  305.6  296.4
  936.0    829   17.4   -4.3     23   2.99     90     16  296.0  305.2  296.6
  925.0    930   16.8   -6.2     20   2.61    100     16  296.5  304.6  296.9
  922.0    958   16.6   -6.3     20   2.59    105     17  296.6  304.7  297.1
  909.0   1078   16.0   -7.0     20   2.50     96     20  297.1  304.9  297.6
  900.0   1162   15.3   -7.1     21   2.51     90     22  297.3  305.2  297.8
  866.0   1486   12.8   -7.3     24   2.57    100     22  298.0  306.0  298.4
  850.0   1643   11.6   -7.4     26   2.59    120     22  298.3  306.4  298.8
  820.0   1942    9.4   -8.6     27   2.45    141     23  299.0  306.7  299.5
  808.0   2062    8.3   -8.8     29   2.43    150     23  299.1  306.8  299.6
  789.0   2256    6.5   -9.2     31   2.42    140     23  299.2  306.9  299.7
  762.0   2539    3.9   -9.8     36   2.39    145     34  299.4  306.9  299.8
  728.0   2911    0.5  -10.6     43   2.35    155     29  299.6  307.0  300.0
  715.0   3057   -0.9  -10.9     47   2.34    150     30  299.6  307.0  300.1
  707.0   3147    0.0  -23.0     16   0.86    148     30  301.6  304.5  301.8
  700.0   3227    1.2  -30.8      7   0.42    145     31  303.8  305.3  303.9
  684.0   3412    0.6  -36.8      4   0.24    140     35  305.1  306.0  305.2
  661.0   3686   -0.3  -45.7      2   0.10    135     32  307.1  307.5  307.1
  651.0   3808   -0.7  -49.7      1   0.06    137     30  308.0  308.2  308.0
  634.0   4014   -2.1  -48.5      1   0.07    140     27  308.7  309.0  308.7
  570.0   4841   -7.8  -43.8      4   0.14    135     32  311.5  312.1  311.6
  525.0   5481  -12.3  -40.1      8   0.22    155     34  313.6  314.5  313.6
  500.0   5860  -14.9  -37.9     12   0.29    150     36  314.8  315.9  314.9
  494.0   5951  -15.7  -37.7     13   0.30    150     37  314.9  316.1  315.0
  469.0   6339  -18.5  -47.5      6   0.11    150     42  316.1  316.6  316.2
  467.0   6371  -18.6  -48.0      6   0.11    150     42  316.4  316.8  316.4
  425.0   7066  -21.9  -58.9      2   0.03    158     27  320.8  321.0  320.8
  412.0   7294  -22.2  -62.8      1   0.02    160     22  323.3  323.4  323.3
  407.0   7383  -22.3  -64.3      1   0.02    158     24  324.3  324.4  324.3
  400.0   7510  -23.5  -65.5      1   0.01    155     26  324.4  324.4  324.4
  386.0   7765  -25.4  -65.6      1   0.01    145     22  325.1  325.2  325.1
  344.0   8591  -31.8  -65.8      2   0.02    195     15  327.4  327.5  327.4
  337.0   8739  -32.9  -65.9      2   0.02    195     14  327.8  327.9  327.8
  336.0   8760  -33.0  -66.0      2   0.02    195     14  327.9  328.0  328.0
  332.0   8843  -33.4  -66.3      2   0.02    205     13  328.5  328.6  328.5
  324.0   9013  -34.2  -66.9      2   0.01    225     14  329.6  329.7  329.6
  316.0   9188  -35.1  -67.6      2   0.01    255     19  330.8  330.9  330.8
  300.0   9550  -36.9  -68.9      2   0.01    265     34  333.2  333.3  333.2
  286.0   9881  -37.9  -67.9      3   0.01    280     48  336.4  336.5  336.4
  250.0  10800  -43.9  -71.9      3   0.01    280     74  340.7  340.7  340.7
  226.0  11465  -47.7  -75.2      3   0.01    280     97  344.8  344.9  344.8
  200.0  12270  -52.3  -79.3      2   0.00    275     78  349.8  349.8  349.8
  196.0  12400  -53.5  -80.5      2   0.00    274     76  349.9  349.9  349.9
  156.0  13846  -59.9  -84.9      2   0.00    266     53  362.6  362.6  362.6
  150.0  14090  -60.9                         265     49  365.0         365.0
  147.0  14215  -61.9                         266     47  365.4         365.4
  135.0  14734  -63.5                         270     38  371.4         371.4
  124.0  15251  -65.2                         255     41  377.6         377.6
  113.0  15816  -67.0                         265     40  384.4         384.4
  100.0  16560  -69.3                         245     35  393.6         393.6
   92.0  17059  -68.8                         250     40  404.1         404.1
   91.2  17112  -68.7                         246     38  405.3         405.3
   87.0  17398  -65.2                         225     26  417.7         417.7
   84.5  17576  -63.1                         225     19  425.5         425.5
   83.0  17685  -63.7                         225     15  426.5         426.5
   80.0  17909  -64.9                         210     15  428.5         428.5
   74.0  18383  -67.5                         265     13  432.8         432.8
   72.2  18533  -68.3                         265     15  434.1         434.1
   71.0  18634  -67.3                         265     16  438.2         438.2
   70.0  18720  -66.5                         255     16  441.8         441.8
   68.0  18896  -66.6                         240     14  445.2         445.2
   65.0  19169  -66.8                         180     13  450.7         450.7
   62.4  19417  -66.9                         180     10  455.6         455.6
   62.0  19456  -66.7                         180     10  456.9         456.9
   54.0  20303  -62.3                           0      1  485.5         485.5
   53.7  20337  -62.1                          11      2  486.7         486.7
   50.0  20780  -61.9                         155      8  497.2         497.2
   49.0  20906  -61.7                         140     10  500.5         500.5
   47.0  21165  -61.3                         115      2  507.4         507.4
   44.0  21575  -60.7                          70      9  518.6         518.6
   43.0  21718  -60.5                          75     16  522.5         522.5
   41.0  22014  -60.1                          30     15  530.8         530.8
   39.0  22325  -59.6                          20     10  539.6         539.6
   36.2  22788  -58.9                          11      6  553.0         553.0
   33.0  23373  -55.1                           0      0  577.8         577.8
   32.8  23412  -54.9                          35      2  579.4         579.4
   32.0  23569  -55.1                         175     10  583.1         583.1
   31.0  23771  -55.3                         145     10  587.8         587.8
   30.0  23980  -55.5                          55     11  592.7         592.7
   29.0  24195  -55.5                          10     10  598.5         598.5
   28.2  24373  -55.5                          55     10  603.3         603.3
   27.0  24653  -54.2                         125     10  614.5         614.5
   26.0  24896  -53.1                         125     11  624.4         624.4
   25.0  25149  -51.9                          65     10  634.8         634.8
   24.0  25412  -50.7                          55     11  645.8         645.8
   23.4  25575  -49.9                          85      9  652.7         652.7
   23.0  25687  -49.8                         105      8  656.2         656.2
   21.0  26281  -49.4                          40     22  674.9         674.9
   20.0  26600  -49.1                          10     26  685.1         685.1
   19.0  26937  -48.5                           5     28  697.1         697.1
   18.7  27042  -48.3                                     700.9         700.9
