
-----------------------------------------------------------------------------
   PRES   HGHT   TEMP   DWPT   RELH   MIXR   DRCT   SKNT   THTA   THTE   THTV
    hPa     m      C      C      %    g/kg    deg   knot     K      K      K 
-----------------------------------------------------------------------------
 1011.0      5   20.8   18.3     86  13.27    240      6  293.0  330.9  295.4
 1000.0     97   20.0   17.1     83  12.42    280     10  293.1  328.7  295.3
  993.0    158   19.6   16.5     82  12.03    305     12  293.3  327.8  295.5
  983.0    245   19.8   15.9     78  11.69    326     14  294.4  328.1  296.5
  979.0    281   19.7   15.6     77  11.50    335     15  294.6  327.8  296.7
  941.0    622   18.6   12.5     68   9.78    345     20  296.9  325.5  298.7
  925.0    770   18.2   11.2     64   9.11    335     23  297.9  324.7  299.6
  905.0    957   17.2   11.2     68   9.31    329     25  298.8  326.2  300.4
  898.0   1024   17.6    9.6     59   8.42    326     25  299.8  324.9  301.4
  879.0   1206   17.2    9.2     59   8.37    320     27  301.2  326.3  302.8
  850.0   1492   15.4    9.4     67   8.78    310     29  302.3  328.6  303.9
  764.0   2382    8.9    6.4     84   7.96    270     33  304.6  328.8  306.0
  724.0   2830    5.6    4.9     95   7.56    264     33  305.7  328.8  307.1
  701.0   3094    4.3    3.4     94   7.00    260     33  307.0  328.6  308.3
  700.0   3106    4.2    3.3     94   6.98    260     33  307.1  328.6  308.4
  690.0   3223    3.2    2.9     98   6.88    262     35  307.3  328.5  308.5
  659.0   3592    1.1    0.8     98   6.18    270     42  309.0  328.3  310.1
  589.0   4493   -4.0   -4.4     97   4.72    270     27  313.1  328.3  314.0
  585.0   4548   -4.3   -4.7     97   4.64    272     28  313.4  328.3  314.2
  566.0   4807   -7.5   -8.7     91   3.52    280     31  312.6  324.0  313.2
  554.0   4974   -9.5  -16.5     57   1.91    285     34  312.1  318.5  312.5
  545.0   5101   -9.9  -13.0     78   2.59    289     35  313.1  321.7  313.6
  542.0   5143  -10.2  -13.7     75   2.46    290     36  313.2  321.4  313.7
  533.0   5272  -11.1  -15.9     68   2.09    287     37  313.7  320.7  314.1
  527.0   5359  -11.9  -26.9     28   0.81    286     37  313.7  316.6  313.9
  521.0   5447  -13.1  -31.1     21   0.55    284     38  313.3  315.3  313.4
  509.0   5624  -13.9  -29.0     27   0.69    280     39  314.4  316.9  314.5
  501.0   5745  -14.5  -27.5     32   0.80    284     38  315.1  318.0  315.3
  500.0   5760  -14.5  -26.5     35   0.88    285     38  315.3  318.4  315.5
  495.0   5836  -14.1  -22.1     51   1.32    287     40  316.7  321.3  316.9
  487.0   5959  -15.1  -21.1     60   1.47    291     43  316.9  322.0  317.2
  483.0   6022  -15.5  -28.5     32   0.76    293     45  317.2  319.9  317.3
  472.0   6195  -16.3  -24.3     50   1.14    298     49  318.3  322.3  318.5
  467.0   6275  -16.5  -28.3     35   0.80    300     51  319.0  321.9  319.1
  455.0   6470  -17.1  -38.1     14   0.32    303     49  320.6  321.9  320.7
  407.0   7294  -23.7  -38.7     24   0.33    318     42  322.5  323.8  322.6
  400.0   7420  -24.7  -42.7     17   0.22    320     41  322.8  323.7  322.9
  399.0   7438  -24.8  -43.3     16   0.21    320     41  322.9  323.7  322.9
  390.0   7604  -25.9  -48.9     10   0.12    317     42  323.6  324.1  323.6
  376.0   7867  -28.1  -41.1     28   0.28    311     45  324.1  325.2  324.1
  373.0   7924  -28.3  -47.3     14   0.14    310     45  324.5  325.1  324.6
  372.0   7944  -28.5  -40.5     31   0.30    310     45  324.5  325.7  324.6
  363.0   8119  -29.3  -52.3      9   0.08    306     47  325.7  326.1  325.8
  355.0   8277  -30.7  -42.7     30   0.25    303     48  325.9  326.9  326.0
  354.0   8297  -30.5  -37.5     50   0.43    302     48  326.5  328.1  326.6
  337.0   8644  -33.2  -38.2     61   0.42    295     51  327.4  329.1  327.5
  329.0   8813  -34.5  -38.5     67   0.42    294     55  327.9  329.5  328.0
  317.0   9071  -36.7  -44.7     43   0.23    292     60  328.3  329.2  328.4
  304.0   9359  -39.3  -46.3     47   0.20    291     67  328.6  329.4  328.6
  300.0   9450  -39.7  -47.7     42   0.17    290     69  329.3  330.0  329.3
  296.0   9542  -40.3  -48.3     42   0.16    290     70  329.7  330.4  329.8
  289.0   9705  -40.3  -63.3      7   0.03    291     73  332.0  332.1  332.0
  275.0  10043  -43.3  -64.3      8   0.02    293     78  332.4  332.5  332.4
  264.0  10317  -45.3  -53.3     40   0.10    294     83  333.4  333.8  333.4
  254.0  10574  -46.5  -63.6     13   0.03    295     87  335.3  335.5  335.3
  252.0  10627  -46.7  -65.7     10   0.02    295     87  335.7  335.8  335.7
  250.0  10680  -47.1  -67.1      8   0.02    295     87  335.9  336.0  335.9
  200.0  12130  -55.1  -73.1      9   0.01    285     89  345.4  345.4  345.4
  174.0  13010  -59.9  -78.9      7   0.00    278     92  351.5  351.5  351.5
  162.0  13453  -61.8                         275     93  355.5         355.5
  158.0  13609  -62.5                         275     91  356.9         356.9
  152.0  13848  -61.7                         275     88  362.2         362.2
  150.0  13930  -62.3                         275     87  362.6         362.6
  137.0  14485  -65.3                         268     86  366.8         366.8
  131.0  14757  -65.2                         265     86  371.6         371.6
  117.0  15444  -65.1                         285     69  384.0         384.0
  115.0  15548  -65.1                         284     68  386.0         386.0
  104.0  16154  -69.1                         275     60  389.6         389.6
  100.0  16390  -65.3                         280     50  401.3         401.3
   97.0  16573  -66.3                         285     46  402.9         402.9
   91.0  16957  -68.3                         250     39  406.2         406.2
   85.0  17367  -70.5                         250     34  409.8         409.8
   83.5  17474  -71.1                         260     34  410.7         410.7
   81.0  17656  -70.4                         275     32  415.7         415.7
   79.0  17806  -69.8                         285     33  419.9         419.9
   76.0  18038  -69.0                         270     38  426.4         426.4
   71.0  18445  -67.4                         280     47  438.0         438.0
   70.0  18530  -67.1                         275     44  440.5         440.5
   67.0  18797  -64.9                         265     26  450.9         450.9
   66.0  18889  -64.1                         275     20  454.5         454.5
   65.0  18982  -64.6                         290     20  455.4         455.4
   61.6  19310  -66.3                         286     21  458.7         458.7
   61.0  19370  -65.9                         285     21  460.8         460.8
   60.0  19472  -65.3                         295     19  464.4         464.4
   59.0  19576  -64.7                         315     20  468.0         468.0
   55.0  20009  -62.0                         280     23  483.7         483.7
   52.1  20343  -59.9                         274     16  496.0         496.0
   50.0  20600  -60.5                         270     11  500.5         500.5
   47.0  20986  -60.3                         260     10  509.9         509.9
   45.0  21258  -60.1                         265      4  516.7         516.7
   44.0  21398  -60.0                         325     10  520.2         520.2
   42.0  21688  -59.9                         325     10  527.6         527.6
   41.0  21839  -59.8                           0     11  531.5         531.5
   39.0  22151  -59.6                         335     16  539.6         539.6
   37.0  22480  -59.4                         340     15  548.2         548.2
   35.9  22668  -59.3                                     553.3         553.3
