
-----------------------------------------------------------------------------
   PRES   HGHT   TEMP   DWPT   RELH   MIXR   DRCT   SKNT   THTA   THTE   THTV
    hPa     m      C      C      %    g/kg    deg   knot     K      K      K 
-----------------------------------------------------------------------------
 1019.0      5   26.0   17.0     58  12.10    165      5  297.6  332.9  299.7
 1012.0     65   24.0   16.0     61  11.42    154      6  296.1  329.3  298.2
 1000.0    169   23.4   16.4     65  11.87    135      7  296.6  331.0  298.7
  950.0    612   19.2   14.4     74  10.94    115     10  296.7  328.5  298.6
  936.0    741   18.0   13.8     76  10.68     90     10  296.7  327.8  298.6
  925.0    843   17.0   13.3     79  10.48    100     11  296.7  327.2  298.6
  912.0    964   16.0   13.1     83  10.49    105     10  296.9  327.5  298.7
  896.0   1114   15.8    7.8     59   7.46     98      7  298.2  320.3  299.5
  859.0   1470   13.0   10.1     83   9.10     80      1  298.8  325.7  300.5
  854.0   1520   12.6   10.4     86   9.35     41      2  298.9  326.5  300.6
  850.0   1559   12.4   10.1     86   9.21     10      2  299.1  326.3  300.8
  824.0   1820   11.2    6.3     72   7.32    301      4  300.5  322.4  301.9
  791.0   2159    8.4    5.5     82   7.19    210      7  301.1  322.7  302.4
  770.0   2382    6.6    4.9     89   7.10    236     15  301.4  322.8  302.7
  767.0   2414    6.8    3.0     77   6.21    240     16  301.9  320.8  303.1
  766.0   2425    6.8    2.3     73   5.93    239     16  302.1  320.2  303.2
  761.0   2479    9.0  -19.0     12   1.13    233     15  305.1  308.9  305.3
  755.0   2545    9.8  -36.2      2   0.23    226     13  306.6  307.5  306.6
  754.0   2556    9.8  -36.3      2   0.23    225     13  306.7  307.5  306.7
  708.0   3075    7.8  -39.1      2   0.18    250     15  310.0  310.7  310.1
  700.0   3169    7.4  -39.6      2   0.18    250     14  310.6  311.3  310.7
  685.0   3346    6.7  -37.2      3   0.23    240     16  311.8  312.6  311.8
  670.0   3527    5.9  -34.8      3   0.30    260     17  312.9  314.0  312.9
  649.0   3787    4.8  -31.3      5   0.43    235     16  314.5  316.1  314.6
  622.0   4133    3.4  -26.6      9   0.70    259     19  316.7  319.3  316.9
  615.0   4225    3.4  -29.2      7   0.56    265     20  317.8  319.8  317.9
  614.0   4238    3.4  -29.6      7   0.54    264     20  317.9  319.9  318.0
  594.0   4505    0.9  -17.1     25   1.69    250     22  318.0  323.9  318.4
  590.0   4560    0.4  -14.6     31   2.10    253     21  318.1  325.2  318.5
  571.0   4820   -1.3  -18.8     25   1.53    265     18  319.1  324.4  319.4
  538.0   5294   -4.3  -26.3     16   0.84    268     19  320.9  324.0  321.1
  534.0   5353   -3.5  -34.5      7   0.39    268     19  322.6  324.1  322.7
  512.0   5683   -5.0  -42.4      3   0.18    270     19  324.6  325.4  324.7
  503.0   5823   -5.7  -45.8      3   0.13    250     21  325.5  326.0  325.5
  500.0   5870   -5.9  -46.9      2   0.11    250     21  325.8  326.2  325.8
  490.0   6028   -6.1  -54.1      1   0.05    245     21  327.4  327.6  327.4
  481.0   6170   -7.2  -53.7      1   0.05    240     21  327.8  328.1  327.8
  449.0   6696  -11.2  -52.3      2   0.07    265     23  329.3  329.6  329.3
  400.0   7580  -17.9  -49.9      4   0.10    275     28  331.6  332.1  331.7
  379.0   7978  -21.6  -47.6      8   0.14    275     27  331.9  332.5  332.0
  362.0   8317  -24.7  -45.7     12   0.18    271     26  332.1  332.9  332.2
  356.0   8438  -25.5  -45.7     13   0.18    270     25  332.6  333.4  332.7
  335.0   8878  -28.5  -45.5     18   0.20    261     32  334.4  335.2  334.4
  322.0   9158  -30.6  -50.2     13   0.12    255     37  335.2  335.7  335.2
  300.0   9660  -34.5  -58.5      7   0.05    260     39  336.6  336.9  336.6
  272.0  10326  -40.1  -64.1      6   0.03    260     41  338.1  338.2  338.1
  250.0  10900  -44.9  -68.9      5   0.01    275     44  339.2  339.2  339.2
  244.0  11061  -46.2  -69.7      5   0.01    285     45  339.6  339.7  339.6
  226.0  11569  -50.3  -72.3      6   0.01    290     43  340.8  340.9  340.8
  219.0  11772  -51.6  -73.3      6   0.01    295     46  341.9  342.0  341.9
  200.0  12360  -55.3  -76.3      6   0.01    290     61  345.0  345.1  345.0
  175.0  13201  -59.9  -79.9      6   0.00    295     89  350.9  350.9  350.9
  155.0  13948  -64.0                         290     92  356.3         356.3
  150.0  14150  -65.1                         290     89  357.7         357.7
  144.0  14399  -67.1                         290     84  358.5         358.5
  127.0  15153  -70.6                         290     68  365.2         365.2
  123.0  15345  -71.5                         285     63  367.0         367.0
  120.0  15492  -71.3                         280     61  370.0         370.0
  115.0  15746  -70.8                         270     62  375.3         375.3
  100.0  16580  -69.5                         280     28  393.2         393.2
   84.0  17596  -76.3                         285     30  399.4         399.4
   83.2  17652  -76.7                         285     30  399.8         399.8
   77.0  18102  -72.4                         255     23  417.7         417.7
   75.0  18255  -70.9                         268     20  423.9         423.9
   74.0  18334  -71.2                         275     19  425.0         425.0
   70.0  18660  -72.3                         265     10  429.4         429.4
   69.9  18668  -72.5                         269     10  429.1         429.1
   69.0  18746  -72.1                         310      5  431.6         431.6
   67.0  18923  -71.2                         320     10  437.1         437.1
   64.0  19198  -69.9                         305     11  445.9         445.9
   63.0  19292  -69.4                         270     10  448.9         448.9
   58.0  19789  -66.9                         325     10  465.2         465.2
   52.0  20445  -63.7                          95      6  487.5         487.5
   51.0  20561  -63.1                         130     10  491.6         491.6
   50.0  20680  -62.5                         105     15  495.8         495.8
   49.5  20742  -62.3                          93     16  497.7         497.7
   49.0  20805  -62.4                          80     18  498.9         498.9
   47.0  21062  -62.8                          75     24  503.9         503.9
   45.5  21262  -63.1                          64     17  507.9         507.9
   45.0  21331  -62.8                          60     14  510.2         510.2
   44.0  21471  -62.1                          45      7  515.1         515.1
   43.0  21614  -61.5                          85     12  520.1         520.1
   41.0  21911  -60.1                          75     17  530.5         530.5
   40.0  22065  -59.5                          90     13  536.1         536.1
   38.0  22385  -58.0                          90     17  547.7         547.7
   37.6  22451  -57.7                          84     19  550.1         550.1
   37.0  22552  -57.6                          75     21  552.9         552.9
   35.0  22904  -57.3                          70     20  562.5         562.5
   34.0  23088  -57.2                          85     17  567.5         567.5
   31.0  23672  -56.7                          90     18  584.0         584.0
   30.0  23880  -56.5                         105     20  590.0         590.0
   28.5  24206  -56.1                          86     24  599.8         599.8
   28.0  24320  -55.7                          80     25  603.9         603.9
   27.0  24554  -55.0                          85     25  612.3         612.3
   26.0  24797  -54.2                          70     23  621.1         621.1
   25.0  25050  -53.4                          95     20  630.5         630.5
   24.0  25314  -52.5                          60     17  640.3         640.3
   23.0  25588  -51.7                          80     16  650.7         650.7
   22.0  25874  -50.8                          60     15  661.8         661.8
   21.0  26174  -49.8                         110     14  673.5         673.5
   20.9  26205  -49.7                                     674.7         674.7
