
-----------------------------------------------------------------------------
   PRES   HGHT   TEMP   DWPT   RELH   MIXR   DRCT   SKNT   THTA   THTE   THTV
    hPa     m      C      C      %    g/kg    deg   knot     K      K      K 
-----------------------------------------------------------------------------
 1013.0      5   23.4   13.4     53   9.62    150     13  295.5  323.4  297.2
 1000.0    122   21.4   10.4     49   7.97    149     14  294.6  317.8  296.0
  944.3    610   16.6    9.4     62   7.89    145     20  294.6  317.6  296.0
  911.2    914   13.6    8.8     72   7.84    145     24  294.5  317.4  295.9
  887.0   1143   11.4    8.3     81   7.80    141     24  294.5  317.2  295.9
  850.0   1498    9.0    7.0     87   7.44    135     24  295.6  317.4  296.9
  818.0   1816    7.4    6.2     92   7.32    145     18  297.1  318.7  298.4
  797.0   2030    6.4    4.9     90   6.86    152     14  298.3  318.7  299.5
  786.9   2134    5.9    1.2     72   5.35    155     12  298.8  314.9  299.8
  770.0   2312    5.0   -5.0     48   3.44    157     12  299.7  310.4  300.3
  733.0   2714    5.8  -16.2     19   1.48    161     11  304.8  309.8  305.1
  717.0   2895    5.0   -8.0     38   2.93    163     10  305.9  315.3  306.4
  700.0   3090    4.0  -26.0      9   0.66    165     10  306.9  309.2  307.0
  696.0   3136    3.8  -38.2      3   0.20    162     10  307.2  307.9  307.2
  679.0   3337    2.8  -35.2      4   0.28    150      9  308.2  309.3  308.3
  652.1   3658    0.1  -34.8      5   0.31    130      8  308.8  309.9  308.9
  604.0   4267   -4.9  -34.0      8   0.36    135      8  309.8  311.1  309.9
  595.0   4387   -5.9  -33.9      9   0.37    137      8  310.0  311.3  310.1
  567.0   4763   -7.3  -45.3      3   0.12    142      8  312.6  313.1  312.7
  500.0   5730  -13.7  -49.7      3   0.08    155      8  316.3  316.6  316.3
  491.0   5868  -14.1  -54.1      2   0.05    159      8  317.4  317.6  317.4
  454.0   6458  -18.9  -62.9      1   0.02    174     10  318.6  318.7  318.6
  400.0   7390  -25.1  -49.1      9   0.11    200     12  322.3  322.7  322.3
  381.0   7742  -27.3  -47.3     13   0.14    203     13  323.9  324.5  323.9
  305.0   9298  -41.3  -47.3     52   0.18    219     20  325.5  326.2  325.5
  300.0   9410  -42.1  -49.1     46   0.15    220     20  325.9  326.5  325.9
  285.0   9754  -44.8  -54.1     35   0.09    220     20  326.8  327.2  326.9
  274.0  10017  -46.9  -57.9     27   0.06    223     25  327.5  327.8  327.5
  250.0  10620  -49.5  -68.5      9   0.02    230     38  332.3  332.4  332.4
  240.0  10886  -50.7  -71.7      7   0.01    233     39  334.4  334.5  334.4
  215.6  11582  -51.0  -79.1      2   0.00    240     42  344.3  344.3  344.3
  200.0  12070  -51.3  -84.3      1   0.00    245     60  351.4  351.4  351.4
  194.0  12268  -51.5  -84.5      1   0.00    244     62  354.1  354.1  354.1
  170.3  13106  -54.6  -87.1      1   0.00    240     70  362.4  362.4  362.4
  150.0  13920  -57.7  -89.7      1   0.00    245     66  370.5  370.5  370.5
  141.0  14308  -60.1  -91.1      1   0.00    244     61  372.9  372.9  372.9
  105.0  16116  -67.7                         240     38  391.2         391.2
  104.3  16154  -67.7                         240     38  391.9         391.9
  100.0  16410  -67.5                         255     46  397.1         397.1
   94.3  16764  -68.0                         255     46  402.8         402.8
   84.7  17406  -68.9                         253     35  413.5         413.5
   79.8  17763  -67.1                         252     28  424.3         424.3
   72.3  18356  -68.5                         251     17  433.5         433.5
   70.0  18550  -68.5                         250     14  437.5         437.5
   62.1  19270  -67.7                         204     13  454.5         454.5
   58.3  19653  -64.7                         179     13  469.5         469.5
   53.4  20187  -66.7                         145     12  476.8         476.8
   50.0  20590  -62.3                         120     12  496.2         496.2
   49.4  20665  -61.5                                     499.9         499.9
   44.6  21300  -60.1                                     518.1         518.1
