
-----------------------------------------------------------------------------
   PRES   HGHT   TEMP   DWPT   RELH   MIXR   DRCT   SKNT   THTA   THTE   THTV
    hPa     m      C      C      %    g/kg    deg   knot     K      K      K 
-----------------------------------------------------------------------------
 1014.0      5   18.2    9.2     56   7.25    225      7  290.2  311.0  291.5
 1011.0     30   16.4    7.4     55   6.43    233     10  288.6  307.1  289.8
 1005.0     80   16.0    8.1     59   6.76    250     15  288.7  308.1  289.9
 1000.0    122   15.6    8.6     63   7.06    250     15  288.8  308.9  290.0
  939.0    652   11.2    6.4     72   6.46    241     10  289.5  308.1  290.6
  935.0    688   11.6    5.3     65   6.01    240     10  290.3  307.7  291.3
  925.0    778   12.6    2.6     51   5.01    235      5  292.2  306.9  293.1
  914.0    878   13.0    1.0     44   4.52    244      1  293.6  307.1  294.4
  913.0    888   13.0    0.9     44   4.51    245      1  293.7  307.1  294.5
  880.0   1196   12.4   -1.2     39   4.00    285     10  296.1  308.3  296.9
  850.0   1487   11.8   -3.2     35   3.57    300     19  298.5  309.5  299.1
  770.0   2309    9.8   -9.6     24   2.40    305     32  304.9  312.7  305.4
  761.0   2407    9.6  -10.4     23   2.29    305     32  305.7  313.1  306.1
  742.0   2615    8.3  -12.3     22   2.01    305     31  306.5  313.1  306.8
  724.0   2817    7.0  -14.2     20   1.77    320     31  307.2  313.1  307.5
  700.0   3094    5.2  -16.8     19   1.47    315     30  308.2  313.2  308.5
  678.0   3353    3.4  -21.6     14   1.01    312     32  309.0  312.5  309.2
  661.0   3558    2.5  -17.1     22   1.52    310     33  310.2  315.4  310.5
  656.0   3620    2.2  -15.8     25   1.71    309     32  310.6  316.4  310.9
  587.0   4506   -3.1  -25.1     16   0.85    301     25  314.4  317.5  314.6
  583.0   4560   -3.5  -25.5     16   0.83    300     24  314.5  317.5  314.7
  556.0   4930   -6.7  -28.1     16   0.69    290     28  315.1  317.6  315.2
  538.0   5188   -8.9  -29.9     16   0.60    292     29  315.4  317.6  315.6
  513.0   5554  -11.1  -35.1     12   0.38    294     30  317.1  318.5  317.2
  500.0   5750  -12.7  -37.7     10   0.30    295     31  317.5  318.6  317.6
  488.0   5932  -14.4  -38.9     11   0.27    300     28  317.6  318.7  317.7
  432.0   6848  -22.9  -44.9     12   0.16    303     31  318.1  318.7  318.1
  400.0   7410  -26.9  -50.9      8   0.09    305     33  319.9  320.3  320.0
  394.0   7519  -27.9  -50.9      9   0.09    303     32  320.0  320.4  320.0
  385.0   7684  -28.6  -54.6      6   0.06    300     31  321.2  321.4  321.2
  365.0   8065  -30.3  -63.3      2   0.02    304     37  323.9  324.0  323.9
  312.0   9168  -35.9  -64.9      3   0.02    317     55  330.9  331.0  330.9
  300.0   9440  -36.1  -68.1      2   0.01    320     60  334.4  334.4  334.4
  292.0   9627  -35.9  -69.9      2   0.01    320     66  337.2  337.3  337.2
  283.0   9841  -36.9  -71.5      2   0.01    320     74  338.9  338.9  338.9
  250.0  10690  -40.7  -77.7      1   0.00    315     70  345.4  345.4  345.4
  228.0  11312  -43.2  -79.1      1   0.00    320     76  350.8  350.8  350.8
  213.0  11772  -45.1  -80.1      1   0.00    315     71  354.8  354.8  354.8
  200.0  12190  -48.3  -82.3      1   0.00    310     66  356.1  356.1  356.1
  196.0  12323  -49.3  -83.3      1   0.00    308     64  356.6  356.6  356.6
  190.0  12524  -50.5  -84.1      1   0.00    305     61  357.8  357.8  357.8
  170.0  13244  -54.9  -86.9      1   0.00    300     68  362.1  362.1  362.1
  150.0  14040  -56.7  -88.7      1   0.00    285     42  372.2  372.2  372.2
  149.0  14082  -56.9  -88.9      1   0.00    285     41  372.6  372.6  372.6
  145.0  14255  -57.5  -89.5      1   0.00    292     37  374.4  374.4  374.4
  140.0  14476  -59.0  -90.4      1   0.00    300     31  375.6  375.6  375.6
  137.0  14613  -59.9  -90.9      1   0.00    306     33  376.3  376.3  376.3
  135.0  14703  -60.7                         310     35  376.6         376.6
  122.0  15328  -65.9                         300     41  378.1         378.1
  121.0  15379  -66.3                         297     40  378.2         378.2
  112.0  15846  -67.3                         270     30  384.7         384.7
  106.0  16178  -68.1                         290     19  389.3         389.3
  100.0  16530  -68.9                         260     22  394.4         394.4
   95.0  16834  -70.0                         260     11  398.1         398.1
   93.0  16959  -70.4                         300      4  399.7         399.7
   90.0  17154  -71.0                         305     10  402.1         402.1
   85.0  17492  -72.2                         265     17  406.4         406.4
   83.0  17633  -72.7                         260     16  408.2         408.2
   81.0  17777  -73.2                         290     15  410.0         410.0
   80.6  17806  -73.3                         290     15  410.4         410.4
   79.0  17925  -72.7                         270     10  413.9         413.9
   71.0  18556  -69.7                         180      5  433.2         433.2
   70.0  18640  -69.3                         185      6  435.8         435.8
   68.0  18815  -68.5                         130     10  441.1         441.1
   66.0  18996  -67.7                         125     11  446.6         446.6
   64.0  19182  -66.9                          75     13  452.4         452.4
   60.0  19572  -65.2                          55     16  464.6         464.6
   59.0  19674  -64.7                          45     13  467.9         467.9
   56.0  19989  -63.3                         250      3  478.1         478.1
   55.5  20044  -63.1                         210      6  479.8         479.8
   55.0  20099  -63.4                         170     10  480.4         480.4
   53.0  20325  -64.6                         150     21  482.8         482.8
   51.8  20465  -65.3                         126     18  484.3         484.3
   51.0  20559  -64.9                         110     16  487.4         487.4
   50.0  20680  -64.3                         120     13  491.5         491.5
   49.0  20806  -63.9                         130      9  495.4         495.4
   45.0  21335  -62.1                         100     15  511.9         511.9
   44.0  21474  -61.6                          75     16  516.4         516.4
   43.0  21617  -61.1                         115     11  521.0         521.0
   41.0  21913  -60.1                          85     14  530.6         530.6
   40.0  22066  -59.6                         100     12  535.7         535.7
   39.0  22224  -59.1                         120     15  540.9         540.9
   38.0  22385  -58.5                         125     26  546.4         546.4
   36.0  22721  -57.4                         105     14  557.8         557.8
   34.2  23040  -56.3                         117     15  568.9         568.9
   33.0  23266  -56.1                         125     15  575.1         575.1
   32.0  23461  -56.0                         120     19  580.6         580.6
   31.0  23662  -55.9                         135     24  586.3         586.3
   30.0  23870  -55.7                         125     30  592.2         592.2
   28.4  24219  -54.9                         102     24  603.8         603.8
   27.0  24542  -55.7                          80     19  610.2         610.2
   26.7  24613  -55.9                          82     19  611.7         611.7
   25.0  25036  -54.8                          95     16  626.4         626.4
   24.0  25298  -54.1                          65     17  635.7         635.7
   23.0  25572  -53.4                          35     15  645.6         645.6
   22.0  25857  -52.7                          30     14  656.0         656.0
   21.0  26156  -51.9                          40     10  667.2         667.2
   20.0  26470  -51.1                          95      5  679.0         679.0
   18.0  27159  -49.1                          70     10  706.0         706.0
   17.4  27380  -48.5                          94      5  714.8         714.8
   17.0  27533  -49.0                         110      2  718.0         718.0
   16.3  27809  -49.9                         117      3  723.8         723.8
   16.0                                       120      4                     
