
-----------------------------------------------------------------------------
   PRES   HGHT   TEMP   DWPT   RELH   MIXR   DRCT   SKNT   THTA   THTE   THTV
    hPa     m      C      C      %    g/kg    deg   knot     K      K      K 
-----------------------------------------------------------------------------
 1024.0      5   15.4    3.4     45   4.79    220      7  286.6  300.4  287.4
 1002.0    189   12.8    2.7     50   4.65    200     11  285.8  299.2  286.6
 1000.0    206   12.6    2.6     51   4.64    200     11  285.8  299.1  286.6
  987.0    316   11.6    1.6     50   4.37    200     12  285.8  298.4  286.6
  955.0    591   10.7   -1.0     44   3.74    200     15  287.6  298.6  288.3
  950.0    635   10.6   -1.4     43   3.65    203     15  287.9  298.7  288.6
  926.0    847    8.9   -1.2     49   3.80    215     13  288.3  299.4  288.9
  925.0    856    8.8   -1.2     49   3.80    215     13  288.3  299.5  289.0
  850.0   1549    3.6   -8.4     41   2.40    185     13  289.9  297.2  290.3
  839.0   1654    2.7   -9.3     41   2.27    180     10  290.1  297.0  290.5
  822.0   1819    1.3  -10.7     40   2.07    205      5  290.3  296.7  290.7
  813.0   1908    0.6  -11.4     40   1.98    224      7  290.4  296.5  290.8
  803.0   2007    0.1  -12.0     40   1.90    245     10  290.9  296.8  291.3
  783.0   2208   -0.9  -13.3     39   1.76    245     11  291.9  297.4  292.3
  758.0   2466   -2.2  -14.9     37   1.60    290     16  293.3  298.3  293.5
  734.0   2722   -3.5  -16.5     36   1.44    279     25  294.6  299.1  294.8
  726.0   2809   -2.6  -28.1     12   0.53    275     28  296.5  298.3  296.6
  713.0   2953   -1.1  -47.1      2   0.08    281     33  299.7  299.9  299.7
  703.0   3065   -1.9  -50.2      1   0.06    285     37  300.0  300.2  300.0
  700.0   3099   -2.1  -51.1      1   0.05    285     38  300.1  300.3  300.1
  687.0   3248   -2.9  -49.9      1   0.06    275     43  300.9  301.1  300.9
  672.0   3424    2.0  -47.0      1   0.08    262     48  308.2  308.6  308.3
  669.0   3460    2.2  -46.8      1   0.09    260     49  308.9  309.2  308.9
  662.0   3545    2.8  -46.2      1   0.09    261     52  310.5  310.8  310.5
  632.0   3918    0.2  -48.8      1   0.07    267     65  311.6  311.9  311.7
  620.0   4072    2.2  -46.8      1   0.09    269     71  315.6  316.0  315.7
  617.0   4110    2.1  -46.1      1   0.10    270     72  316.0  316.4  316.0
  542.0   5151   -0.1  -27.1     11   0.77    264     82  325.3  328.1  325.4
  500.0   5790   -5.1  -29.1     13   0.69    260     89  326.8  329.4  326.9
  464.0   6367  -10.7  -31.8     16   0.58    260     87  326.8  329.0  326.9
  452.0   6569  -12.7  -32.7     17   0.54    263     88  326.8  328.9  326.9
  437.0   6825  -13.5  -31.5     20   0.63    266     89  328.9  331.3  329.1
  417.0   7179  -16.5  -34.5     20   0.49    271     91  329.5  331.4  329.6
  400.0   7490  -17.3  -40.3     12   0.29    275     92  332.4  333.6  332.5
  389.0   7699  -18.1  -42.1     10   0.24    279     93  334.0  335.0  334.1
  372.0   8028  -20.8  -44.4     10   0.20    285     94  334.8  335.6  334.8
  345.0   8583  -25.3  -48.3     10   0.14    282     93  335.9  336.5  335.9
  321.0   9105  -26.5  -61.5      2   0.03    278     91  341.3  341.4  341.3
  300.0   9590  -30.5  -65.5      2   0.02    275     90  342.3  342.4  342.3
  268.0  10383  -37.1  -64.1      4   0.03    272     92  343.9  344.0  343.9
  250.0  10860  -41.3  -68.3      4   0.02    270     93  344.5  344.6  344.5
  225.0  11563  -48.1  -70.1      6   0.01    273     96  344.6  344.7  344.6
  204.0  12201  -51.9  -72.3      7   0.01    275     99  348.4  348.5  348.4
  200.0  12330  -52.7  -72.7      7   0.01    275     98  349.1  349.2  349.2
  189.0  12694  -54.9  -76.9      5   0.01    275     96  351.3  351.3  351.3
  174.0  13218  -59.9  -80.9      5   0.00    275     93  351.5  351.5  351.5
  150.0  14130  -67.7                         275     88  353.3         353.3
  134.0  14798  -73.1                         275     87  355.2         355.2
  127.0  15111  -74.5                         275     87  358.2         358.2
  126.0  15157  -74.7                         275     86  358.7         358.7
  121.0  15394  -70.7                         273     80  370.1         370.1
  100.0  16510  -74.9                         265     53  382.8         382.8
   94.0  16868  -76.2                         265     57  387.0         387.0
   87.0  17316  -77.9                         250     50  392.3         392.3
   83.0  17588  -77.1                         240     47  399.2         399.2
   81.0  17729  -76.7                         245     33  402.9         402.9
   78.0  17947  -76.0                         300     24  408.6         408.6
   76.0  18097  -75.5                         295     27  412.6         412.6
   74.9  18181  -75.3                         277     28  414.9         414.9
   73.0  18333  -73.4                         245     29  421.9         421.9
   71.0  18496  -71.3                         230     24  429.7         429.7
   70.0  18580  -70.3                         235     22  433.7         433.7
   68.0  18753  -68.8                         265     20  440.6         440.6
   67.9  18762  -68.7                         265     20  440.9         440.9
   64.8  19042  -69.3                         252     17  445.5         445.5
   62.3  19278  -67.5                         241     14  454.5         454.5
   61.1  19396  -62.9                         235     13  467.3         467.3
   61.0  19406  -62.9                         235     13  467.5         467.5
   55.0  20043  -63.7                         110      3  479.8         479.8
   53.2  20248  -63.9                         105      3  483.8         483.8
   50.0  20630  -62.3                          95      4  496.2         496.2
   48.0  20883  -61.1                         310     10  505.0         505.0
   46.2  21121  -59.9                         283     10  513.4         513.4
   46.0  21148  -59.2                         280     10  515.6         515.6
   44.8  21315  -55.1                                     529.5         529.5
   41.0  21882  -53.9                                     546.1         546.1
