
-----------------------------------------------------------------------------
   PRES   HGHT   TEMP   DWPT   RELH   MIXR   DRCT   SKNT   THTA   THTE   THTV
    hPa     m      C      C      %    g/kg    deg   knot     K      K      K 
-----------------------------------------------------------------------------
 1014.0      5   23.4   16.4     65  11.70    200      6  295.4  329.2  297.4
 1000.0    125   21.4   15.4     69  11.12    195      5  294.6  326.6  296.5
  961.0    468   18.4   13.5     73  10.22    172      8  294.9  324.5  296.7
  948.0    585   18.6   11.6     64   9.13    164      9  296.2  322.9  297.9
  933.0    722   18.1    9.1     56   7.85    155     10  297.1  320.2  298.5
  925.0    796   17.8    7.8     52   7.22    155     11  297.5  318.9  298.8
  921.0    833   17.6    6.6     48   6.68    158     12  297.7  317.5  298.9
  892.0   1104   16.2    5.6     49   6.45    180     16  299.0  318.3  300.2
  850.0   1513   14.2    4.2     51   6.12    145     16  301.0  319.5  302.1
  839.0   1623   13.3    3.9     53   6.06    150     17  301.2  319.6  302.3
  830.0   1714   12.6    3.6     54   6.00    155     16  301.4  319.6  302.5
  791.0   2116   10.1   -2.4     41   4.07    180     14  302.9  315.6  303.6
  786.0   2170    9.8   -3.2     40   3.86    181     14  303.1  315.2  303.8
  725.0   2837    7.4  -11.8     24   2.14    195     10  307.6  314.6  308.0
  700.0   3127    6.4  -15.6     19   1.63    220      5  309.5  315.0  309.9
  697.0   3162    6.6  -16.4     18   1.53    227      5  310.1  315.3  310.4
  691.0   3233    6.2  -16.3     18   1.56    240      5  310.5  315.8  310.8
  663.0   3571    4.5  -15.7     22   1.71    270     10  312.3  318.1  312.6
  661.0   3596    4.4  -15.6     22   1.73    269     10  312.4  318.2  312.7
  595.0   4442   -2.9  -20.9     24   1.22    238     14  313.5  317.7  313.7
  541.0   5185   -7.4  -34.7      9   0.37    210     17  316.8  318.2  316.8
  500.0   5800  -11.1  -46.1      4   0.12    235     20  319.4  319.9  319.5
  483.0   6063  -12.9  -46.9      4   0.12    252     22  320.4  320.9  320.4
  478.0   6142  -12.3  -52.3      2   0.06    257     22  322.1  322.4  322.1
  470.0   6270  -13.0  -54.8      2   0.05    265     23  322.8  323.0  322.8
  460.0   6433  -13.9  -57.9      1   0.03    266     24  323.6  323.8  323.7
  400.0   7470  -23.1  -53.1      5   0.07    275     30  324.9  325.2  324.9
  390.0   7651  -24.5  -53.9      5   0.06    275     32  325.4  325.7  325.4
  316.0   9152  -36.1  -60.1      7   0.04    287     23  329.4  329.6  329.5
  300.0   9510  -39.5  -61.5      8   0.03    290     21  329.6  329.7  329.6
  278.0  10020  -43.8  -62.5     11   0.03    290     19  330.6  330.7  330.6
  254.0  10624  -49.0  -63.7     16   0.03    295     28  331.6  331.7  331.6
  250.0  10730  -49.9  -63.9     18   0.03    295     29  331.8  331.9  331.8
  237.0  11076  -53.3  -65.3     22   0.02    289     33  331.7  331.8  331.7
  223.0  11466  -54.9  -68.9     16   0.02    282     38  335.1  335.2  335.1
  201.0  12128  -55.9  -77.9      5   0.00    270     47  343.6  343.6  343.6
  200.0  12160  -56.1  -78.1      5   0.00    270     47  343.8  343.8  343.8
  168.0  13263  -59.9  -80.9      5   0.00    278     38  355.0  355.0  355.0
  162.0  13490  -60.7                         280     36  357.4         357.4
  150.0  13970  -62.3                         280     48  362.6         362.6
  138.0  14480  -64.8                         280     38  366.8         366.8
  136.0  14569  -65.3                         275     37  367.5         367.5
  130.0  14844  -64.8                         255     31  373.2         373.2
  117.0  15485  -63.7                         266     25  386.6         386.6
  112.0  15751  -64.4                         270     23  390.2         390.2
  107.0  16029  -65.1                         305     16  394.1         394.1
  105.0  16143  -65.3                         320     17  395.6         395.6
  100.0  16440  -66.1                         310     24  399.8         399.8
   96.0  16688  -66.3                         295     22  404.1         404.1
   92.0  16947  -66.4                         300     14  408.7         408.7
   89.0  17149  -66.6                         325     10  412.4         412.4
   78.0  17951  -67.1                           5      7  427.1         427.1
   76.0  18109  -67.2                          40     11  430.1         430.1
   73.6  18304  -67.3                          35     12  433.8         433.8
   71.0  18524  -65.7                          30     14  441.6         441.6
   70.0  18610  -65.1                          35     11  444.8         444.8
   68.0  18787  -63.9                          55     11  451.0         451.0
   66.0  18970  -62.7                          60     12  457.5         457.5
   60.0  19560  -61.6                          75     16  472.6         472.6
   57.0  19878  -61.0                          65     19  480.9         480.9
   55.0  20099  -60.6                          85     18  486.8         486.8
   51.7  20482  -59.9                          97     18  497.1         497.1
   51.0  20567  -60.2                         100     18  498.3         498.3
   50.0  20690  -60.7                         105     21  500.0         500.0
   44.5  21415  -59.9                          98     32  518.9         518.9
   36.2  22721  -53.9                          86     51  565.9         565.9
   33.0  23317  -53.1                          80     59  583.1         583.1
   30.0  23930  -52.3                          80     52  601.5         601.5
   26.9  24639  -50.9                          76     54  624.4         624.4
   26.0  24859  -51.2                          75     54  629.5         629.5
   24.0  25378  -52.1                          80     49  641.7         641.7
   21.7  26031  -53.1                          88     51  657.4         657.4
   20.0  26560  -51.3                          95     53  678.4         678.4
   17.0  27617  -50.6                         100     68  712.9         712.9
   16.9  27656  -50.5                         100     68  714.2         714.2
   16.7  27733  -50.5                                     716.8         716.8
