
-----------------------------------------------------------------------------
   PRES   HGHT   TEMP   DWPT   RELH   MIXR   DRCT   SKNT   THTA   THTE   THTV
    hPa     m      C      C      %    g/kg    deg   knot     K      K      K 
-----------------------------------------------------------------------------
 1018.0      5   24.0   19.7     77  14.40    135      8  295.6  337.2  298.2
 1000.0    157   21.6   18.0     80  13.16    105      9  294.8  332.6  297.1
  964.0    474   18.6   17.5     93  13.23     90     10  294.8  332.9  297.2
  930.0    783   17.2   14.9     86  11.58     75     10  296.4  330.1  298.5
  925.0    829   17.0   14.5     85  11.34     75     10  296.7  329.7  298.7
  899.0   1072   15.4   13.1     86  10.63    105     10  297.5  328.6  299.4
  876.0   1292   14.0   11.8     87  10.02    117      7  298.2  327.6  300.0
  850.0   1547   13.6   11.1     85   9.85    130      4  300.4  329.6  302.2
  838.0   1667   13.4    9.6     78   9.03    117      3  301.4  328.4  303.0
  817.0   1880   11.6    9.3     86   9.07     95      2  301.7  328.8  303.3
  797.0   2088    9.8    9.0     95   9.12    132      4  301.9  329.2  303.6
  786.0   2203   10.6    8.1     85   8.69    152      6  304.0  330.2  305.6
  773.0   2343   10.2    5.2     71   7.22    177      7  305.0  327.1  306.3
  769.0   2386    9.8    5.9     77   7.63    184      7  305.0  328.3  306.4
  748.0   2614    8.2    3.4     72   6.57    225     10  305.7  325.9  306.9
  700.0   3160    4.4   -2.6     60   4.54    195     10  307.3  321.6  308.2
  695.0   3218    4.0   -3.1     60   4.40    190     11  307.6  321.4  308.4
  678.0   3419    2.8   -4.8     57   3.95    200     10  308.4  320.9  309.1
  667.0   3551    2.0   -6.0     55   3.68    192     10  308.9  320.7  309.6
  657.0   3672    0.8   -6.0     60   3.73    185     10  308.9  320.9  309.6
  639.0   3895   -1.3   -6.1     70   3.81    195     10  309.0  321.1  309.7
  612.0   4238   -2.3  -20.3     24   1.25    210     10  311.6  315.9  311.9
  570.0   4798   -6.0  -17.2     41   1.75    235     10  313.7  319.6  314.0
  569.0   4812   -6.1  -17.1     41   1.77    235     10  313.7  319.7  314.1
  566.0   4853   -6.3  -24.3     23   0.95    237     11  314.0  317.3  314.1
  557.0   4978   -7.1  -20.6     33   1.34    240     12  314.5  319.1  314.8
  552.0   5048   -7.5  -18.5     41   1.62    233     13  314.8  320.4  315.1
  547.0   5119   -7.9  -19.2     40   1.54    225     14  315.1  320.4  315.4
  533.0   5320   -9.1  -21.1     37   1.34    215     12  316.1  320.7  316.3
  527.0   5407   -9.7  -28.7     20   0.68    211     11  316.4  318.8  316.5
  526.0   5421   -9.8  -28.5     20   0.70    210     11  316.4  318.9  316.5
  507.0   5704  -12.1  -24.1     36   1.08    214      9  317.0  320.8  317.2
  500.0   5810  -11.9  -29.9     21   0.64    215      8  318.5  320.8  318.6
  494.0   5903  -12.3  -28.3     25   0.76    217      7  319.1  321.8  319.2
  473.0   6233  -15.5  -28.5     32   0.78    222      5  319.1  321.9  319.2
  470.0   6282  -14.9  -35.9     15   0.38    223      5  320.4  321.9  320.5
  465.0   6363  -15.1  -43.1      7   0.18    224      4  321.2  321.9  321.2
  463.0   6395  -15.3  -44.1      7   0.17    225      4  321.3  322.0  321.4
  451.0   6593  -16.3  -50.1      4   0.09    180     10  322.4  322.8  322.4
  442.0   6745  -17.2  -54.7      2   0.05    200     11  323.2  323.5  323.3
  434.0   6883  -17.9  -58.9      1   0.03    203     14  324.0  324.1  324.0
  415.0   7216  -19.9  -61.4      1   0.02    210     20  325.6  325.7  325.6
  400.0   7490  -21.5  -63.5      1   0.02    200     19  327.0  327.0  327.0
  396.0   7563  -21.9  -63.7      1   0.02    195     17  327.4  327.5  327.4
  367.0   8116  -24.9  -64.9      1   0.02    220     24  330.6  330.7  330.6
  341.0   8650  -27.7  -66.1      1   0.02    220     24  333.8  333.8  333.8
  336.0   8758  -28.3  -66.3      1   0.02    214     25  334.4  334.4  334.4
  321.0   9081  -30.8  -66.4      2   0.02    195     27  335.3  335.4  335.3
  300.0   9560  -34.5  -66.5      2   0.02    200     34  336.6  336.7  336.6
  298.0   9607  -35.1  -67.1      2   0.02    200     35  336.4  336.5  336.4
  275.0  10157  -38.6  -68.8      3   0.01    205     31  339.2  339.3  339.2
  269.0  10308  -39.5  -69.2      3   0.01    215     25  340.0  340.0  340.0
  259.0  10568  -41.2  -70.0      3   0.01    230     27  341.3  341.3  341.3
  250.0  10810  -42.7  -70.7      3   0.01    210     27  342.4  342.5  342.4
  245.0  10946  -43.9  -71.9      3   0.01    199     28  342.6  342.7  342.6
  243.0  11000  -44.2  -72.1      3   0.01    195     28  343.0  343.1  343.0
  200.0  12290  -50.9  -75.9      4   0.01    225     36  352.0  352.0  352.0
  196.0  12421  -51.4  -76.9      3   0.01    230     37  353.2  353.2  353.2
  185.0  12795  -53.0  -79.8      2   0.00    225     40  356.6  356.6  356.6
  184.0  12830  -53.1  -80.1      2   0.00    225     39  356.9  356.9  356.9
  171.0  13302  -53.7  -83.7      1   0.00    230     28  363.5  363.5  363.5
  168.0  13414  -54.7  -84.2      1   0.00    240     25  363.7  363.7  363.7
  159.0  13763  -57.8  -85.8      2   0.00    255     25  364.3  364.3  364.3
  153.0  14007  -59.9  -86.9      2   0.00    252     26  364.6  364.6  364.6
  150.0  14130  -61.3                         250     26  364.3         364.3
  144.0  14381  -63.7                         245     31  364.4         364.4
  139.0  14592  -64.9                         240     35  366.0         366.0
  129.0  15036  -67.3                         210     20  369.6         369.6
  122.0  15368  -69.1                         220     11  372.2         372.2
  121.0  15417  -69.4                         225     10  372.5         372.5
  115.0  15720  -71.0                         255     11  374.9         374.9
  105.0  16261  -74.0                         230     28  379.1         379.1
  101.0  16492  -75.3                         225     24  380.9         380.9
  100.0  16550  -74.7                         230     19  383.1         383.1
   98.0  16669  -73.9                         240     18  386.8         386.8
   94.0  16913  -72.4                         195     10  394.5         394.5
   93.8  16925  -72.3                         206      9  394.9         394.9
   91.0  17103  -73.2                           0      0  396.5         396.5
   87.3  17347  -74.5                         272      6  398.7         398.7
   85.0  17504  -73.5                         215     10  403.7         403.7
   82.0  17716  -72.2                         170     10  410.6         410.6
   80.0  17861  -71.3                         130     12  415.3         415.3
   79.5  17898  -71.1                         128     13  416.5         416.5
   78.0  18010  -71.6                         120     16  417.7         417.7
   75.0  18242  -72.7                         100     12  420.2         420.2
   74.4  18290  -72.9                          94     11  420.7         420.7
   74.0  18322  -72.7                          90     10  421.7         421.7
   70.0  18650  -71.1                         280      3  431.9         431.9
   67.0  18909  -71.8                         175     10  435.9         435.9
   66.4  18962  -71.9                         169     12  436.8         436.8
   66.0  18998  -71.6                         165     13  438.1         438.1
   64.0  19182  -70.3                         175     16  444.8         444.8
   62.0  19372  -69.0                         120     14  451.9         451.9
   61.0  19469  -68.3                         115     12  455.5         455.5
   60.0  19568  -67.6                         140     13  459.3         459.3
   58.5  19719  -66.5                         106     16  465.0         465.0
   58.0  19771  -66.5                          95     17  466.2         466.2
   57.0  19876  -66.5                          75     15  468.5         468.5
   54.0  20204  -66.5                          90     12  475.8         475.8
   52.0  20432  -66.5                          80     24  480.9         480.9
   50.0  20670  -66.5                          80     24  486.4         486.4
   49.5  20731  -67.1                          82     25  486.3         486.3
   49.0  20792  -66.6                          85     25  488.9         488.9
   47.0  21046  -64.6                          75     33  499.7         499.7
   46.0  21177  -63.5                          60     27  505.3         505.3
   38.1  22348  -58.1                          87     22  547.0         547.0
   36.0  22706  -57.5                          95     21  557.4         557.4
   33.0  23257  -56.7                          90     18  573.8         573.8
   32.0  23452  -56.4                         105     22  579.6         579.6
   30.0  23860  -55.7                          70     20  592.2         592.2
   28.0  24301  -54.6                          90     27  606.9         606.9
   27.0  24533  -54.1                          95     22  614.8         614.8
   26.0  24777  -52.6                          80     24  625.8         625.8
   24.2  25242  -49.7                          93     15  647.1         647.1
   24.0  25296  -49.7                          95     14  648.6         648.6
   23.0  25575  -49.6                          75      9  656.9         656.9
   22.0  25866  -49.5                          80     11  665.5         665.5
   21.0  26171  -49.4                         125     11  674.7         674.7
   20.0  26490  -49.3                         105     14  684.5         684.5
   19.0  26829  -48.3                         120     14  697.7         697.7
   18.0  27186  -47.2                          85     18  711.9         711.9
   17.0  27563  -46.1                          85     15  727.2         727.2
   16.8  27641  -45.9                                     730.4         730.4
   16.5  27761  -46.1                                     733.5         733.5
