
-----------------------------------------------------------------------------
   PRES   HGHT   TEMP   DWPT   RELH   MIXR   DRCT   SKNT   THTA   THTE   THTV
    hPa     m      C      C      %    g/kg    deg   knot     K      K      K 
-----------------------------------------------------------------------------
 1012.0      5   21.0   10.0     49   7.67    230      4  293.1  315.4  294.5
 1010.0     22   19.6    6.6     43   6.09    225      4  291.9  309.7  293.0
 1000.0    109   19.0    9.0     52   7.25    200      3  292.1  313.2  293.4
  951.0    538   14.8    7.8     63   7.03    293      4  292.1  312.5  293.4
  925.0    772   13.8    3.8     51   5.46    345      5  293.4  309.5  294.4
  901.0    992   12.2    4.1     57   5.72      0      0  294.0  310.9  295.0
  874.0   1247   10.4    4.4     66   6.03     40      6  294.7  312.5  295.8
  865.0   1333   11.0   -4.0     35   3.30     54      8  296.2  306.3  296.8
  858.0   1401   10.6   -3.0     38   3.59     65     10  296.5  307.4  297.1
  850.0   1479   10.2   -1.8     43   3.96     50     11  296.8  308.9  297.5
  847.0   1508   10.0   -2.0     43   3.92     47     10  296.9  308.8  297.6
  845.0   1528   10.0   -2.7     41   3.73     45     10  297.1  308.5  297.7
  819.0   1787    9.4  -11.6     21   1.93    304     10  299.1  305.3  299.5
  808.0   1900   10.0  -19.7     10   1.00    260     10  300.9  304.3  301.1
  794.0   2045   10.8  -30.2      4   0.39    259     12  303.3  304.7  303.4
  760.0   2408    9.6  -35.4      3   0.25    257     15  305.8  306.7  305.9
  736.0   2671    7.5  -29.7      5   0.45    255     18  306.3  307.9  306.4
  700.0   3083    4.2  -20.8     14   1.05    265     24  307.1  310.7  307.3
  695.0   3141    3.8  -21.2     14   1.02    271     25  307.3  310.8  307.5
  692.0   3176    3.7  -22.3     13   0.93    275     26  307.5  310.7  307.7
  626.0   3984    0.6  -47.4      1   0.09    275     32  312.9  313.3  313.0
  624.0   4010    0.5  -47.1      1   0.09    275     32  313.1  313.5  313.1
  561.0   4858   -2.5  -36.5      5   0.30    257     38  319.2  320.4  319.3
  554.0   4957   -3.2  -37.3      5   0.28    255     39  319.6  320.7  319.6
  508.0   5636   -7.8  -42.7      4   0.18    265     45  321.9  322.6  322.0
  500.0   5760   -8.7  -43.7      4   0.16    260     48  322.4  323.0  322.4
  468.0   6269  -11.5  -44.5      5   0.16    260     60  325.0  325.7  325.1
  453.0   6514  -13.4  -45.2      5   0.15    260     66  325.6  326.2  325.7
  400.0   7450  -20.9  -47.9      7   0.13    260     67  327.7  328.3  327.8
  369.0   8038  -25.4  -48.9      9   0.12    255     72  329.4  329.9  329.4
  364.0   8138  -26.2  -49.1     10   0.12    255     72  329.6  330.1  329.6
  357.0   8280  -27.3  -49.3     10   0.12    254     74  330.0  330.5  330.0
  314.0   9192  -33.7  -45.7     29   0.20    247     90  333.4  334.2  333.4
  300.0   9510  -35.9  -49.9     22   0.13    245     96  334.7  335.2  334.7
  293.0   9674  -36.7  -52.7     17   0.10    247    100  335.8  336.2  335.8
  284.0   9891  -36.0  -63.0      5   0.03    250    106  339.8  339.9  339.8
  280.0   9990  -35.7  -67.7      2   0.02    250    106  341.6  341.7  341.6
  250.0  10770  -41.1  -70.1      3   0.01    250    102  344.8  344.9  344.8
  222.0  11566  -48.3  -72.3      5   0.01    246     98  345.7  345.7  345.7
  218.0  11685  -48.8  -73.2      4   0.01    245     97  346.6  346.7  346.6
  200.0  12250  -51.3  -77.3      3   0.01    245    106  351.4  351.4  351.4
  194.0  12443  -52.6  -78.1      3   0.00    245    108  352.4  352.4  352.4
  169.0  13319  -58.4  -81.9      3   0.00    245     89  356.9  356.9  356.9
  163.0  13548  -59.9  -82.9      3   0.00    245     91  358.1  358.1  358.1
  150.0  14060  -63.9                         245     95  359.8         359.8
  149.0  14101  -64.3                         245     95  359.8         359.8
  147.0  14183  -64.6                         245     95  360.7         360.7
  134.0  14747  -66.7                         258     67  366.6         366.6
  132.0  14837  -67.1                         260     63  367.5         367.5
  123.0  15258  -69.0                         265     69  371.5         371.5
  109.0  15980  -72.3                         245     52  378.4         378.4
  100.0  16490  -70.3                         240     50  391.6         391.6
   92.9  16925  -72.3                         214     24  396.0         396.0
   92.0  16983  -72.0                         210     20  397.7         397.7
   90.0  17115  -71.4                         225     15  401.4         401.4
   89.0  17181  -71.1                         250     15  403.3         403.3
   84.0  17527  -69.5                         200      7  413.3         413.3
   82.0  17671  -68.8                         230     11  417.5         417.5
   79.0  17894  -67.8                         180     10  424.2         424.2
   77.0  18048  -67.0                         175     14  428.8         428.8
   73.0  18367  -65.6                         130     11  438.5         438.5
   71.3  18508  -64.9                         130     11  442.9         442.9
   71.0  18534  -64.9                         130     11  443.4         443.4
   70.0  18620  -64.9                         125     13  445.2         445.2
   67.0  18886  -65.3                          90     10  449.9         449.9
   66.0  18977  -65.5                         105     14  451.5         451.5
   63.2  19241  -65.9                          77     13  456.2         456.2
   62.0  19358  -65.4                          65     13  459.7         459.7
   58.0  19768  -63.8                         105     21  472.3         472.3
   55.0  20094  -62.5                         110     23  482.5         482.5
   51.2  20533  -60.7                          82     27  496.6         496.6
   51.0  20557  -60.8                          80     27  497.0         497.0
   50.0  20680  -61.1                          80     26  499.1         499.1
   49.0  20807  -60.9                          90     22  502.4         502.4
   46.0  21204  -60.3                          75     29  513.1         513.1
   45.0  21342  -60.1                          70     23  516.8         516.8
   44.0  21483  -59.9                          90     20  520.7         520.7
   42.0  21776  -59.4                         105     24  528.8         528.8
   38.0  22405  -58.4                          80     37  546.6         546.6
   35.0  22921  -57.6                          85     26  561.7         561.7
   31.0  23684  -56.4                          95     36  584.7         584.7
   30.0  23890  -56.1                          90     36  591.1         591.1
   29.0  24107  -55.8                          85     43  597.6         597.6
   25.0  25055  -54.7                          80     39  626.9         626.9
   22.0  25871  -53.6                          90     37  653.2         653.2
   20.0  26480  -52.9                          80     35  673.5         673.5
   19.7  26577  -52.7                                     677.0         677.0
