
-----------------------------------------------------------------------------
   PRES   HGHT   TEMP   DWPT   RELH   MIXR   DRCT   SKNT   THTA   THTE   THTV
    hPa     m      C      C      %    g/kg    deg   knot     K      K      K 
-----------------------------------------------------------------------------
 1016.0      5   26.4   21.4     74  16.07    145     13  298.2  345.1  301.1
 1000.0    144   24.8   20.4     77  15.33    140     19  297.9  342.6  300.7
  931.0    768   19.0   18.9     99  14.99    140     25  298.2  341.9  300.9
  925.0    824   18.6   18.6    100  14.80    140     26  298.3  341.5  301.0
  889.0   1165   17.2   17.2    100  14.09    128     26  300.3  341.7  302.8
  850.0   1548   15.4   14.0     91  11.96    115     25  302.3  337.9  304.4
  819.0   1863   14.2   11.6     84  10.58    104     22  304.2  336.1  306.2
  809.0   1967   14.8   10.0     73   9.62    100     21  305.9  335.1  307.7
  755.0   2549   10.6    8.3     86   9.18     78     15  307.5  335.6  309.2
  744.0   2671   10.0    6.4     78   8.17     74     13  308.1  333.3  309.6
  729.0   2841   10.6   -8.4     25   2.80     68     12  310.6  319.7  311.1
  719.0   2956   10.4   -9.6     23   2.58     63     10  311.6  320.1  312.1
  713.0   3025    9.6    1.6     57   6.06     61     10  311.4  330.6  312.6
  700.0   3178    8.2    2.2     66   6.45     55      8  311.5  331.9  312.8
  695.0   3237    7.8    2.8     71   6.78     53      8  311.7  333.1  313.0
  690.0   3297    8.0   -3.0     46   4.47     52      8  312.6  327.0  313.4
  668.0   3564    6.6  -14.4     21   1.89     45      9  313.9  320.3  314.3
  592.0   4545    0.2   -2.1     85   5.57     18     10  317.5  335.6  318.6
  514.0   5665   -7.3   -9.8     82   3.55    346     13  321.5  333.5  322.2
  500.0   5880   -8.3   -9.9     88   3.63    340     13  322.9  335.1  323.6
  492.0   6005   -9.1  -10.4     90   3.54    339     14  323.4  335.4  324.1
  474.0   6294   -9.3  -17.3     52   2.09    335     15  326.6  334.0  327.0
  435.0   6954  -13.3  -17.7     69   2.20    328     19  329.6  337.4  330.1
  408.0   7441  -15.9  -23.9     50   1.37    322     21  332.4  337.4  332.6
  400.0   7590  -17.1  -24.1     55   1.37    320     22  332.7  337.7  332.9
  390.0   7780  -18.3  -22.0     73   1.69    322     23  333.5  339.7  333.9
  350.0   8580  -23.3  -33.3     39   0.66    329     28  337.2  339.8  337.4
  300.0   9690  -31.1  -38.1     50   0.48    340     35  341.4  343.4  341.5
  287.0  10001  -33.3  -39.3     55   0.44    332     37  342.6  344.4  342.7
  250.0  10950  -41.9  -47.9     52   0.20    305     44  343.6  344.5  343.7
  200.0  12420  -54.5  -61.5     42   0.05    310     50  346.3  346.5  346.3
  182.0  13015  -59.9  -66.9     40   0.03    302     55  347.0  347.1  347.0
  159.0  13842  -67.9                         291     63  347.1         347.1
  157.0  13918  -68.3                         290     64  347.6         347.6
  150.0  14190  -69.9                         285     61  349.5         349.5
  139.0  14641  -72.5                         284     52  352.6         352.6
  135.0  14814  -71.3                         284     49  357.7         357.7
  100.0  16570  -76.3                         280     13  380.1         380.1
   99.4  16605  -76.3                         275     12  380.7         380.7
   98.0  16686  -76.5                         255     10  382.0         382.0
   93.8  16938  -76.9                         265      6  385.9         385.9
   90.0  17178  -76.2                         275      2  392.0         392.0
   82.0  17719  -74.5                         110      8  406.0         406.0
   78.0  18010  -73.5                          75      7  413.7         413.7
   72.0  18475  -72.1                         145     11  426.4         426.4
   71.2  18540  -71.9                         145     11  428.1         428.1
   70.0  18640  -72.3                         145     12  429.4         429.4
   66.2  18967  -73.1                         133     13  434.6         434.6
   64.0  19169  -71.7                         125     13  441.8         441.8
   61.0  19455  -69.8                          85     17  452.2         452.2
   56.0  19966  -66.3                         115     21  471.3         471.3
   52.8  20318  -63.9                          83     21  484.9         484.9
   52.0  20411  -64.1                          75     21  486.5         486.5
   50.0  20650  -64.7                          70     19  490.6         490.6
   39.0  22197  -61.9                         100     19  533.8         533.8
   36.0  22695  -61.0                          70     20  548.5         548.5
   32.0  23428  -59.6                          90     26  570.9         570.9
   30.0  23830  -58.9                          80     24  583.5         583.5
   29.6  23914  -58.9                          78     23  585.7         585.7
   29.0  24044  -58.4                          75     22  590.6         590.6
   25.3  24908  -54.9                          89     32  624.0         624.0
   25.0                                        90     33                     
