
-----------------------------------------------------------------------------
   PRES   HGHT   TEMP   DWPT   RELH   MIXR   DRCT   SKNT   THTA   THTE   THTV
    hPa     m      C      C      %    g/kg    deg   knot     K      K      K 
-----------------------------------------------------------------------------
 1014.0      5   19.0    8.0     49   6.68    240     11  291.0  310.3  292.2
 1000.0    127   17.0    7.0     52   6.32    240     12  290.1  308.4  291.3
  993.0    187   16.2    6.2     52   6.02    239     12  289.9  307.3  291.0
  955.0    516   13.7    4.5     54   5.58    235     13  290.7  306.9  291.7
  947.0    588   13.2    4.2     54   5.49    239     12  290.8  306.8  291.8
  935.0    695   15.8   -9.2     17   2.05    245     10  294.6  300.9  294.9
  925.0    786   15.4   -9.6     17   2.00    250      9  295.1  301.3  295.4
  920.0    832   15.4   -7.6     20   2.36    255      7  295.5  302.8  295.9
  908.0    942   14.4   -5.7     24   2.76    295      5  295.6  304.1  296.1
  900.0   1016   13.7   -4.5     28   3.06    330      5  295.6  305.1  296.2
  880.0   1205   12.0   -1.2     40   3.98    355     10  295.8  307.8  296.5
  859.0   1407   10.2    2.2     58   5.25    350     11  295.9  311.6  296.9
  858.0   1417   10.2    1.6     55   5.02    350     11  296.1  311.1  296.9
  850.0   1495   10.4   -3.6     37   3.46    335     10  297.0  307.6  297.6
  847.0   1524   10.4   -6.6     30   2.77    329     10  297.3  305.9  297.8
  821.0   1783    9.4  -18.2     12   1.11    280      9  299.0  302.6  299.2
  799.0   2009    8.6  -28.4      5   0.46    277     12  300.4  302.0  300.5
  756.0   2461    6.0  -29.7      6   0.43    270     17  302.4  303.9  302.5
  707.0   3009    2.9  -31.4      6   0.40    300     23  304.8  306.2  304.8
  700.0   3090    2.4  -31.6      6   0.39    300     22  305.1  306.5  305.2
  640.0   3808   -1.3  -43.3      2   0.13    287     28  308.8  309.3  308.9
  591.0   4429   -6.0  -46.6      2   0.10    275     33  310.5  310.9  310.5
  539.0   5147  -11.3  -50.5      2   0.07    285     40  312.4  312.6  312.4
  534.0   5220  -11.9  -50.9      2   0.07    284     41  312.5  312.8  312.6
  500.0   5720  -14.7  -54.7      2   0.05    280     51  315.1  315.2  315.1
  483.0   5982  -15.9  -51.9      3   0.07    278     52  316.7  317.0  316.7
  479.0   6045  -16.1  -29.1     32   0.72    278     52  317.2  319.8  317.4
  466.0   6252  -17.9  -29.9     34   0.69    277     52  317.5  320.0  317.6
  452.0   6480  -18.8  -23.0     70   1.34    275     53  319.1  323.8  319.4
  451.0   6497  -18.9  -22.5     73   1.40    275     53  319.2  324.1  319.5
  446.0   6580  -18.7  -22.8     70   1.38    275     56  320.5  325.4  320.7
  440.0   6682  -16.3  -19.9     74   1.80    275     58  324.8  331.1  325.1
  434.0   6786  -15.7  -21.7     60   1.56    275     61  326.8  332.4  327.1
  408.0   7252  -17.7  -25.7     50   1.16    275     72  330.0  334.3  330.3
  400.0   7400  -18.7  -24.7     59   1.30    275     76  330.6  335.4  330.9
  395.0   7492  -19.4  -26.0     56   1.17    275     77  330.8  335.2  331.1
  358.0   8215  -25.1  -36.1     35   0.49    280     70  332.7  334.6  332.8
  323.0   8952  -31.3  -37.3     55   0.48    277     80  334.0  335.9  334.1
  300.0   9470  -35.7  -42.7     49   0.30    275     88  334.9  336.1  335.0
  253.0  10629  -44.5  -51.5     45   0.13    270    113  338.6  339.2  338.7
  250.0  10710  -45.1  -52.1     45   0.12    270    113  338.9  339.4  338.9
  238.0  11036  -47.7  -55.7     39   0.08    271    115  339.8  340.1  339.8
  218.0  11609  -52.3  -56.4     61   0.08    273    118  341.3  341.6  341.3
  200.0  12160  -57.1  -62.1     53   0.04    275    121  342.2  342.4  342.2
  191.0  12450  -59.2  -64.2     52   0.04    270    124  343.4  343.5  343.4
  188.0  12550  -59.9  -64.9     52   0.03    270    121  343.8  343.9  343.8
  185.0  12651  -60.7  -66.8     44   0.03    271    118  344.1  344.2  344.1
  176.0  12962  -60.9  -72.8     19   0.01    272    108  348.7  348.7  348.7
  163.0  13442  -59.9  -81.9      4   0.00    275     93  358.1  358.1  358.1
  162.0  13480  -60.1                         275     92  358.4         358.4
  155.0  13756  -61.2                         275     94  361.0         361.0
  150.0  13960  -62.1                         280     96  362.9         362.9
  143.0  14249  -63.5                         280    102  365.4         365.4
  120.0  15309  -68.8                         260     82  374.6         374.6
  114.0  15619  -70.3                         265     77  377.2         377.2
  100.0  16400  -67.7                         270     52  396.7         396.7
   97.3  16565  -65.5                         272     50  404.1         404.1
   88.0  17171  -68.0                         280     41  410.9         410.9
   85.4  17352  -68.7                         270     35  412.9         412.9
   84.0  17451  -68.8                         255     33  414.6         414.6
   79.5  17780  -69.3                         282     37  420.2         420.2
   79.0  17818  -69.0                         285     37  421.6         421.6
   72.0  18379  -64.6                         260     33  442.2         442.2
   70.0  18550  -63.3                         260     32  448.6         448.6
   69.2  18621  -62.3                         263     32  452.2         452.2
   64.0  19103  -63.5                         285     29  459.8         459.8
   61.6  19339  -64.1                         303     24  463.5         463.5
   60.2  19481  -61.9                         313     21  471.5         471.5
   60.0  19501  -62.0                         315     21  471.8         471.8
   56.0  19925  -63.8                         275     24  477.1         477.1
   52.0  20380  -65.7                         260     10  482.9         482.9
   51.1  20488  -66.1                         314      5  484.3         484.3
   51.0  20499  -66.1                         320      4  484.6         484.6
   50.0  20620  -65.9                          15     10  487.8         487.8
   48.0  20867  -66.0                          10     15  493.1         493.1
   47.3  20956  -66.1                         355     16  495.1         495.1
   45.0  21261  -64.0                         305     21  507.2         507.2
   43.0  21539  -62.2                         265     16  518.4         518.4
   42.0  21683  -61.2                         265      7  524.3         524.3
   41.5  21756  -60.7                         252      8  527.4         527.4
   40.0  21986  -60.4                         210     11  533.6         533.6
   39.0  22144  -60.2                         195     10  538.0         538.0
   37.0  22472  -59.9                         345      1  547.1         547.1
   36.0  22643  -59.6                         255     10  551.9         551.9
   34.0  23000  -59.2                         255     10  562.1         562.1
   33.0  23186  -59.0                         200     10  567.5         567.5
   32.0  23378  -58.8                         195     10  573.1         573.1
   30.0  23780  -58.3                         150      6  585.1         585.1
   29.0  23995  -58.0                         160     10  591.5         591.5
   27.0  24447  -57.5                          83      5  605.2         605.2
   25.0  24943  -54.9                           0      0  626.2         626.2
   23.0  25481  -52.0                          25     10  649.7         649.7
   22.0  25768  -50.5                          10     10  662.5         662.5
   20.0  26390  -51.9                          65      7  676.6         676.6
   19.0  26722  -51.8                          45     10  686.9         686.9
   18.0  27073  -51.6                         345      7  698.0         698.0
   17.0  27443  -51.5                         280     17  710.0         710.0
   16.9  27482  -51.5                                     711.2         711.2
