
-----------------------------------------------------------------------------
   PRES   HGHT   TEMP   DWPT   RELH   MIXR   DRCT   SKNT   THTA   THTE   THTV
    hPa     m      C      C      %    g/kg    deg   knot     K      K      K 
-----------------------------------------------------------------------------
 1019.0      5   18.8    0.8     30   4.00    255      6  290.4  302.2  291.1
 1000.0    166   17.0    0.0     32   3.84    235      4  290.1  301.5  290.8
  969.0    434   15.6   -5.4     23   2.65    256      7  291.4  299.4  291.8
  946.0    638   16.4   -4.6     23   2.88    272      9  294.2  303.0  294.7
  928.0    801   15.4   -4.8     25   2.90    285     11  294.8  303.6  295.3
  925.0    828   15.2   -4.8     25   2.91    285     11  294.8  303.8  295.4
  864.0   1400   11.3   -7.9     25   2.46    285     12  296.6  304.3  297.1
  850.0   1537   10.4   -8.6     25   2.36    275     14  297.0  304.4  297.4
  825.0   1782    8.8  -12.5     21   1.78    245     16  297.9  303.6  298.2
  788.0   2159    6.3  -18.5     15   1.14    255     17  299.2  302.9  299.4
  764.0   2413    4.7  -22.5     12   0.83    280     20  300.0  302.8  300.2
  746.0   2609    3.4  -25.6     10   0.64    283     20  300.7  302.9  300.8
  711.0   2998    1.4  -30.6      7   0.42    288     21  302.6  304.1  302.7
  700.0   3123    0.6  -26.4     11   0.64    290     21  303.1  305.3  303.2
  665.0   3532   -2.1  -25.1     15   0.75    275     27  304.6  307.2  304.7
  652.0   3688   -2.5  -18.5     28   1.37    270     29  305.8  310.4  306.1
  643.0   3798   -3.1   -7.0     74   3.53    266     31  306.4  317.6  307.0
  641.0   3823   -3.3   -7.0     76   3.54    265     31  306.4  317.6  307.0
  615.0   4148   -6.3   -7.1     94   3.67    265     33  306.6  318.2  307.3
  580.0   4605   -7.7  -10.5     80   2.98    265     36  310.1  319.8  310.7
  535.0   5227  -12.7  -14.7     85   2.30    265     40  311.4  319.0  311.9
  507.0   5635  -14.9  -20.9     60   1.43    265     42  313.6  318.5  313.8
  500.0   5740  -15.9  -20.9     65   1.45    265     43  313.6  318.6  313.9
  499.0   5755  -16.0  -20.9     66   1.46    265     43  313.6  318.6  313.9
  475.0   6127  -18.5  -21.2     79   1.49    266     58  315.0  320.1  315.3
  462.0   6335  -16.9  -30.9     29   0.63    267     67  319.5  321.8  319.6
  451.0   6517  -15.5  -52.5      3   0.07    268     75  323.5  323.8  323.5
  413.0   7179  -18.4  -55.4      2   0.05    270    102  327.9  328.1  327.9
  400.0   7420  -19.5  -56.5      2   0.05    270    104  329.6  329.8  329.6
  375.0   7896  -21.5  -57.5      2   0.04    271    107  333.0  333.2  333.1
  332.0   8779  -28.1  -53.1      7   0.08    273    112  335.8  336.2  335.8
  313.0   9199  -29.5  -59.5      4   0.04    274    115  339.5  339.7  339.6
  300.0   9500  -31.5  -60.5      4   0.04    275    117  340.9  341.0  340.9
  262.0  10448  -37.5  -69.5      2   0.01    275    115  345.5  345.6  345.5
  250.0  10770  -40.3  -69.3      3   0.01    275    114  346.0  346.1  346.0
  216.0  11740  -47.9  -73.0      4   0.01    280    120  349.0  349.0  349.0
  200.0  12250  -51.9  -74.9      5   0.01    280    114  350.4  350.5  350.4
  183.0  12820  -57.3  -75.3      8   0.01    280    110  350.7  350.7  350.7
  177.0  13030  -58.2  -76.2      8   0.01    280    109  352.6  352.6  352.6
  166.0  13434  -59.9  -77.9      8   0.01    282    112  356.2  356.2  356.2
  150.0  14060  -65.9                         285    118  356.4         356.4
  144.0  14307  -67.0                         280    122  358.7         358.7
  139.0  14520  -67.9                         270    118  360.7         360.7
  121.0  15355  -67.3                         265     85  376.4         376.4
  114.0  15716  -64.3                         262     71  388.4         388.4
  108.0  16044  -66.0                         260     58  391.3         391.3
  100.0  16510  -68.3                         275     42  395.5         395.5
   95.8  16768  -66.5                         283     41  403.9         403.9
   92.0  17011  -67.5                         290     40  406.7         406.7
   86.0  17415  -69.0                         260     33  411.4         411.4
   80.9  17781  -70.5                         271     31  415.7         415.7
   79.0  17922  -70.3                         275     30  418.8         418.8
   76.2  18136  -70.1                         275     35  423.7         423.7
   73.0  18395  -66.0                         275     40  437.6         437.6
   71.6  18512  -64.1                         261     35  444.0         444.0
   70.0  18650  -64.3                         245     29  446.5         446.5
   69.0  18738  -63.9                         230     24  449.1         449.1
   67.8  18846  -63.5                         238     22  452.3         452.3
   66.0  19012  -63.1                         250     19  456.6         456.6
   64.0  19202  -62.7                         235     17  461.6         461.6
   61.0  19498  -62.0                         250     10  469.4         469.4
   59.0  19703  -61.6                         280      4  475.0         475.0
   58.7  19735  -61.5                         282      4  475.8         475.8
   55.0  20135  -64.4                         310     10  478.1         478.1
   53.9  20259  -65.3                         277     10  478.8         478.8
   53.0  20362  -64.5                         250     10  482.9         482.9
   50.0  20720  -61.9                         240     17  497.2         497.2
   46.0  21240  -60.2                         280     15  513.2         513.2
   43.0  21661  -58.9                         250     15  526.5         526.5
   42.6  21720  -58.7                         241     14  528.4         528.4
   41.0  21960  -59.1                         205     10  533.3         533.3
   40.0  22115  -59.3                           0      0  536.5         536.5
   38.0  22436  -59.8                         260     10  543.1         543.1
   37.5  22519  -59.9                         265     10  544.9         544.9
   36.0  22775  -59.6                         280     10  552.0         552.0
   35.0  22952  -59.5                         265     10  556.9         556.9
   31.1  23693  -58.7                         219      5  578.0         578.0
   30.0  23920  -57.5                         205      3  587.3         587.3
   28.0  24362  -56.2                           5     10  602.5         602.5
   27.0  24595  -55.6                         350     14  610.6         610.6
   26.0  24837  -54.9                           5     16  619.2         619.2
   22.0  25908  -51.8                         300     30  658.6         658.6
   21.0  26206  -51.0                         270     25  669.9         669.9
   20.9  26237  -50.9                                     671.1         671.1
