
-----------------------------------------------------------------------------
   PRES   HGHT   TEMP   DWPT   RELH   MIXR   DRCT   SKNT   THTA   THTE   THTV
    hPa     m      C      C      %    g/kg    deg   knot     K      K      K 
-----------------------------------------------------------------------------
 1026.0      5   16.6   16.1     97  11.34    205      6  287.6  319.3  289.6
 1009.0    148   15.4   14.6     95  10.46    165     11  287.8  317.2  289.6
 1000.0    224   14.8   13.8     94  10.01    155     13  287.9  316.1  289.7
  954.0    622   13.1   12.4     96   9.57     85     11  290.1  317.3  291.8
  925.0    883   12.0   11.5     97   9.29     90     14  291.6  318.1  293.2
  916.0    965   11.6   10.9     96   9.04     85     14  292.0  317.9  293.6
  900.0   1111   11.0    9.9     93   8.60    100     17  292.8  317.6  294.3
  880.0   1299   10.1    8.7     91   8.06     90     17  293.8  317.2  295.2
  859.0   1500    9.2    7.3     88   7.52    100     17  294.9  316.9  296.2
  850.0   1588    8.8    6.7     87   7.29     85     20  295.4  316.7  296.6
  839.0   1695    8.2    6.0     86   7.03     75     16  295.8  316.5  297.1
  813.0   1954    6.7    4.3     85   6.44     90     16  296.9  316.0  298.0
  797.0   2118    5.7    3.2     84   6.08     65     13  297.6  315.7  298.7
  782.0   2274    4.8    2.2     83   5.76     85     10  298.2  315.5  299.3
  778.0   2316    4.6    1.9     83   5.67     79     10  298.4  315.4  299.4
  771.0   2390    4.4    3.1     91   6.24     69     10  299.0  317.7  300.1
  765.0   2454    4.8   -0.2     70   4.95     61     10  300.1  315.1  301.0
  760.0   2507    5.0   -7.0     42   2.99     53     10  300.8  310.2  301.4
  751.0   2604    4.6   -9.0     37   2.59     40     10  301.4  309.7  301.9
  741.0   2713    4.2  -11.2     32   2.21    315      3  302.1  309.2  302.6
  700.0   3175    2.4  -20.6     16   1.07    235      7  305.1  308.7  305.3
  620.0   4149   -2.1  -33.1      7   0.38    307      9  310.7  312.1  310.8
  602.0   4380   -3.8  -36.4      6   0.28    325     10  311.4  312.4  311.4
  567.0   4851   -7.3  -43.1      4   0.15    285     10  312.7  313.3  312.7
  555.0   5019   -8.5  -45.5      3   0.12    297     12  313.1  313.6  313.2
  538.0   5258  -10.4  -40.5      6   0.21    315     14  313.6  314.4  313.7
  505.0   5744  -14.3  -30.3     24   0.61    324     15  314.6  316.9  314.8
  500.0   5820  -14.9  -23.9     46   1.12    325     15  314.8  318.7  315.0
  484.0   6064  -16.9  -20.2     76   1.60    336     19  315.3  320.8  315.6
  478.0   6157  -17.5  -21.4     72   1.45    340     21  315.6  320.6  315.9
  458.0   6475  -19.7  -25.7     59   1.04    329     19  316.8  320.5  317.0
  425.0   7021  -25.0  -27.5     79   0.94    310     15  316.9  320.3  317.1
  417.0   7160  -26.3  -28.0     86   0.92    308     19  316.9  320.2  317.1
  412.0   7247  -25.3  -36.3     35   0.42    307     22  319.3  320.9  319.4
  400.0   7460  -26.9  -38.9     31   0.33    305     29  319.9  321.2  320.0
  389.0   7661  -28.5  -44.5     20   0.19    298     34  320.4  321.1  320.4
  377.0   7885  -29.7  -39.7     37   0.32    290     39  321.7  322.9  321.8
  368.0   8058  -29.3  -47.3     16   0.15    287     43  324.5  325.1  324.5
  347.0   8478  -29.9  -52.6      9   0.08    280     54  329.2  329.5  329.2
  333.0   8772  -30.3  -56.3      6   0.06    283     80  332.5  332.7  332.5
  325.0   8946  -28.6  -62.0      3   0.03    285     95  337.1  337.3  337.2
  319.0   9080  -27.3  -66.3      1   0.02    285     97  340.8  340.8  340.8
  300.0   9520  -30.7  -65.7      2   0.02    285    104  342.0  342.1  342.0
  272.0  10203  -35.8  -68.1      2   0.01    285    105  344.4  344.4  344.4
  250.0  10790  -40.1  -70.1      3   0.01    285    100  346.3  346.4  346.3
  200.0  12270  -51.1  -78.1      3   0.00    290     93  351.7  351.7  351.7
  166.0  13459  -57.7  -83.2      3   0.00    290     86  359.9  359.9  359.9
  156.0  13856  -59.9  -84.9      2   0.00    276     76  362.6  362.6  362.6
  155.0  13896  -60.2                         275     75  362.8         362.8
  150.0  14100  -61.7                         275     72  363.6         363.6
  134.0  14779  -66.5                         270     57  366.9         366.9
  125.0  15198  -69.5                         285     48  368.8         368.8
  118.0  15545  -72.0                         300     47  370.4         370.4
  114.0  15753  -73.5                         300     51  371.3         371.3
  110.0  15964  -69.5                         297     47  382.6         382.6
  100.0  16530  -71.3                         290     37  389.7         389.7
   93.0  16961  -71.1                         275     26  398.3         398.3
   88.0  17290  -70.9                         295     14  404.9         404.9
   87.0  17358  -70.9                         305     11  406.3         406.3
   85.0  17496  -70.8                         325     14  409.2         409.2
   81.0  17782  -70.7                         310     21  415.1         415.1
   76.0  18161  -70.5                         280     13  423.1         423.1
   70.0  18650  -70.3                         290     14  433.7         433.7
   61.0  19466  -69.7                         241     10  452.4         452.4
   50.0  20660  -65.5                         170      5  488.7         488.7
   36.6  22604  -56.9                         225     12  556.4         556.4
   32.7  23316  -59.3                         245     15  568.2         568.2
   30.0  23860  -57.5                         260     17  587.3         587.3
   29.5  23966  -55.9                         261     18  594.5         594.5
   29.0  24075  -56.5                         263     18  595.8         595.8
   23.2  25491  -55.7                         279     27  637.3         637.3
   21.6  25951  -50.1                         284     29  667.2         667.2
   20.0  26450  -52.3                         290     32  675.3         675.3
   18.3  27022  -54.3                                     686.4         686.4
   17.5  27308  -53.9                                     696.5         696.5
