
-----------------------------------------------------------------------------
   PRES   HGHT   TEMP   DWPT   RELH   MIXR   DRCT   SKNT   THTA   THTE   THTV
    hPa     m      C      C      %    g/kg    deg   knot     K      K      K 
-----------------------------------------------------------------------------
 1015.0      5   22.4   15.4     65  10.95    145      7  294.3  325.9  296.2
 1010.0     48   20.8   13.8     64   9.91    147      8  293.1  321.6  294.9
 1000.0    134   20.0   14.0     68  10.14    150     11  293.1  322.3  294.9
  937.0    690   14.9   12.9     88  10.11    135     11  293.5  322.6  295.3
  928.0    773   14.2   12.8     91  10.10    142     10  293.6  322.6  295.3
  925.0    800   14.2   12.6     90  10.00    145      9  293.8  322.6  295.6
  869.0   1324   11.1    9.9     93   8.91    215      3  295.9  321.9  297.5
  850.0   1510   10.0    9.0     94   8.54    285      6  296.6  321.6  298.1
  846.0   1549    9.8    8.2     90   8.13    288      7  296.8  320.7  298.2
  838.0   1629   10.7    6.7     76   7.39    295     10  298.5  320.5  299.9
  828.0   1729   11.8    4.8     62   6.55    298     12  300.7  320.5  301.9
  810.0   1913   11.0    1.0     50   5.11    303     16  301.8  317.4  302.7
  784.0   2184    8.7    3.5     70   6.32    310     21  302.1  321.3  303.3
  783.0   2195    8.6    3.6     71   6.37    310     21  302.1  321.5  303.3
  767.0   2365    8.6   -3.4     43   3.90    304     24  303.9  316.1  304.6
  754.0   2505    7.3   -4.5     43   3.65    300     27  304.0  315.5  304.7
  701.0   3100    1.9   -9.1     44   2.75    290     31  304.4  313.2  304.9
  700.0   3112    1.8   -9.2     44   2.73    290     31  304.4  313.2  304.9
  674.0   3416   -1.1  -11.1     47   2.44    270     29  304.5  312.4  305.0
  670.0   3463   -0.7  -17.7     26   1.43    267     29  305.5  310.2  305.7
  669.0   3475   -0.9  -17.9     26   1.41    267     29  305.4  310.1  305.6
  651.0   3694    1.2  -34.8      5   0.31    252     27  310.1  311.3  310.2
  648.0   3730    0.9  -35.1      5   0.30    250     27  310.3  311.4  310.3
  522.0   5429  -11.1  -49.1      3   0.08    250     38  315.5  315.9  315.6
  518.0   5488   -9.9  -49.9      2   0.08    250     38  317.7  318.0  317.7
  500.0   5760  -11.9  -46.9      4   0.11    250     40  318.5  318.9  318.5
  473.0   6182  -15.3  -54.3      2   0.05    251     42  319.4  319.6  319.4
  400.0   7430  -22.5  -60.5      2   0.03    255     48  325.7  325.8  325.7
  389.0   7635  -23.1  -65.1      1   0.02    256     48  327.5  327.6  327.5
  328.0   8853  -33.5  -63.5      3   0.02    260     51  329.6  329.7  329.6
  314.0   9164  -36.1  -63.1      4   0.03    262     50  330.1  330.2  330.1
  300.0   9480  -38.3  -65.3      4   0.02    265     48  331.3  331.4  331.3
  278.0   9995  -42.1  -68.0      4   0.01    270     46  333.0  333.1  333.0
  261.0  10422  -45.3  -70.3      4   0.01    264     59  334.4  334.5  334.4
  250.0  10710  -43.9  -72.9      3   0.01    260     68  340.7  340.7  340.7
  200.0  12180  -51.9  -77.9      3   0.00    265    102  350.4  350.4  350.4
  192.0  12441  -53.8  -79.1      3   0.00    265    105  351.5  351.6  351.5
  168.0  13295  -59.9  -82.9      3   0.00    261     99  355.0  355.0  355.0
  165.0  13407  -60.9                         260     98  355.2         355.2
  164.0  13445  -61.0                         260     98  355.6         355.6
  150.0  14000  -62.7                         255     77  361.9         361.9
  146.0  14164  -63.4                         260     69  363.6         363.6
  115.0  15609  -69.1                         280     49  378.6         378.6
  114.0  15662  -69.3                         278     48  379.1         379.1
  110.0  15877  -66.5                         268     46  388.3         388.3
  109.0  15932  -66.7                         265     45  388.9         388.9
  106.0  16099  -67.2                         255     40  391.1         391.1
  100.0  16450  -68.3                         260     26  395.5         395.5
   94.0  16819  -71.1                         300     20  397.0         397.0
   92.4  16922  -71.9                         300     23  397.4         397.4
   86.0  17348  -71.1                         265     23  407.2         407.2
   82.0  17631  -70.6                         295     23  413.8         413.8
   80.0  17778  -70.4                         280     10  417.2         417.2
   78.0  17929  -70.1                         275      4  420.8         420.8
   76.4  18052  -69.9                         292      4  423.8         423.8
   72.6  18358  -68.3                         332      3  433.4         433.4
   71.2  18476  -64.7                         348      3  443.5         443.5
   71.0  18493  -64.8                         350      3  443.7         443.7
   70.0  18580  -65.1                          70      7  444.8         444.8
   69.0  18667  -65.8                          55     10  445.1         445.1
   68.0  18755  -66.5                          40     12  445.4         445.4
   66.0  18935  -68.0                          65     10  446.0         446.0
   64.8  19045  -68.9                          71      8  446.4         446.4
   64.0  19120  -68.5                          75      7  448.7         448.7
   61.0  19411  -67.2                          60      8  457.9         457.9
   59.0  19613  -66.3                          75     15  464.4         464.4
   54.0  20150  -63.8                          40     13  482.0         482.0
   52.3  20344  -62.9                          57     11  488.5         488.5
   50.0  20620  -62.9                          80      9  494.8         494.8
   47.0  21003  -62.2                         120     15  505.4         505.4
   41.0  21847  -60.6                          90     25  529.4         529.4
   39.2  22124  -60.1                          90     27  537.5         537.5
   37.0  22486  -59.5                          90     29  548.0         548.0
   32.0  23396  -58.0                          90     18  575.3         575.3
   31.0  23595  -57.6                          80     16  581.4         581.4
   30.0  23800  -57.3                          75     18  587.8         587.8
   26.0  24707  -56.0                          80     23  615.9         615.9
   25.0  24955  -55.7                         105     21  623.9         623.9
   22.0  25765  -54.6                          90     18  650.4         650.4
   21.8  25823  -54.5                          94     19  652.3         652.3
   21.0  26060  -55.3                         110     24  657.0         657.0
   20.0  26370  -56.3                          95     27  663.1         663.1
   19.7  26466  -56.7                          94     27  664.7         664.7
   19.0  26698  -56.0                          90     26  673.7         673.7
   18.0  27046  -55.0                          70     17  687.4         687.4
   17.0  27413  -54.0                         110     22  702.1         702.1
   15.0  28218  -51.6                         110     23  735.4         735.4
   14.1  28615  -50.5                                     752.4         752.4
