
-----------------------------------------------------------------------------
   PRES   HGHT   TEMP   DWPT   RELH   MIXR   DRCT   SKNT   THTA   THTE   THTV
    hPa     m      C      C      %    g/kg    deg   knot     K      K      K 
-----------------------------------------------------------------------------
 1029.0      5   15.6   13.7     88   9.66    195      7  286.4  313.4  288.1
 1010.0    163   15.6   13.4     87   9.63    160     13  287.9  315.0  289.6
 1001.0    240   15.6   13.2     86   9.61    156     16  288.7  315.8  290.3
 1000.0    248   15.6   13.2     86   9.62    155     16  288.8  315.9  290.4
  950.0    681   12.8   12.1     95   9.42    140     29  290.2  317.0  291.9
  932.0    842   11.8   11.7     99   9.35    140     28  290.7  317.4  292.4
  925.0    905   11.4   11.4    100   9.23    140     28  291.0  317.3  292.6
  883.0   1292    9.2    9.2    100   8.34    130     28  292.6  316.6  294.0
  850.0   1609    7.4    7.4    100   7.65    140     28  293.9  316.1  295.2
  820.0   1901    5.8    5.7     99   7.05    140     27  295.2  315.9  296.5
  768.0   2434    2.9    2.6     98   6.05    120     23  297.7  315.8  298.8
  704.0   3141   -0.9   -1.5     96   4.89    115     17  301.0  315.9  301.9
  700.0   3187   -1.1   -1.8     95   4.81    115     17  301.2  316.0  302.1
  697.0   3221   -1.5   -6.5     69   3.39    115     17  301.2  311.7  301.8
  696.0   3233   -1.6   -6.0     72   3.53    115     17  301.2  312.1  301.8
  691.0   3290   -2.1   -3.5     90   4.29    123     16  301.2  314.5  302.0
  678.0   3441   -3.7   -8.2     71   3.05    142     12  301.1  310.6  301.6
  674.0   3488   -3.1  -20.1     26   1.16    148     10  302.3  306.1  302.5
  673.0   3499   -3.1  -20.3     25   1.13    150     10  302.4  306.1  302.6
  653.0   3738   -4.1  -25.1     18   0.77    152      8  303.9  306.5  304.0
  631.0   4007   -6.3  -16.3     45   1.71    155      6  304.4  310.0  304.7
  611.0   4258   -8.1  -29.1     17   0.57    157      4  305.1  307.1  305.2
  594.0   4476   -9.5  -36.5      9   0.28    159      3  306.0  307.0  306.0
  586.0   4581   -8.6  -47.3      3   0.09    160      2  308.1  308.5  308.2
  581.0   4648   -8.1  -54.1      1   0.04    167      3  309.5  309.7  309.5
  524.0   5443  -11.9  -54.9      1   0.04    253     10  314.2  314.4  314.2
  523.0   5458  -12.0  -55.1      1   0.04    255     10  314.2  314.4  314.3
  500.0   5800  -14.9  -59.9      1   0.02    255     12  314.8  314.9  314.8
  488.0   5980  -16.4  -57.0      2   0.04    260     15  315.1  315.2  315.1
  461.0   6401  -20.1  -50.4      5   0.08    255     15  315.8  316.1  315.8
  426.0   6985  -25.1  -41.1     21   0.25    264     21  316.5  317.5  316.6
  422.0   7053  -25.4  -43.0     18   0.20    265     22  317.0  317.8  317.1
  400.0   7440  -27.1  -54.1      6   0.06    280     31  319.7  319.9  319.7
  396.0   7513  -27.6  -55.4      5   0.05    280     33  320.0  320.2  320.0
  395.0   7531  -27.7  -55.7      5   0.05    280     34  320.1  320.3  320.1
  376.0   7888  -25.1  -59.1      3   0.04    278     59  328.0  328.2  328.0
  360.0   8204  -25.9  -56.9      4   0.05    276     80  331.1  331.3  331.1
  355.0   8304  -26.7  -55.7      5   0.06    275     87  331.3  331.6  331.3
  310.0   9269  -34.6  -43.9     38   0.25    285    107  333.4  334.4  333.5
  305.0   9385  -35.5  -42.5     49   0.30    287    106  333.6  334.8  333.7
  300.0   9500  -36.5  -43.5     48   0.27    290    105  333.8  334.9  333.9
  283.0   9902  -40.1  -48.1     42   0.17    287    106  334.3  335.0  334.3
  275.0  10096  -41.6  -49.2     44   0.16    285    107  334.9  335.5  334.9
  264.0  10373  -43.7  -50.7     46   0.14    285    117  335.7  336.3  335.7
  258.0  10528  -43.1  -52.1     36   0.12    285    123  338.8  339.3  338.8
  250.0  10740  -43.5  -55.5     25   0.08    285    131  341.3  341.6  341.3
  240.0  11014  -43.9  -64.9      8   0.03    290    136  344.7  344.8  344.7
  239.0  11042  -43.9  -65.9      7   0.02    290    136  345.1  345.2  345.1
  200.0  12210  -54.7  -68.7     16   0.02    290    134  346.0  346.1  346.0
  180.0  12872  -59.9  -71.9     19   0.01    285    132  348.1  348.1  348.1
  179.0  12906  -60.1                         285    132  348.4         348.4
  152.0  13910  -64.9                         285    114  356.7         356.7
  150.0  13990  -65.1                         285    112  357.7         357.7
  148.0  14071  -65.8                         285    110  357.9         357.9
  146.0  14154  -66.5                         285    107  358.1         358.1
  133.0  14719  -65.9                         284     89  368.8         368.8
  107.0  16032  -67.3                         280     48  389.9         389.9
  100.0  16440  -67.7                         290     47  396.7         396.7
   86.0  17348  -68.2                         275     35  413.1         413.1
   80.0  17783  -68.5                         245     28  421.2         421.2
   78.7  17882  -68.5                         251     24  423.1         423.1
   76.0  18093  -67.5                         265     16  429.5         429.5
   73.0  18336  -66.3                         244     14  436.9         436.9
   71.0  18504  -67.0                         230     13  439.0         439.0
   70.0  18590  -67.3                         230     11  440.1         440.1
   69.4  18642  -67.3                         233     10  441.1         441.1
   69.0  18677  -67.2                         235     10  442.1         442.1
   62.0  19333  -65.1                          65      5  460.5         460.5
   61.0  19432  -64.8                         330     10  463.3         463.3
   59.0  19636  -64.1                         300     17  469.2         469.2
   57.0  19847  -63.5                         295     16  475.4         475.4
   55.0  20066  -62.8                         315     16  481.9         481.9
   53.0  20293  -62.0                         275     10  488.7         488.7
   51.0  20529  -61.3                         330      2  495.8         495.8
   50.0  20650  -60.9                          30      4  499.5         499.5
   48.0  20906  -60.0                         275     10  507.5         507.5
   46.0  21172  -59.1                         240     15  515.9         515.9
   44.3  21408  -58.3                         232     14  523.5         523.5
   44.0  21451  -58.3                         230     14  524.4         524.4
   42.0  21743  -58.6                         265     11  530.8         530.8
   41.0  21894  -58.7                         255     13  534.1         534.1
   40.0  22050  -58.9                         235      9  537.5         537.5
   38.0  22372  -59.1                           0      0  544.7         544.7
   37.0  22540  -59.3                         344      3  548.5         548.5
   34.0  23072  -58.6                         295     12  563.8         563.8
   33.0  23260  -58.3                         280      9  569.4         569.4
   30.7  23714  -57.7                         284      3  582.9         582.9
   30.0  23860  -57.5                         285      1  587.3         587.3
   29.0  24075  -57.0                         355      9  594.3         594.3
   27.1  24504  -56.1                         293     14  608.5         608.5
   27.0  24528  -55.9                         290     14  609.7         609.7
   26.0  24770  -54.0                         265     15  621.8         621.8
   25.0  25023  -52.0                         270     11  634.6         634.6
   24.4  25179  -50.7                                     642.7         642.7
