
-----------------------------------------------------------------------------
   PRES   HGHT   TEMP   DWPT   RELH   MIXR   DRCT   SKNT   THTA   THTE   THTV
    hPa     m      C      C      %    g/kg    deg   knot     K      K      K 
-----------------------------------------------------------------------------
 1011.0      5   24.8   16.8     61  12.04    130      8  297.0  332.1  299.2
 1000.0    101   23.6   13.6     53   9.88    128      9  296.8  325.6  298.5
  974.0    330   20.8   12.8     60   9.62    125     10  296.2  324.2  297.9
  942.6    610   18.2   12.8     71   9.92    120     12  296.3  325.2  298.0
  909.7    914   15.3   12.7     85  10.25    105     16  296.4  326.2  298.2
  893.0   1073   13.8   12.7     93  10.43    130     14  296.4  326.8  298.2
  850.0   1488   11.2    8.8     85   8.43    195     10  297.9  322.7  299.4
  786.5   2134    8.2    6.4     88   7.70    285     10  301.4  324.5  302.8
  765.0   2365    7.2    5.5     89   7.46    281     18  302.6  325.2  304.0
  742.0   2616    7.0   -4.0     45   3.85    277     26  305.1  317.2  305.8
  736.0   2683    7.8   -7.2     34   3.04    276     28  306.7  316.4  307.2
  730.7   2743    7.3   -6.4     37   3.25    275     30  306.8  317.2  307.4
  710.0   2979    5.6   -3.4     52   4.21    268     38  307.4  320.7  308.2
  700.0   3095    4.8   -5.2     48   3.73    265     42  307.8  319.6  308.5
  691.0   3200    4.0  -12.0     30   2.22    265     42  308.0  315.3  308.4
  673.0   3414    4.2  -30.8      6   0.44    265     41  310.6  312.2  310.7
  652.9   3658    3.3  -35.2      4   0.29    265     40  312.2  313.4  312.3
  605.3   4267    1.0  -46.4      1   0.10    265     28  316.4  316.9  316.5
  597.0   4379    0.6  -48.4      1   0.08    265     29  317.2  317.6  317.2
  500.0   5770   -9.7  -50.7      2   0.07    265     36  321.1  321.4  321.2
  484.0   6020  -11.7  -40.7      7   0.23    266     38  321.7  322.6  321.7
  424.8   7010  -17.5  -45.5      7   0.15    270     48  326.5  327.1  326.5
  423.0   7042  -17.7  -45.7      7   0.15    270     49  326.6  327.3  326.7
  404.0   7386  -18.9  -53.9      3   0.06    266     60  329.4  329.7  329.4
  400.0   7460  -19.5  -48.5      6   0.12    265     62  329.6  330.1  329.6
  387.0   7704  -21.5  -37.5     22   0.39    268     65  330.1  331.6  330.1
  375.5   7925  -23.3  -49.0      8   0.12    270     68  330.6  331.1  330.6
  374.0   7955  -23.5  -50.5      6   0.10    270     68  330.6  331.1  330.7
  360.0   8233  -25.5  -35.5     39   0.52    268     71  331.6  333.6  331.7
  351.0   8416  -27.3  -37.3     38   0.44    267     72  331.6  333.3  331.7
  346.0   8519  -27.7  -42.7     23   0.26    266     73  332.4  333.4  332.4
  318.0   9121  -31.1  -50.1     14   0.12    263     78  335.8  336.3  335.8
  300.0   9530  -35.1  -52.1     16   0.10    260     82  335.8  336.2  335.8
  285.0   9887  -38.5  -53.5     19   0.09    259     83  335.9  336.3  335.9
  250.0  10780  -44.7  -65.7      8   0.02    255     86  339.5  339.6  339.5
  249.0  10807  -44.9  -66.9      7   0.02    255     86  339.6  339.7  339.6
  222.0  11564  -51.5  -69.5     10   0.01    261     95  340.7  340.8  340.7
  201.5  12192  -52.8  -78.2      3   0.00    265    102  348.3  348.3  348.3
  200.0  12240  -52.9  -78.9      3   0.00    265    102  348.8  348.9  348.8
  194.0  12435  -53.7  -82.7      2   0.00    265    103  350.6  350.6  350.6
  171.0  13231  -59.9  -90.9      1   0.00    265    106  353.2  353.2  353.2
  150.0  14040  -62.7                         265    110  361.9         361.9
  139.0  14510  -63.7                         267     96  368.1         368.1
  123.1  15240  -68.1                         270     74  373.1         373.1
  106.0  16138  -73.5                         266     59  379.1         379.1
  100.4  16459  -72.8                         265     54  386.5         386.5
  100.0  16480  -72.7                         265     52  387.0         387.0
   95.3  16764  -73.4                         265     52  391.0         391.0
   93.4  16880  -73.7                         262     49  392.7         392.7
   88.2  17218  -70.5                         252     41  405.6         405.6
   78.2  17928  -73.9                         233     25  412.7         412.7
   70.0  18580  -70.9                         215     10  432.4         432.4
   52.9  20249  -67.9                          69     10  475.4         475.4
   50.0  20590  -64.7                          40     10  490.6         490.6
   45.7  21144  -60.7                          46     12  513.0         513.0
   39.6  22032  -61.7                          56     15  531.9         531.9
   34.1  22968  -56.9                          66     18  567.8         567.8
   30.0  23780  -55.9                          75     20  591.6         591.6
   20.0  26400  -49.3                          85     24  684.5         684.5
   17.8  27167  -47.5                                     713.4         713.4
