
-----------------------------------------------------------------------------
   PRES   HGHT   TEMP   DWPT   RELH   MIXR   DRCT   SKNT   THTA   THTE   THTV
    hPa     m      C      C      %    g/kg    deg   knot     K      K      K 
-----------------------------------------------------------------------------
 1021.0      5   24.2    9.2     39   7.20    315      5  295.6  316.8  296.9
 1013.0     73   23.0    7.0     36   6.24                295.1  313.5  296.2
 1000.0    184   22.2    7.2     38   6.41                295.4  314.3  296.5
  990.0    271   21.6    6.6     38   6.21                295.6  314.0  296.7
  979.0    368   23.2    0.2     22   3.98                298.1  310.3  298.9
  925.0    859   20.2   -6.8     16   2.49                300.0  307.8  300.4
  874.0   1345   17.2   -7.8     17   2.44                301.7  309.5  302.2
  850.0   1581   15.2   -6.8     21   2.71                302.1  310.7  302.6
  700.0   3180    0.0   -8.0     55   3.00                302.4  311.9  303.0
  696.0   3226   -0.5   -7.5     59   3.14                302.4  312.3  303.0
  674.0   3481   -2.9   -9.9     59   2.69                302.5  311.0  303.0
  660.0   3648   -1.5  -25.5     14   0.73                305.9  308.4  306.0
  645.0   3831    0.2  -47.8      1   0.08                309.8  310.1  309.9
  625.0   4083    0.4  -48.6      1   0.07                312.9  313.2  312.9
  598.0   4435   -1.3  -28.3     11   0.62                314.9  317.1  315.0
  500.0   5830  -11.9  -52.9      2   0.06                318.5  318.7  318.5
  468.0   6334  -15.1  -52.1      3   0.07                320.6  320.8  320.6
  462.0   6432  -14.5  -53.5      2   0.06                322.5  322.7  322.5
  444.0   6733  -16.9  -30.9     29   0.66                323.2  325.6  323.3
  422.0   7113  -19.5  -49.5      5   0.10                324.6  325.0  324.6
  400.0   7510  -22.5  -45.5     10   0.16                325.7  326.3  325.7
  383.0   7827  -24.9  -40.9     21   0.28                326.6  327.7  326.6
  371.0   8058  -26.7  -45.7     15   0.17                327.2  327.9  327.2
  314.0   9249  -31.9  -66.9      2   0.02                335.9  336.0  335.9
  300.0   9570  -34.3  -68.3      2   0.01                336.9  337.0  336.9
  289.0   9830  -36.5  -66.5      3   0.02                337.4  337.5  337.4
  250.0  10820  -42.1  -65.1      6   0.02                343.3  343.4  343.3
  237.0  11180  -43.7  -71.7      3   0.01                346.2  346.2  346.2
  200.0  12300  -52.7  -72.7      7   0.01                349.1  349.2  349.2
  176.0  13111  -59.9  -73.9     14   0.01                350.3  350.4  350.3
  162.0  13623  -64.3                                     351.3         351.3
  150.0  14090  -67.1                                     354.3         354.3
  136.0  14678  -70.3                                     358.7         358.7
  129.0  14993  -69.7                                     365.2         365.2
  106.0  16149  -75.9                                     374.5         374.5
  100.0  16490  -71.5                                     389.3         389.3
   92.6  16948  -68.1                                     404.7         404.7
   85.4  17433  -69.5                                     411.3         411.3
   73.3  18351  -66.3                                     436.4         436.4
   70.0  18630  -67.3                                     440.1         440.1
   67.4  18856  -69.1                                     441.0         441.0
   66.4  18946  -66.1                                     449.4         449.4
   61.2  19440  -65.1                                     462.2         462.2
   55.7  20019  -60.3                                     485.7         485.7
   50.0  20690  -59.9                                     501.9         501.9
   33.5  23236  -52.9                                     581.2         581.2
   30.0  23950  -52.3                                     601.5         601.5
   24.3  25316  -50.3                                     644.6         644.6
   20.0  26580  -51.7                                     677.2         677.2
   18.1  27226  -52.3                                     694.9         694.9
   15.6  28198  -47.3                                     741.4         741.4
