
-----------------------------------------------------------------------------
   PRES   HGHT   TEMP   DWPT   RELH   MIXR   DRCT   SKNT   THTA   THTE   THTV
    hPa     m      C      C      %    g/kg    deg   knot     K      K      K 
-----------------------------------------------------------------------------
 1020.0      5   23.4   13.4     53   9.55    120     10  294.9  322.6  296.6
 1011.0     81   20.6   11.6     56   8.55    124     10  292.8  317.5  294.3
 1000.0    175   19.8   12.8     64   9.37    130     10  292.9  319.9  294.6
  950.0    613   16.0   11.2     73   8.84    120     10  293.4  318.9  295.0
  925.0    840   14.0   10.3     78   8.57    125      7  293.6  318.4  295.1
  908.0    996   12.6    9.6     82   8.33    126      7  293.7  317.9  295.2
  864.0   1412   10.4    5.4     71   6.55    129      6  295.6  315.0  296.8
  850.0   1548    9.0    5.7     80   6.80    130      6  295.6  315.6  296.8
  824.0   1804    7.0    5.5     90   6.94    160      2  296.1  316.6  297.3
  816.0   1885    6.4    5.5     94   6.99    188      5  296.3  316.9  297.5
  802.0   2028    8.6    1.6     61   5.39    236     10  300.1  316.4  301.1
  801.0   2038    8.5    1.6     62   5.38    240     10  300.1  316.4  301.1
  715.0   2963   -0.1   -2.4     84   4.51    245     11  300.5  314.3  301.3
  710.0   3019    2.4  -20.6     16   1.05    248     11  303.9  307.4  304.1
  704.0   3088    2.6  -28.4      8   0.53    252     11  304.8  306.7  304.9
  700.0   3134    2.4  -30.6      7   0.43    255     11  305.1  306.6  305.2
  696.0   3180    3.2  -37.8      3   0.21    258     11  306.5  307.3  306.5
  661.0   3590    0.9  -39.6      3   0.19    285     14  308.5  309.2  308.5
  629.0   3983   -1.3  -41.4      3   0.16    265     19  310.4  311.0  310.4
  563.0   4862   -6.2  -45.4      3   0.12    240     24  314.5  315.0  314.6
  552.0   5019   -7.1  -46.1      3   0.11    247     24  315.3  315.7  315.3
  514.0   5568  -11.4  -47.5      3   0.10    270     24  316.5  316.9  316.6
  500.0   5780  -13.1  -48.1      4   0.10    270     25  317.0  317.4  317.0
  470.0   6249  -15.7  -47.7      5   0.11    264     28  319.4  319.9  319.4
  454.0   6505  -17.8  -49.6      4   0.09    260     30  319.9  320.3  319.9
  405.0   7350  -24.9  -55.9      4   0.05    265     35  321.4  321.6  321.4
  400.0   7440  -25.7  -56.7      4   0.04    265     35  321.5  321.7  321.5
  346.0   8474  -34.9  -45.9     32   0.18    265     39  322.6  323.4  322.7
  344.0   8514  -35.3  -46.3     32   0.17    265     39  322.6  323.3  322.7
  337.0   8658  -36.7  -47.7     31   0.15    265     43  322.6  323.2  322.7
  327.0   8866  -37.1  -56.1     12   0.06    265     50  324.9  325.1  324.9
  300.0   9460  -39.9  -59.9     10   0.04    265     68  329.0  329.2  329.0
  268.0  10225  -44.7  -56.7     25   0.07    262     79  332.8  333.1  332.8
  250.0  10690  -46.1  -65.1     10   0.02    260     86  337.4  337.5  337.4
  236.0  11071  -47.7  -71.7      5   0.01    261     90  340.6  340.6  340.6
  223.0  11443  -48.5  -74.5      3   0.01    263     94  344.9  344.9  344.9
  202.0  12085  -52.1  -78.1      3   0.00    265    101  349.1  349.1  349.1
  200.0  12150  -52.5  -78.5      3   0.00    265    100  349.5  349.5  349.5
  159.0  13608  -59.9  -84.9      2   0.00    269     92  360.6  360.6  360.6
  154.0  13806  -61.1                         270     91  361.9         361.9
  150.0  13970  -62.1                         270     86  362.9         362.9
  141.0  14350  -64.1                         270     77  365.9         365.9
  121.0  15273  -67.3                         270     54  376.3         376.3
  106.0  16072  -70.1                         270     46  385.6         385.6
  100.0  16420  -67.7                         265     45  396.7         396.7
   96.0  16666  -67.1                         250     36  402.4         402.4
   92.0  16922  -66.5                         260     27  408.6         408.6
   88.0  17190  -65.9                         268     26  415.0         415.0
   85.0  17399  -66.0                         275     25  418.9         418.9
   78.0  17917  -66.4                         240     16  428.5         428.5
   75.0  18154  -66.6                         260     13  432.9         432.9
   70.0  18570  -66.9                         255     15  440.9         440.9
   68.0  18744  -67.5                         240     10  443.2         443.2
   65.0  19016  -68.5                         230      3  446.8         446.8
   62.7  19232  -69.3                         183      6  449.7         449.7
   58.0  19707  -66.8                          80     11  465.6         465.6
   57.0  19812  -66.2                          60     12  469.2         469.2
   54.0  20142  -64.4                          50      2  480.6         480.6
   50.0  20610  -61.9                          70     10  497.2         497.2
   48.0  20862  -62.6                          65     12  501.4         501.4
   47.0  20992  -62.9                          95      7  503.6         503.6
   46.5  21058  -63.1                         104      8  504.7         504.7
   45.0  21261  -63.1                         130     10  509.6         509.6
   39.1  22127  -62.9                          81     21  530.9         530.9
   39.0  22143  -62.9                          80     21  531.4         531.4
   32.0  23377  -59.1                         100     19  572.2         572.2
   30.0  23780  -57.9                          90     20  586.2         586.2
   29.0  23995  -57.1                          75     16  594.1         594.1
   28.0  24217  -56.3                          77     18  602.3         602.3
   27.0  24447  -56.9                          80     20  606.8         606.8
   25.0  24934  -58.3                         105     20  616.4         616.4
   24.0  25192  -59.0                         110     23  621.6         621.6
   23.6  25298  -59.3                         104     21  623.7         623.7
   23.0  25460  -59.1                          95     18  629.0         629.0
   21.0  26033  -58.3                         105     19  647.9         647.9
   20.0  26340  -57.9                          85     17  658.2         658.2
   19.0  26666  -57.1                          80     13  670.5         670.5
   18.0  27009  -56.2                          95     15  683.7         683.7
   17.0  27372  -55.3                         105     14  697.9         697.9
   16.4  27600  -54.7                          96     13  707.0         707.0
   16.0                                        90     12                     
