
-----------------------------------------------------------------------------
   PRES   HGHT   TEMP   DWPT   RELH   MIXR   DRCT   SKNT   THTA   THTE   THTV
    hPa     m      C      C      %    g/kg    deg   knot     K      K      K 
-----------------------------------------------------------------------------
 1016.0      5   23.0   20.5     86  15.18    205      7  294.8  338.4  297.5
 1000.0    143   21.2   18.6     85  13.67    200      9  294.4  333.6  296.8
  951.0    577   18.2   16.7     91  12.73    268      4  295.6  332.3  297.8
  925.0    815   16.8   16.1     96  12.60    305      2  296.5  333.0  298.7
  850.0   1533   12.6   11.7     94  10.26     10      4  299.3  329.6  301.2
  840.0   1632   11.8   11.2     96  10.04      2      4  299.5  329.1  301.3
  809.0   1947   10.8    8.4     85   8.63    335      2  301.7  327.5  303.3
  784.0   2209   10.0    6.1     77   7.59    318      4  303.5  326.5  304.9
  705.0   3086    5.0    0.9     75   5.83    261     10  307.4  325.5  308.4
  704.0   3097    5.0    0.7     74   5.74    260     10  307.4  325.3  308.5
  700.0   3144    4.8   -0.2     70   5.42    260     10  307.8  324.7  308.8
  688.0   3285    4.0   -7.0     45   3.30    266     12  308.4  319.0  309.0
  683.0   3344    4.4  -16.6     20   1.54    269     13  309.5  314.7  309.8
  665.0   3561    2.8  -27.2      9   0.62    278     16  310.1  312.3  310.2
  635.0   3931   -0.2  -13.2     37   2.20    295     21  310.8  318.1  311.2
  618.0   4148   -1.9   -4.9     80   4.32    300     24  311.2  325.1  312.1
  567.0   4831   -4.5   -5.8     90   4.41    315     33  316.0  330.4  316.8
  566.0   4845   -4.5   -5.8     91   4.41    315     33  316.1  330.5  316.9
  500.0   5810  -10.9  -12.8     86   2.87    305     31  319.7  329.4  320.2
  490.0   5964  -11.8  -13.6     86   2.74    300     28  320.5  329.8  321.0
  461.0   6431  -14.3  -16.1     86   2.37    288     39  322.9  331.2  323.4
  455.0   6530  -15.3  -24.3     46   1.18    285     41  322.9  327.2  323.1
  453.0   6563  -15.9  -22.9     55   1.35    285     41  322.6  327.4  322.8
  451.0   6597  -16.3  -43.3      8   0.18    284     41  322.5  323.2  322.5
  438.0   6815  -18.9  -46.9      7   0.13    282     39  321.9  322.4  321.9
  425.0   7040  -18.3  -50.3      4   0.09    279     38  325.4  325.8  325.4
  404.0   7416  -20.8  -57.8      2   0.04    275     36  326.9  327.1  326.9
  400.0   7490  -21.3  -59.3      2   0.03    275     36  327.2  327.4  327.2
  322.0   9051  -32.5  -64.9      2   0.02    275     48  332.7  332.8  332.7
  317.0   9164  -33.3  -65.3      3   0.02    275     54  333.0  333.1  333.0
  300.0   9550  -34.1  -65.1      3   0.02    275     74  337.2  337.3  337.2
  297.0   9620  -34.3  -66.3      2   0.02    276     77  337.9  338.0  337.9
  285.0   9905  -36.0  -66.3      3   0.02    280     87  339.4  339.5  339.4
  250.0  10810  -41.5  -66.5      5   0.02    285    105  344.2  344.3  344.2
  244.0  10971  -42.5  -67.6      5   0.02    280    106  345.1  345.2  345.1
  217.0  11749  -47.3  -73.0      4   0.01    275     97  349.4  349.4  349.4
  200.0  12290  -50.7  -76.7      3   0.01    265    102  352.3  352.4  352.3
  179.0  13008  -54.9  -78.0      4   0.01    270    113  356.8  356.9  356.8
  178.0  13044  -55.1  -78.1      4   0.01    270    112  357.0  357.1  357.1
  161.0  13680  -59.9  -81.9      4   0.00    264    102  359.3  359.4  359.3
  150.0  14120  -63.3                         260     94  360.8         360.8
  131.0  14934  -67.8                         250     74  366.9         366.9
  118.0  15562  -71.3                         260     53  371.6         371.6
  112.0  15876  -73.1                         270     53  373.9         373.9
  111.0  15928  -73.1                         270     54  374.8         374.8
  100.0  16540  -73.5                         255     44  385.5         385.5
   97.6  16683  -71.3                         263     42  392.4         392.4
   91.0  17095  -71.5                         285     35  399.9         399.9
   84.0  17566  -71.8                         245     28  408.6         408.6
   78.0  18003  -72.1                         205      8  416.8         416.8
   76.0  18156  -72.2                         260      1  419.7         419.7
   74.0  18313  -72.3                         325      5  422.7         422.7
   73.3  18369  -72.3                         316      7  423.8         423.8
   70.0  18640  -71.3                         275     17  431.5         431.5
   66.0  18994  -69.8                         220     13  442.1         442.1
   65.0  19085  -69.4                         220     10  444.9         444.9
   57.0  19874  -66.0                          75      1  469.5         469.5
   55.0  20089  -65.1                         155     10  476.4         476.4
   54.1  20188  -64.7                         149     12  479.7         479.7
   52.0  20430  -64.3                         135     17  486.1         486.1
   50.0  20670  -63.9                         110     14  492.5         492.5
   47.0  21052  -63.3                         100      9  502.6         502.6
   42.0  21747  -62.3                         105     21  521.7         521.7
   40.0  22048  -61.8                          95     15  530.1         530.1
   37.9  22381  -61.3                         103     17  539.7         539.7
   35.0  22881  -59.7                         115     21  556.4         556.4
   31.0  23644  -57.2                          65     29  582.7         582.7
   30.0  23850  -56.5                          65     26  590.0         590.0
   29.0  24066  -55.6                          65     21  598.1         598.1
   27.0  24522  -53.8                          30     12  615.5         615.5
   25.2  24962  -52.1                          23     11  632.8         632.8
   22.0  25842  -50.5                          10     10  662.7         662.7
   20.0  26460  -49.3                         190      4  684.5         684.5
   15.0  28348  -48.5                                     745.8         745.8
