
-----------------------------------------------------------------------------
   PRES   HGHT   TEMP   DWPT   RELH   MIXR   DRCT   SKNT   THTA   THTE   THTV
    hPa     m      C      C      %    g/kg    deg   knot     K      K      K 
-----------------------------------------------------------------------------
 1024.0      5   22.6   11.6     50   8.44    145      7  293.8  318.2  295.2
 1019.0     47   20.8   10.8     53   8.04    145      8  292.4  315.6  293.8
 1000.0    207   19.4   10.4     56   7.97    145     11  292.6  315.6  294.0
  925.0    871   13.0    9.2     78   7.95    150     15  292.6  315.6  294.0
  910.0   1008   11.8    9.0     83   7.98    146     16  292.7  315.8  294.1
  907.0   1036   11.7    8.8     83   7.91    145     16  292.9  315.8  294.3
  865.0   1431    9.7    6.3     80   6.99    120     10  294.8  315.3  296.0
  851.0   1567    9.0    5.5     79   6.70    115      6  295.5  315.2  296.7
  850.0   1577    9.0    5.3     78   6.61    115      6  295.6  315.1  296.7
  825.0   1824    7.9    0.2     58   4.75      0      0  297.0  311.3  297.8
  817.0   1905    7.6   -1.4     53   4.25     11      1  297.4  310.3  298.2
  790.0   2181    6.0    1.0     70   5.23     50      3  298.6  314.4  299.5
  737.0   2747    2.2  -10.8     38   2.29    131      8  300.4  307.7  300.9
  719.0   2946    0.8   -7.2     55   3.11    160     10  301.0  310.7  301.6
  712.0   3025    0.2   -5.8     64   3.50    153     11  301.2  312.1  301.9
  700.0   3161    0.0   -8.0     55   3.00    140     12  302.4  311.9  303.0
  680.0   3392   -1.7   -9.7     54   2.71    125     11  303.1  311.7  303.6
  675.0   3451   -2.1  -10.1     54   2.64    125     11  303.3  311.7  303.8
  670.0   3510   -1.7  -13.4     40   2.03    125     10  304.3  310.9  304.7
  661.0   3618   -1.1  -19.5     23   1.24    145     10  306.3  310.4  306.5
  659.0   3642   -0.9  -20.9     20   1.10    151     10  306.7  310.4  306.9
  647.0   3789   -0.3  -25.9     13   0.72    185     13  309.0  311.6  309.1
  633.0   3964    0.4  -31.8      7   0.42    200     19  311.8  313.3  311.9
  615.0   4195    1.4  -39.6      3   0.20    197     23  315.5  316.2  315.5
  601.0   4377   -0.3  -39.4      3   0.21    195     27  315.6  316.4  315.7
  545.0   5150   -7.3  -38.3      6   0.26    195     27  316.2  317.2  316.2
  533.0   5323   -6.3  -48.3      2   0.09    195     27  319.4  319.8  319.4
  500.0   5820   -8.3  -55.3      1   0.04    215     28  322.9  323.0  322.9
  494.0   5914   -8.6  -55.6      1   0.04    215     29  323.6  323.7  323.6
  493.0   5930   -8.7  -55.7      1   0.04    215     29  323.7  323.9  323.7
  446.0   6702  -13.7  -51.7      2   0.07    210     35  326.8  327.1  326.8
  400.0   7520  -21.5  -49.5      6   0.10    205     42  327.0  327.4  327.0
  366.0   8165  -27.9  -49.9     10   0.11    205     44  326.8  327.3  326.9
  347.0   8539  -30.7  -53.0      9   0.08    205     45  328.1  328.4  328.1
  300.0   9560  -38.3  -61.3      7   0.03    225     37  331.3  331.4  331.3
  298.0   9606  -38.9  -60.9      8   0.04    226     37  331.1  331.2  331.1
  291.0   9766  -39.9  -62.0      8   0.03    230     37  331.9  332.0  331.9
  272.0  10221  -42.8  -65.3      7   0.02    255     34  334.2  334.3  334.2
  253.0  10710  -45.8  -68.7      6   0.01    265     41  336.7  336.8  336.7
  250.0  10790  -46.3  -69.3      6   0.01    265     42  337.1  337.2  337.1
  241.0  11032  -47.2  -70.6      5   0.01    260     41  339.2  339.3  339.2
  223.0  11543  -49.3  -73.3      4   0.01    275     43  343.7  343.8  343.7
  211.0  11907  -50.7  -75.2      4   0.01    265     47  347.0  347.0  347.0
  200.0  12260  -52.1  -77.1      3   0.01    255     43  350.1  350.1  350.1
  199.0  12292  -52.2  -77.4      3   0.01    255     42  350.4  350.4  350.4
  195.0  12424  -52.7  -78.7      3   0.00    247     38  351.7  351.7  351.7
  184.0  12793  -55.0  -79.4      3   0.00    225     28  353.8  353.8  353.8
  173.0  13185  -57.5  -80.2      4   0.00    235     24  356.0  356.0  356.0
  163.0  13563  -59.9  -80.9      5   0.00    226     18  358.1  358.1  358.1
  156.0  13836  -61.1                         220     14  360.6         360.6
  150.0  14080  -62.1                         260      8  362.9         362.9
  145.0  14284  -62.9                         295     10  365.0         365.0
  137.0  14626  -64.3                         270     17  368.5         368.5
  126.0  15129  -66.4                         215     20  373.7         373.7
  123.0  15274  -67.0                         210     15  375.2         375.2
  116.0  15627  -68.4                         245     18  378.8         378.8
  110.0  15946  -69.8                         240     25  382.2         382.2
  107.0  16113  -70.4                         235     24  383.9         383.9
  100.0  16520  -72.1                         190     16  388.2         388.2
   97.0  16699  -72.5                         175      7  390.8         390.8
   95.0  16821  -72.8                         200      4  392.6         392.6
   91.0  17074  -73.3                         205     10  396.3         396.3
   87.1  17331  -73.9                         200     17  400.2         400.2
   85.3  17454  -73.3                         204     20  403.8         403.8
   85.0  17474  -72.1                         205     20  406.6         406.6
   84.2  17531  -68.9                         200     18  414.2         414.2
   80.0  17839  -67.9                         175     10  422.4         422.4
   78.0  17991  -67.4                         115      3  426.6         426.6
   77.0  18069  -67.1                         119      4  428.7         428.7
   70.0  18640  -70.7                         150      8  432.8         432.8
   67.3  18872  -71.7                         140      9  435.5         435.5
   66.0  18989  -70.6                         135     10  440.4         440.4
   63.0  19266  -68.0                         115     13  452.1         452.1
   61.4  19420  -66.5                         115     13  458.6         458.6
   61.0  19459  -66.4                         115     13  459.7         459.7
   57.0  19872  -65.3                          70     14  471.2         471.2
   55.0  20089  -64.7                          65     17  477.4         477.4
   53.0  20315  -64.1                         105     20  483.8         483.8
   51.0  20549  -63.5                          98     19  490.6         490.6
   50.0  20670  -63.9                          95     18  492.5         492.5
   48.0  20922  -63.3                          80     20  499.7         499.7
   42.4  21686  -61.5                          92     29  522.2         522.2
   41.0  21893  -62.3                          95     31  525.1         525.1
   39.1  22186  -63.5                          90     26  529.3         529.3
   39.0  22202  -63.5                          90     26  529.8         529.8
   38.0  22363  -63.0                         100     23  534.9         534.9
   36.0  22698  -62.1                         110     30  545.7         545.7
   32.0  23429  -60.0                          85     45  569.8         569.8
   30.0  23830  -58.9                          85     41  583.5         583.5
   24.1  25223  -53.5                          85     42  636.8         636.8
   23.4  25413  -54.7                          85     42  638.7         638.7
   20.0  26420  -54.1                          85     42  669.8         669.8
   15.0  28277  -51.6                          80     31  735.6         735.6
   14.2  28631  -51.1                                     748.8         748.8
