
-----------------------------------------------------------------------------
   PRES   HGHT   TEMP   DWPT   RELH   MIXR   DRCT   SKNT   THTA   THTE   THTV
    hPa     m      C      C      %    g/kg    deg   knot     K      K      K 
-----------------------------------------------------------------------------
 1019.0      5   26.0   16.0     54  11.34     15      8  297.6  330.7  299.6
 1013.0     56   23.4   14.4     57  10.28     26      8  295.5  325.3  297.3
 1000.0    166   22.4   15.4     65  11.12     50      9  295.6  327.8  297.5
  926.0    829   16.0   13.9     87  10.89     50      9  295.6  327.1  297.5
  925.0    838   16.0   13.6     86  10.69     50      9  295.7  326.7  297.6
  879.0   1271   14.0    7.8     66   7.59     65     13  297.9  320.4  299.3
  870.0   1358   13.6    6.6     63   7.07     63     14  298.4  319.4  299.7
  865.0   1407   15.6    1.6     39   4.99     63     15  301.0  316.2  301.9
  859.0   1466   16.2   -1.8     29   3.92     62     16  302.2  314.4  302.9
  850.0   1555   15.6   -2.4     29   3.79     60     17  302.5  314.3  303.2
  843.0   1625   15.2   -4.3     26   3.31     60     18  302.8  313.2  303.4
  807.0   1992   13.1  -14.4     13   1.56     60     15  304.3  309.5  304.6
  783.0   2245   11.6  -21.4      8   0.89     79     11  305.4  308.4  305.5
  775.0   2330   11.1  -20.7      9   0.95     85     10  305.7  308.9  305.9
  700.0   3171    5.8  -14.2     22   1.83     95      6  308.9  315.0  309.2
  684.0   3360    4.4  -14.6     24   1.81     96      5  309.4  315.4  309.7
  669.0   3541    3.6  -21.4     14   1.04     97      4  310.4  314.0  310.6
  662.0   3626    3.2   -2.8     65   4.73     98      3  310.9  326.0  311.8
  627.0   4065    1.3  -10.2     42   2.83    100      1  313.6  322.9  314.1
  605.0   4353    0.0  -15.0     31   1.98     76      2  315.3  322.1  315.7
  554.0   5052   -6.1  -30.1     13   0.57     18      5  316.1  318.2  316.2
  544.0   5195   -6.1  -38.1      6   0.26      6      5  317.8  318.8  317.8
  524.0   5487   -8.5  -23.5     29   1.10    341      7  318.3  322.2  318.5
  513.0   5652   -9.3  -30.3     16   0.60    327      7  319.3  321.5  319.4
  500.0   5850  -11.1  -26.1     28   0.91    310      8  319.4  322.7  319.6
  492.0   5973  -12.2  -26.2     30   0.92    310     10  319.6  322.9  319.8
  472.0   6288  -14.9  -26.4     37   0.94    325     14  320.0  323.4  320.2
  468.0   6352  -15.5  -26.5     38   0.94    334     13  320.1  323.5  320.2
  455.0   6564  -17.1  -36.1     18   0.39      3      9  320.6  322.1  320.7
  452.0   6613  -16.7  -44.1      7   0.17     10      8  321.7  322.4  321.7
  450.0   6647  -16.5  -49.5      4   0.09     13      8  322.4  322.8  322.4
  412.0   7303  -20.7  -56.7      2   0.04     63      7  325.2  325.4  325.2
  400.0   7520  -22.5  -54.5      4   0.06     80      7  325.7  325.9  325.7
  390.0   7704  -24.0  -54.3      4   0.06     85     10  326.0  326.3  326.0
  372.0   8046  -26.9  -53.9      6   0.07    104     14  326.6  326.9  326.7
  357.0   8340  -28.6  -53.5      7   0.07    120     17  328.2  328.5  328.2
  345.0   8585  -30.1  -53.1      9   0.08    123     19  329.4  329.8  329.4
  300.0   9560  -38.1  -65.1      4   0.02    135     29  331.6  331.6  331.6
  270.0  10276  -44.1  -66.1      7   0.02    147     29  333.0  333.1  333.0
  250.0  10790  -45.9  -68.9      6   0.01    155     29  337.7  337.8  337.7
  244.0  10952  -46.7  -69.7      6   0.01    157     31  338.9  338.9  338.9
  231.0  11312  -49.5  -70.5      7   0.01    160     37  339.9  339.9  339.9
  214.0  11814  -53.5  -71.5      9   0.01    160     30  341.2  341.3  341.2
  210.0  11936  -54.1  -72.3      9   0.01    160     28  342.2  342.2  342.2
  200.0  12250  -55.5  -74.5      8   0.01    170     24  344.7  344.8  344.7
  187.0  12673  -57.7  -76.2      8   0.01    185     19  347.8  347.9  347.8
  176.0  13055  -59.7  -77.8      8   0.01    180     21  350.6  350.6  350.6
  175.0  13091  -59.9  -77.9      8   0.01    182     21  350.9  350.9  350.9
  162.0  13568  -63.0                         205     28  353.4         353.4
  161.0  13607  -63.3                         205     29  353.6         353.6
  156.0  13800  -63.6                         205     32  356.4         356.4
  150.0  14040  -63.9                         195     30  359.8         359.8
  140.0  14462  -64.5                         190     16  365.9         365.9
  139.0  14505  -64.7                         190     14  366.2         366.2
  135.0  14682  -65.7                         220      8  367.5         367.5
  132.0  14818  -66.5                         255     11  368.5         368.5
  128.0  15004  -67.6                         260     17  369.9         369.9
  126.0  15100  -68.1                         255     18  370.6         370.6
  121.0  15344  -66.4                         225     18  377.9         377.9
  120.0  15394  -66.1                         227     18  379.5         379.5
  115.0  15650  -66.8                         240     17  382.7         382.7
  108.0  16027  -68.0                         230     14  387.6         387.6
  100.0  16490  -69.3                         255     18  393.6         393.6
   95.0  16796  -69.9                         250     24  398.1         398.1
   89.3  17165  -70.7                         217     27  403.7         403.7
   89.0  17185  -70.6                         215     27  404.3         404.3
   81.6  17704  -68.3                         146     11  419.2         419.2
   81.0  17748  -68.5                         140     10  419.7         419.7
   80.0  17822  -68.8                         170      4  420.6         420.6
   76.0  18129  -69.9                         205     10  424.4         424.4
   74.0  18289  -70.5                         172     13  426.4         426.4
   73.0  18370  -70.3                         155     15  428.6         428.6
   70.0  18620  -69.5                         130     12  435.4         435.4
   65.0  19066  -67.2                         140     11  449.6         449.6
   61.0  19448  -65.3                         125     19  462.1         462.1
   58.6  19690  -64.1                          92     18  470.2         470.2
   57.0  19859  -63.9                          70     18  474.4         474.4
   56.0  19967  -63.8                          70     11  477.1         477.1
   54.0  20189  -63.5                         110     11  482.7         482.7
   50.0  20660  -62.9                         105     19  494.8         494.8
   47.0  21042  -62.7                          90     23  504.0         504.0
   46.2  21148  -62.7                          91     23  506.6         506.6
   36.0  22707  -58.2                         110     24  555.8         555.8
   34.7  22937  -57.5                         106     26  563.4         563.4
   30.0  23860  -56.7                          90     33  589.5         589.5
   26.0  24775  -55.5                          75     36  617.5         617.5
   22.5  25699  -54.3                          75     30  647.1         647.1
   21.0  26145  -52.8                          75     27  664.5         664.5
   20.0  26460  -51.7                          75     27  677.2         677.2
   17.0  27526  -48.8                         100     23  718.7         718.7
   15.0  28348  -46.5                         100     27  752.3         752.3
   14.8  28436  -46.3                                     756.0         756.0
