
-----------------------------------------------------------------------------
   PRES   HGHT   TEMP   DWPT   RELH   MIXR   DRCT   SKNT   THTA   THTE   THTV
    hPa     m      C      C      %    g/kg    deg   knot     K      K      K 
-----------------------------------------------------------------------------
 1015.0      5   25.0   14.0     50   9.99     40      8  296.9  326.1  298.7
 1007.0     73   22.8   12.8     53   9.30     22     10  295.4  322.4  297.0
 1006.0     81   22.7   12.9     54   9.35     20     10  295.4  322.6  297.0
 1000.0    132   22.2   13.2     57   9.62     15     11  295.4  323.3  297.1
  925.0    803   15.8   11.5     76   9.29     35     11  295.5  322.5  297.1
  907.0    970   14.3   10.4     78   8.79     40     10  295.5  321.2  297.1
  904.0    998   14.0   10.2     78   8.71     42     10  295.6  321.0  297.1
  850.0   1515   10.2    7.7     84   7.81     75      7  296.8  319.8  298.2
  838.0   1633    9.5    6.9     84   7.48     90      4  297.3  319.4  298.6
  833.0   1683    9.2    6.5     83   7.34    100      6  297.5  319.2  298.8
  820.0   1815   13.6  -16.4     11   1.30    125     11  303.5  307.8  303.7
  815.0   1866   13.6  -14.4     13   1.55    127     12  304.0  309.1  304.3
  764.0   2402    9.2   -6.7     32   3.05    150     21  304.9  314.6  305.5
  749.0   2566    7.9   -4.3     42   3.72    140     16  305.2  316.9  305.9
  727.0   2813    5.8   -0.8     63   5.01    170     14  305.6  321.2  306.5
  714.0   2963    4.6    1.4     80   5.97    161     15  305.8  324.2  306.9
  706.0   3054    4.3   -1.1     68   5.02    155     16  306.4  322.1  307.4
  700.0   3124    4.0   -3.0     60   4.40    140     13  306.9  320.7  307.7
  683.0   3324    4.0  -18.0     18   1.37    115     10  309.1  313.7  309.3
  680.0   3359    3.8   -9.2     38   2.81    107      9  309.2  318.4  309.7
  674.0   3431    3.6  -11.4     32   2.38     90      7  309.8  317.6  310.2
  667.0   3516    3.1  -11.4     34   2.41     70      4  310.1  318.1  310.6
  647.0   3762    1.6  -11.4     37   2.48     39      5  311.1  319.4  311.6
  639.0   3861    1.0  -27.0     10   0.66     27      6  311.6  313.9  311.7
  635.0   3912    1.0  -16.0     27   1.74     20      6  312.1  318.0  312.5
  594.0   4443   -3.3  -17.3     33   1.67    313      8  313.1  318.8  313.5
  586.0   4551   -3.1  -23.1     20   1.02    299      9  314.6  318.2  314.8
  577.0   4673   -3.3  -27.3     14   0.71    283      9  315.8  318.3  315.9
  565.0   4839   -3.9  -14.9     42   2.14    262     10  317.0  324.2  317.4
  564.0   4853   -4.0  -14.8     43   2.15    260     10  317.0  324.3  317.4
  558.0   4936   -4.7  -14.5     46   2.24    245     10  317.2  324.8  317.6
  526.0   5397   -8.3  -12.5     72   2.81    250     11  318.2  327.7  318.8
  519.0   5502   -9.1  -12.0     79   2.95    241     10  318.5  328.4  319.0
  518.0   5517   -9.2  -12.2     78   2.91    240     10  318.6  328.3  319.1
  506.0   5698   -9.9  -14.9     67   2.39    260     11  319.8  327.9  320.3
  500.0   5790  -10.3  -16.3     61   2.15    255      9  320.4  327.8  320.8
  498.0   5821  -10.5  -17.5     56   1.95    255      9  320.5  327.3  320.9
  491.0   5930  -10.9  -25.9     28   0.95    253      9  321.4  324.8  321.5
  464.0   6364  -13.9  -24.9     39   1.10    248     10  322.9  326.8  323.1
  462.0   6397  -14.1  -21.1     55   1.55    248     10  323.0  328.5  323.3
  456.0   6497  -14.7  -24.7     42   1.14    247     10  323.5  327.6  323.7
  446.0   6663  -15.9  -25.6     43   1.08    245     10  324.0  327.9  324.2
  400.0   7480  -21.7  -29.7     48   0.82    270     10  326.7  329.8  326.9
  390.0   7666  -22.7  -33.7     36   0.57    261     14  327.8  329.9  327.9
  383.0   7797  -23.9  -34.1     39   0.56    255     16  327.9  330.1  328.1
  356.0   8327  -28.5  -35.5     51   0.52    261     18  328.6  330.6  328.7
  337.0   8715  -31.4  -44.0     28   0.23    265     19  329.8  330.7  329.8
  316.0   9170  -34.9  -53.9     13   0.08    243     22  331.1  331.5  331.1
  313.0   9236  -35.5  -53.7     14   0.08    240     22  331.2  331.6  331.3
  300.0   9530  -37.9  -52.9     19   0.09    245     23  331.8  332.2  331.9
  285.0   9879  -41.1  -52.1     29   0.11    246     24  332.1  332.6  332.2
  250.0  10750  -48.5  -59.5     27   0.05    250     28  333.8  334.1  333.8
  245.0  10883  -49.7  -60.7     26   0.04    245     27  334.0  334.2  334.0
  229.0  11318  -52.2  -63.9     23   0.03    230     23  336.6  336.8  336.6
  217.0  11665  -54.2  -66.4     21   0.02    240     27  338.7  338.8  338.7
  206.0  12000  -56.2  -68.9     19   0.02    230     28  340.7  340.8  340.7
  200.0  12190  -57.3  -70.3     18   0.01    240     32  341.9  341.9  341.9
  182.0  12786  -59.9  -74.9     12   0.01    251     41  347.0  347.0  347.0
  175.0  13030  -60.5                         255     45  349.8         349.8
  156.0  13746  -62.5                         245     50  358.3         358.3
  151.0  13949  -63.0                         250     48  360.7         360.7
  150.0  13990  -63.1                         250     49  361.2         361.2
  138.0  14502  -62.9                         250     71  370.3         370.3
  131.0  14821  -62.7                         255     57  376.1         376.1
  129.0  14916  -62.7                         254     59  377.8         377.8
  114.0  15661  -66.6                         250     72  384.1         384.1
  101.0  16391  -70.5                         245     42  390.1         390.1
  100.0  16450  -70.3                         250     43  391.6         391.6
   94.0  16820  -70.1                         250     34  399.0         399.0
   87.0  17282  -69.8                         200     24  408.5         408.5
   83.0  17563  -69.7                         195     11  414.3         414.3
   82.0  17635  -69.6                         245     11  415.9         415.9
   79.0  17858  -69.5                         270     18  420.6         420.6
   77.0  18011  -69.4                         255     14  423.8         423.8
   74.0  18248  -69.3                         270     13  429.0         429.0
   71.0  18495  -69.2                         240     14  434.4         434.4
   70.0  18580  -69.1                         255     14  436.2         436.2
   69.0  18666  -69.0                         260     15  438.3         438.3
   68.0  18754  -68.8                         250     12  440.5         440.5
   65.0  19025  -68.3                         160     10  447.2         447.2
   62.0  19308  -67.9                          85     10  454.3         454.3
   57.4  19771  -67.1                         218      9  466.2         466.2
   57.0                                       230      9                     
