
-----------------------------------------------------------------------------
   PRES   HGHT   TEMP   DWPT   RELH   MIXR   DRCT   SKNT   THTA   THTE   THTV
    hPa     m      C      C      %    g/kg    deg   knot     K      K      K 
-----------------------------------------------------------------------------
 1017.0      5   28.6   22.6     70  17.31     50     10  300.3  351.3  303.4
 1010.0     67   26.6   20.6     70  15.37     44     10  298.9  343.9  301.6
 1000.0    155   25.8   21.3     76  16.23     35     10  298.9  346.4  301.9
  958.0    532   22.4   20.2     87  15.82     30     12  299.2  345.5  302.0
  925.0    838   20.8   18.4     86  14.62     25     14  300.6  343.6  303.2
  916.9    914   20.4   17.9     85  14.23     25     14  301.0  343.0  303.5
  850.0   1567   17.4   13.1     76  11.27     25     18  304.4  338.2  306.4
  834.0   1730   16.6   12.3     76  10.89     26     18  305.2  338.1  307.2
  810.0   1979   17.0    6.0     48   7.29     29     18  308.2  330.7  309.5
  795.4   2134   16.6    4.2     44   6.56     30     18  309.4  329.9  310.6
  767.5   2438   15.9    0.8     36   5.30     35     15  311.8  328.6  312.8
  749.0   2645   15.4   -1.6     31   4.56     21     15  313.4  328.1  314.2
  740.4   2743   14.6   -0.2     36   5.13     15     15  313.6  330.1  314.6
  718.0   3002   12.6    3.6     54   6.95     18     20  314.1  336.2  315.4
  700.0   3215   11.4    1.4     50   6.09     20     24  315.1  334.6  316.2
  663.5   3658    9.0   -5.9     34   3.73     30     25  317.3  329.6  318.0
  639.6   3962    7.4  -10.9     26   2.61     40     24  318.8  327.6  319.3
  628.0   4114    6.6  -13.4     22   2.18     40     25  319.5  327.0  319.9
  617.0   4258    5.2   -3.8     52   4.71     40     25  319.5  335.1  320.4
  616.3   4267    5.1   -3.9     52   4.69     40     25  319.6  335.0  320.5
  532.0   5451   -3.1  -10.1     58   3.35     16     28  323.4  334.8  324.1
  529.6   5486   -3.0  -12.7     47   2.73     15     28  323.9  333.3  324.4
  525.0   5556   -2.9  -17.9     30   1.79     17     29  324.9  331.2  325.2
  512.0   5754   -4.1  -30.1     11   0.62     21     33  325.8  328.1  325.9
  500.0   5940   -5.3  -27.3     16   0.82     25     36  326.5  329.6  326.7
  471.2   6401   -8.8  -31.7     14   0.57     25     37  327.8  330.0  327.9
  470.0   6421   -8.9  -31.9     14   0.57     25     37  327.9  330.0  328.0
  428.0   7139  -12.3  -45.3      5   0.16     31     35  332.4  333.1  332.5
  400.0   7650  -16.5  -43.5      8   0.20     35     33  333.5  334.3  333.5
  384.0   7956  -18.7  -48.7      5   0.12     37     31  334.5  335.0  334.5
  372.0   8192  -20.5  -35.5     25   0.50     38     29  335.1  337.1  335.2
  354.9   8534  -22.9  -40.0     19   0.33     40     27  336.5  337.8  336.6
  304.0   9656  -30.7  -54.7      8   0.07     12     21  340.7  341.0  340.7
  300.0   9750  -31.7  -54.7      8   0.08     10     20  340.6  340.9  340.6
  274.5  10363  -37.0  -59.0      8   0.05     10     14  341.7  341.9  341.7
  251.3  10973  -42.2  -63.2      8   0.03    340     10  342.7  342.8  342.7
  250.0  11010  -42.5  -63.5      8   0.03    340      8  342.7  342.9  342.8
  240.1  11278  -44.7  -65.4      8   0.02      0      6  343.4  343.5  343.4
  222.0  11801  -49.1  -69.1      8   0.02     40      8  344.4  344.5  344.4
  209.1  12192  -51.2  -71.8      7   0.01     70     10  347.1  347.2  347.2
  200.0  12480  -52.7  -73.7      6   0.01     80     21  349.1  349.2  349.1
  190.1  12802  -54.7  -76.2      5   0.01     85     22  351.1  351.1  351.1
  172.7  13411  -58.4  -80.9      4   0.00     60     31  354.7  354.8  354.7
  166.0  13664  -59.9  -82.9      3   0.00     52     29  356.2  356.2  356.2
  164.6  13716  -60.3                          50     29  356.4         356.4
  150.0  14290  -64.5                          50     28  358.8         358.8
  149.1  14326  -64.8                          55     28  358.9         358.9
  144.0  14538  -66.5                          52     27  359.5         359.5
  134.6  14935  -68.8                          45     25  362.4         362.4
  121.3  15545  -72.4                         105     17  366.7         366.7
  100.0  16680  -79.1                          85     19  374.6         374.6
   99.3  16720  -79.3                          90     18  375.0         375.0
   98.5  16764  -79.2                          75     24  376.0         376.0
   97.0  16854  -79.1                         105     17  377.9         377.9
   93.4  17069  -78.8                          85     19  382.6         382.6
   82.0  17815  -77.8                          60     35  399.2         399.2
   79.0  18028  -77.5                          55     27  404.1         404.1
   75.0  18325  -77.0                          65     12  411.0         411.0
   74.0  18402  -77.0                          90      9  412.8         412.8
   73.0  18480  -76.8                         135     12  414.7         414.7
   71.0  18639  -76.6                         145     19  418.5         418.5
   70.0  18720  -76.5                         140     21  420.4         420.4
   68.6  18837  -76.3                         124     20  423.3         423.3
   65.0  19156  -74.7                          80     19  433.3         433.3
   59.0  19730  -71.9                         120     18  451.7         451.7
   57.0  19934  -70.9                         110     24  458.5         458.5
   55.0  20146  -69.9                          75     21  465.6         465.6
   50.0  20710  -67.1                         100     24  484.9         484.9
   43.8  21515  -62.7                          78     40  514.4         514.4
   43.0  21629  -62.5                          75     42  517.5         517.5
   40.0  22076  -61.8                          50     35  530.1         530.1
   36.0  22726  -60.8                          65     26  548.9         548.9
   34.8  22936  -60.5                          80     28  555.1         555.1
   34.0  23082  -59.6                          90     29  561.2         561.2
   32.0  23464  -57.2                          85     37  577.3         577.3
   30.0  23870  -54.7                          90     32  594.9         594.9
   29.0  24088  -54.0                          90     30  602.8         602.8
   27.0  24549  -52.4                         110     27  619.6         619.6
   26.4  24694  -51.9                         107     27  625.0         625.0
   23.0  25586  -52.4                          90     28  648.7         648.7
   20.7  26268  -52.7                          98     24  667.5         667.5
   20.0  26490  -52.7                         100     23  674.1         674.1
   19.0  26822  -52.3                         105     33  685.3         685.3
   18.1  27135  -51.9                          98     38  696.1         696.1
   16.0  27948  -45.7                          80     51  741.3         741.3
   15.5  28157  -44.1                                     753.3         753.3
