
-----------------------------------------------------------------------------
   PRES   HGHT   TEMP   DWPT   RELH   MIXR   DRCT   SKNT   THTA   THTE   THTV
    hPa     m      C      C      %    g/kg    deg   knot     K      K      K 
-----------------------------------------------------------------------------
 1013.0      5   26.4   19.4     65  14.20     30     10  298.4  340.0  301.0
 1011.0     22   25.8   16.8     58  12.04     28     10  298.0  333.2  300.2
 1000.0    114   24.4   17.4     65  12.66     20     10  297.6  334.5  299.8
  980.0    291   22.6   17.6     73  13.09      5     11  297.5  335.6  299.8
  960.0    469   21.2   16.3     73  12.27    350     12  297.9  333.7  300.0
  925.0    791   18.8   13.9     73  10.90    350     17  298.5  330.5  300.5
  912.0    912   18.2   12.4     69  10.02    355     19  299.1  328.7  300.9
  881.0   1209   16.8    8.8     59   8.13    340     14  300.6  324.9  302.1
  861.0   1405   15.7    9.9     69   9.00    330     11  301.4  328.3  303.1
  850.0   1514   15.0   10.6     75   9.53    310      9  301.9  330.3  303.6
  843.0   1584   14.8   10.9     77   9.80    303      9  302.4  331.7  304.1
  824.0   1778   15.6    5.6     51   6.97    285      9  305.2  326.5  306.4
  805.0   1975   15.4    1.4     39   5.29    267     10  307.0  323.5  308.0
  796.0   2071   15.2    3.2     45   6.09    258     10  307.8  326.7  308.9
  769.0   2360   12.7    2.9     51   6.18    230     10  308.2  327.4  309.3
  736.0   2728    9.6    2.6     62   6.31    226     10  308.6  328.3  309.8
  726.0   2841    9.0    1.2     58   5.77    225     10  309.2  327.3  310.3
  700.0   3143    7.4   -2.6     49   4.54    220      2  310.6  325.1  311.5
  692.0   3238    6.8   -0.2     61   5.48    234      2  311.0  328.4  312.0
  668.0   3525    5.0   -1.1     65   5.32    275      1  312.2  329.1  313.2
  619.0   4145    1.2   -3.0     73   4.99    280     10  314.7  330.8  315.6
  616.0   4185    1.0   -3.1     74   4.97    276     11  314.9  330.9  315.8
  613.0   4224    1.4   -4.6     64   4.46    271     11  315.8  330.3  316.6
  602.0   4369    0.2   -4.8     69   4.46    255     14  316.0  330.5  316.9
  569.0   4819   -3.5   -5.6     85   4.45    273     16  316.8  331.3  317.6
  549.0   5102   -3.8  -11.7     55   2.87    285     17  319.6  329.4  320.2
  545.0   5160   -3.9  -12.9     50   2.61    276     17  320.2  329.1  320.7
  536.0   5292   -3.0  -42.6      3   0.17    255     16  322.8  323.5  322.9
  535.0   5307   -2.9  -45.9      2   0.12    255     16  323.1  323.6  323.1
  513.0   5638   -4.3  -53.3      1   0.05    255     17  325.3  325.6  325.4
  500.0   5840   -5.7  -53.7      1   0.05    255     18  326.0  326.2  326.0
  485.0   6073   -7.5  -52.2      1   0.06    245     16  326.7  326.9  326.7
  437.0   6872  -13.7  -47.2      4   0.12    255     28  328.7  329.2  328.8
  415.0   7268  -16.7  -44.7      7   0.17    245     27  329.7  330.4  329.7
  400.0   7550  -18.9  -42.9     10   0.22    235     35  330.3  331.2  330.4
  394.0   7662  -19.9  -41.9     12   0.25    242     38  330.5  331.5  330.5
  382.0   7890  -20.8  -44.4     10   0.19    255     45  332.3  333.1  332.3
  351.0   8513  -23.1  -51.1      6   0.10    250     51  337.2  337.7  337.3
  325.0   9071  -28.3  -50.3     10   0.12    245     57  337.6  338.1  337.6
  302.0   9593  -31.6  -57.3      6   0.06    240     62  340.1  340.3  340.1
  300.0   9640  -31.9  -57.9      6   0.05    240     61  340.3  340.5  340.3
  250.0  10900  -40.1  -75.1      1   0.01    250     48  346.3  346.3  346.3
  243.0  11094  -41.5  -76.5      1   0.00    249     49  347.0  347.1  347.0
  200.0  12390  -51.9  -79.9      2   0.00    245     54  350.4  350.4  350.4
  193.0  12616  -53.7  -80.6      2   0.00    245     56  351.1  351.1  351.1
  171.0  13385  -59.9  -82.9      3   0.00    238     53  353.2  353.2  353.2
  150.0  14190  -66.1                         230     49  356.0         356.0
  126.0  15221  -72.6                         225     43  362.5         362.5
  119.0  15559  -74.7                         225     47  364.6         364.6
  111.0  15971  -77.3                         230     40  367.0         367.0
  102.0  16456  -78.0                         230     27  374.8         374.8
  100.0  16570  -78.1                         235     28  376.6         376.6
   97.1  16738  -78.5                         240     29  379.0         379.0
   97.0  16743  -78.5                         240     29  379.1         379.1
   93.5  16953  -78.1                         240     18  383.9         383.9
   91.2  17097  -72.1                         240     11  398.5         398.5
   91.0  17110  -72.2                         240     10  398.6         398.6
   89.0  17238  -73.2                         280      3  399.2         399.2
   83.0  17642  -76.2                         305     10  401.0         401.0
   80.0  17855  -77.8                         310     13  401.9         401.9
   79.5  17891  -78.1                         310     13  402.1         402.1
   78.0  18000  -77.8                         290     10  404.9         404.9
   75.0  18225  -77.3                           0      0  410.6         410.6
   71.0  18539  -76.5                         265     10  418.7         418.7
   70.0  18620  -76.3                         265     10  420.8         420.8
   62.0  19327  -74.6                         110     17  439.4         439.4
   60.0  19518  -74.2                          95     15  444.6         444.6
   59.8  19538  -74.1                          98     15  445.1         445.1
   59.0  19618  -73.3                         110     14  448.5         448.5
   55.0  20036  -69.4                          80     25  466.7         466.7
   54.0  20145  -68.3                          70     20  471.5         471.5
   53.2  20234  -67.5                          74     17  475.5         475.5
   52.0  20372  -67.4                          80     13  478.8         478.8
   50.0  20610  -67.3                          80     24  484.5         484.5
   49.0  20733  -67.0                          55     22  488.0         488.0
   47.0  20987  -66.4                          70     16  495.3         495.3
   45.0  21252  -65.7                          65     32  503.1         503.1
   44.0  21389  -65.4                          50     27  507.1         507.1
   39.0  22124  -63.6                          60     19  529.5         529.5
   37.2  22412  -62.9                          33     22  538.5         538.5
   37.0  22445  -62.7                          30     22  539.8         539.8
   35.0  22794  -60.8                          50     16  553.5         553.5
   34.0  22975  -59.7                          65     13  560.8         560.8
   31.0  23554  -56.5                         100     15  584.6         584.6
   30.0  23760  -55.3                          95     21  593.3         593.3
   27.6  24294  -53.3                          79     23  613.2         613.2
   27.0  24436  -53.1                          75     24  617.5         617.5
   24.0  25197  -52.1                         120     17  641.5         641.5
   23.0  25472  -51.8                          80     19  650.4         650.4
   22.2  25701  -51.5                          84     18  657.9         657.9
   22.0                                        85     18                     
