
-----------------------------------------------------------------------------
   PRES   HGHT   TEMP   DWPT   RELH   MIXR   DRCT   SKNT   THTA   THTE   THTV
    hPa     m      C      C      %    g/kg    deg   knot     K      K      K 
-----------------------------------------------------------------------------
 1015.0      5   24.0   16.0     61  11.39    215      8  295.9  328.9  297.9
 1009.0     57   22.2   14.2     60  10.18    209      8  294.6  324.1  296.4
 1000.0    135   21.6   14.6     64  10.55    200      9  294.8  325.3  296.6
  993.0    196   21.0   14.4     66  10.48    195     10  294.8  325.1  296.6
  980.0    310   20.0   14.0     68  10.35    194     11  294.9  324.8  296.7
  977.0    337   20.6   13.6     64  10.11    194     11  295.7  325.1  297.5
  925.0    809   17.6    9.6     59   8.17    190     13  297.3  321.4  298.8
  873.0   1298   14.0    6.7     61   7.11    175     21  298.6  319.7  299.8
  850.0   1524   12.4    5.4     62   6.66    175     25  299.1  319.1  300.3
  846.0   1564   12.1    4.8     61   6.44    175     26  299.2  318.5  300.4
  834.0   1683   11.2    3.2     58   5.81    180     26  299.5  317.0  300.5
  811.0   1917   11.8   -9.2     22   2.36    190     25  302.5  310.1  303.0
  808.0   1948   12.0   -9.0     22   2.41    191     25  303.1  310.8  303.5
  800.0   2031   11.5   -9.8     22   2.28    195     25  303.4  310.7  303.8
  729.0   2800    6.7  -17.2     16   1.37    175     24  306.3  310.9  306.5
  725.0   2846    6.4  -17.6     16   1.33    176     25  306.4  310.9  306.7
  700.0   3133    5.4  -25.6      9   0.68    185     31  308.4  310.8  308.6
  665.0   3551    4.8  -44.2      1   0.11    182     38  312.3  312.8  312.3
  647.0   3771    3.2  -43.8      2   0.12    180     41  313.0  313.5  313.0
  607.0   4283   -0.5  -42.8      2   0.15    175     36  314.5  315.1  314.5
  580.0   4648   -3.1  -42.1      3   0.16    185     35  315.5  316.2  315.6
  554.0   5009   -4.5  -47.4      2   0.10    195     34  318.0  318.4  318.0
  534.0   5299   -5.7  -51.7      1   0.06    197     35  319.9  320.2  320.0
  500.0   5810   -9.7  -31.7     15   0.54    200     38  321.1  323.2  321.2
  489.0   5981  -11.1  -31.1     17   0.59    200     40  321.5  323.7  321.6
  484.0   6060  -10.7  -40.7      7   0.23    200     41  322.9  323.8  323.0
  467.0   6332  -13.2  -35.1     14   0.42    200     44  323.1  324.7  323.2
  457.0   6497  -14.7  -31.7     22   0.59    201     42  323.2  325.5  323.4
  430.0   6951  -18.1  -36.5     18   0.39    205     38  324.6  326.1  324.7
  400.0   7490  -22.1  -42.1     15   0.24    215     48  326.2  327.1  326.2
  381.0   7846  -24.2  -49.9      7   0.11    215     54  328.0  328.4  328.0
  380.0   7866  -24.3  -50.3      7   0.10    215     54  328.1  328.5  328.1
  308.0   9354  -36.7  -68.1      2   0.01    195     42  331.0  331.0  331.0
  300.0   9540  -38.3  -70.3      2   0.01    200     42  331.3  331.3  331.3
  281.0   9982  -42.1  -69.8      3   0.01    215     44  332.1  332.2  332.1
  255.0  10638  -47.6  -69.2      7   0.01    215     49  333.2  333.3  333.2
  253.0  10691  -48.1  -69.1      7   0.01    217     48  333.3  333.4  333.3
  250.0  10770  -48.1  -69.1      7   0.01    220     47  334.4  334.5  334.4
  239.0  11063  -49.7  -71.3      6   0.01    235     39  336.3  336.4  336.3
  229.0  11341  -51.2  -73.4      5   0.01    250     47  338.1  338.2  338.1
  215.0  11751  -53.5  -76.5      4   0.01    255     68  340.8  340.8  340.8
  205.0  12059  -50.7  -76.7      3   0.01    258     84  349.8  349.9  349.8
  200.0  12220  -51.1  -78.1      3   0.00    260     92  351.7  351.7  351.7
  193.0  12447  -52.5  -79.0      3   0.00    260     98  353.0  353.0  353.0
  161.0  13602  -59.9  -83.9      3   0.00    269     98  359.3  359.4  359.3
  158.0  13718  -60.8                         270     98  359.8         359.8
  150.0  14040  -63.1                         270     95  361.2         361.2
  148.0  14122  -63.7                         269     93  361.5         361.5
  123.0  15238  -67.7                         260     67  373.9         373.9
  113.0  15750  -69.5                         285     54  379.6         379.6
  109.0  15967  -70.3                         280     57  382.1         382.1
  100.0  16480  -69.1                         260     39  394.0         394.0
   89.0  17173  -70.8                         240     19  403.9         403.9
   82.8  17602  -71.9                         274     14  410.1         410.1
   80.0  17806  -71.3                         290     11  415.3         415.3
   78.0  17957  -70.9                         290     13  419.2         419.2
   71.0  18516  -69.3                         240     23  434.0         434.0
   70.0  18600  -69.1                         230     21  436.2         436.2
   68.0  18776  -68.5                         215     15  441.1         441.1
   67.0  18866  -68.2                         215     11  443.6         443.6
   65.0  19049  -67.7                         250     10  448.7         448.7
   64.0  19143  -67.3                         240     11  451.4         451.4
   58.0  19740  -65.4                         100     10  468.6         468.6
   53.0  20287  -63.6                          70      5  484.9         484.9
   52.0  20402  -63.3                         110     10  488.5         488.5
   50.0  20640  -62.5                          95     14  495.8         495.8
   49.0  20766  -62.2                          75     10  499.4         499.4
   45.0  21297  -60.7                          85     12  515.2         515.2
   44.0  21437  -60.4                          75     10  519.4         519.4
   42.0  21727  -59.6                         110     11  528.3         528.3
   39.0  22189  -58.3                         100     11  542.8         542.8
   38.9  22205  -58.3                         101     11  543.3         543.3
   37.0  22519  -59.0                         125     10  549.4         549.4
   36.6  22587  -59.1                         109     12  550.7         550.7
   36.0  22692  -58.6                          85     14  554.5         554.5
   35.0  22871  -57.9                          80     16  561.0         561.0
   34.0  23055  -57.1                         110     14  567.7         567.7
   31.0  23642  -54.6                          55     21  589.7         589.7
   30.0  23850  -53.7                          60     24  597.6         597.6
   27.6  24389  -50.9                          63     22  619.9         619.9
   26.0  24781  -50.3                          65     20  632.2         632.2
   23.0  25584  -49.1                          55     10  658.3         658.3
   22.0  25875  -48.6                         110     12  668.1         668.1
   20.0  26500  -47.7                         140     15  689.4         689.4
   19.3  26735  -47.3                         126     14  697.7         697.7
   18.0  27198  -46.5                         100     11  714.4         714.4
   17.0  27577  -45.8                         110     11  728.3         728.3
   16.9  27616  -45.7                                     729.8         729.8
