
-----------------------------------------------------------------------------
   PRES   HGHT   TEMP   DWPT   RELH   MIXR   DRCT   SKNT   THTA   THTE   THTV
    hPa     m      C      C      %    g/kg    deg   knot     K      K      K 
-----------------------------------------------------------------------------
 1010.0      5   25.6   20.6     74  15.37    145      8  297.9  342.7  300.6
 1007.0     32   24.8   15.8     57  11.33    142      8  297.4  330.4  299.4
 1000.0     96   24.4   19.4     74  14.39    135      8  297.6  339.4  300.1
  999.0    105   24.2   19.2     74  14.22    135      8  297.4  338.8  300.0
  974.0    326   21.6   17.9     79  13.43    142      8  297.0  336.0  299.4
  935.0    679   18.6   17.7     95  13.82    152      9  297.4  337.6  299.9
  925.0    771   18.0   16.8     93  13.18    155      9  297.7  336.1  300.1
  919.0    827   17.2   15.3     89  12.03    153      9  297.4  332.5  299.6
  850.0   1493   14.4   11.6     83  10.19    130     13  301.2  331.5  303.1
  831.0   1684   13.2   11.0     87  10.01    133     13  301.9  331.8  303.7
  811.0   1889   13.0    6.0     62   7.28    137     12  303.8  325.9  305.1
  805.0   1952   12.6    7.9     73   8.37    138     12  304.0  329.4  305.6
  779.0   2227   11.0    4.0     62   6.59    143     11  305.2  325.4  306.4
  775.0   2270   12.6  -14.4     14   1.63    144     11  307.3  312.8  307.6
  770.0   2324   13.0  -24.0      6   0.72    145     11  308.3  310.9  308.5
  700.0   3116    8.2  -34.8      3   0.29    160      9  311.5  312.6  311.6
  625.0   4041    2.6  -28.4      8   0.59    199      9  315.4  317.5  315.5
  617.0   4145    3.0  -41.0      2   0.17    203      9  317.0  317.7  317.0
  551.0   5049   -3.9  -45.9      2   0.11    242     10  319.2  319.7  319.3
  500.0   5810   -7.3  -55.3      1   0.04    275     10  324.1  324.3  324.1
  433.0   6910  -16.9  -57.9      2   0.04    291     25  325.5  325.6  325.5
  405.0   7408  -20.9  -32.9     33   0.60    299     33  326.6  328.8  326.7
  400.0   7500  -21.5  -30.5     44   0.76    300     34  327.0  329.8  327.1
  377.0   7933  -24.1  -25.6     87   1.27    303     44  329.1  333.8  329.4
  375.0   7972  -24.5  -26.5     83   1.18    303     45  329.1  333.4  329.3
  368.0   8109  -23.1  -52.1      5   0.08    304     48  332.7  333.1  332.7
  358.0   8310  -22.5  -61.5      2   0.03    306     52  336.1  336.3  336.1
  300.0   9580  -31.5  -59.5      5   0.04    315     81  340.9  341.1  340.9
  267.0  10393  -36.8  -71.0      2   0.01    320     85  344.6  344.7  344.6
  253.0  10768  -39.3  -76.3      1   0.00    316     81  346.3  346.3  346.3
  250.0  10850  -39.9  -75.9      1   0.01    315     80  346.6  346.6  346.6
  200.0  12330  -52.9  -75.9      5   0.01    310     83  348.8  348.9  348.8
  199.0  12362  -53.3  -76.3      4   0.01    310     83  348.7  348.7  348.7
  166.0  13513  -59.9  -82.9      3   0.00    300     68  356.2  356.2  356.2
  150.0  14140  -64.1                         295     60  359.5         359.5
  119.0  15528  -72.9                         275     58  367.9         367.9
  100.0  16550  -72.5                         290     29  387.4         387.4
   93.0  16979  -71.0                         295     24  398.4         398.4
   92.4  17017  -70.9                         299     24  399.4         399.4
   88.0  17305  -72.7                         325     22  401.5         401.5
   87.9  17312  -72.7                         325     22  401.5         401.5
   75.0  18249  -70.8                         285     10  424.2         424.2
   73.4  18377  -70.5                         307     10  427.4         427.4
   71.0  18575  -69.0                         340     10  434.8         434.8
   70.0  18660  -68.3                         345     12  437.9         437.9
   64.0  19206  -66.3                           5     11  453.7         453.7
   58.0  19806  -64.0                          60     10  471.7         471.7
   56.0  20020  -63.3                          35     10  478.2         478.2
   52.0  20471  -61.6                          65     11  492.4         492.4
   50.0  20710  -60.7                          70     16  500.0         500.0
   44.0  21509  -59.9                          40     17  520.5         520.5
   38.0  22426  -59.0                          90     17  545.0         545.0
   33.6  23195  -58.3                          81     19  566.5         566.5
   31.0  23703  -57.2                          75     21  582.7         582.7
   30.0  23910  -56.7                          70     19  589.5         589.5
   26.0  24828  -53.7                          70     16  622.6         622.6
   25.0  25080  -52.9                          90      8  632.0         632.0
   23.0  25615  -51.1                                     652.4         652.4
