
-----------------------------------------------------------------------------
   PRES   HGHT   TEMP   DWPT   RELH   MIXR   DRCT   SKNT   THTA   THTE   THTV
    hPa     m      C      C      %    g/kg    deg   knot     K      K      K 
-----------------------------------------------------------------------------
 1016.0      5   26.6   18.6     61  13.45    355      7  298.4  337.7  300.8
 1011.0     49   25.0   16.0     57  11.43    352      7  297.2  330.6  299.3
 1000.0    145   24.0   17.0     65  12.34    345      8  297.1  333.1  299.4
  945.0    638   19.6   15.5     77  11.85    305      4  297.5  332.1  299.6
  926.0    813   18.6   12.8     69  10.09    290      3  298.3  327.9  300.1
  925.0    822   18.6   12.6     68  10.00    290      3  298.3  327.7  300.1
  921.0    859   18.4   12.4     68   9.91    277      4  298.5  327.7  300.3
  913.0    934   19.6    4.6     37   5.86    250      5  300.5  318.2  301.5
  910.0    962   20.4   13.4     64  10.72    240      6  301.6  333.5  303.5
  896.0   1097   23.0    0.0     22   4.29    192      8  305.6  319.1  306.4
  891.0   1145   22.4    7.4     38   7.30    175      9  305.5  327.8  306.8
  888.0   1175   22.6    3.3     28   5.49    165     10  305.9  323.0  306.9
  884.0   1214   22.8   -2.2     19   3.70    161     10  306.6  318.3  307.2
  866.0   1392   21.8   -3.2     19   3.50    144     11  307.3  318.5  308.0
  857.0   1482   21.0   -1.7     22   3.95    135     12  307.4  320.0  308.2
  850.0   1553   20.4   -0.6     24   4.33    115     11  307.5  321.2  308.3
  844.0   1613   19.9   -0.4     26   4.42    100     13  307.6  321.6  308.4
  820.0   1857   17.9    0.4     31   4.82    105     16  308.0  323.2  308.9
  806.0   2003   16.7    0.8     34   5.08    130     17  308.2  324.2  309.2
  746.0   2658   11.2    3.0     57   6.39    160     22  309.2  329.2  310.4
  729.0   2854    9.6    3.6     66   6.84    156     24  309.5  330.8  310.8
  701.0   3178    8.2   -7.8     31   3.05    150     27  311.4  321.4  312.0
  700.0   3190    8.2   -7.8     31   3.05    150     27  311.5  321.5  312.1
  693.0   3273    7.4   -1.6     53   4.94    146     29  311.5  327.3  312.5
  691.0   3297    7.5   -2.9     48   4.48    145     30  311.9  326.3  312.7
  679.0   3441    8.0  -11.0     25   2.44    138     25  314.0  322.2  314.5
  666.0   3597    6.9  -11.2     26   2.45    130     19  314.6  322.8  315.0
  615.0   4240    2.5  -11.9     34   2.50    160     10  316.7  325.2  317.2
  592.0   4547    0.4  -12.3     38   2.52    215     12  317.7  326.3  318.2
  583.0   4671   -0.5  -12.5     40   2.53    220     10  318.1  326.7  318.6
  564.0   4938   -2.3  -12.8     44   2.55    195     10  319.0  327.7  319.5
  552.0   5112   -3.5  -13.0     48   2.56    195     10  319.6  328.3  320.1
  546.0   5200   -4.1  -13.1     50   2.57    196      9  319.8  328.6  320.3
  539.0   5302   -4.1  -18.1     33   1.72    197      9  321.0  327.0  321.4
  521.0   5568   -5.8  -19.8     32   1.54    200      7  322.1  327.6  322.4
  507.0   5781   -7.1  -21.1     32   1.41    225     10  323.0  328.0  323.3
  501.0   5874   -7.7  -21.7     32   1.35    234     13  323.4  328.2  323.7
  500.0   5890   -7.9  -22.9     29   1.22    235     13  323.3  327.7  323.6
  498.0   5921   -8.0  -24.1     26   1.10    240     13  323.6  327.6  323.8
  472.0   6338   -9.6  -40.1      6   0.25    210     11  326.6  327.6  326.6
  471.0   6355   -9.7  -40.7      6   0.23    210     11  326.7  327.6  326.7
  456.0   6605  -11.1  -34.1     13   0.47    210     15  328.0  329.8  328.1
  450.0   6706  -11.9  -33.6     15   0.50    210     16  328.2  330.1  328.3
  429.0   7072  -14.9  -31.9     22   0.62    234     18  328.9  331.3  329.0
  428.0   7090  -15.0  -32.1     22   0.61    235     18  329.0  331.3  329.1
  400.0   7600  -18.5  -37.5     17   0.38    225     15  330.9  332.4  330.9
  393.0   7729  -19.5  -38.9     16   0.34    220     15  331.2  332.6  331.3
  348.0   8620  -26.5  -48.5     11   0.14    244     26  333.5  334.0  333.5
  346.0   8661  -26.9  -48.4     11   0.14    245     27  333.5  334.1  333.5
  324.0   9130  -31.3  -47.3     19   0.17    247     31  333.7  334.4  333.8
  301.0   9647  -35.1  -55.0     11   0.07    250     36  335.4  335.8  335.4
  300.0   9670  -35.3  -55.3     11   0.07    250     36  335.5  335.8  335.5
  297.0   9740  -35.7  -54.7     12   0.08    249     36  335.9  336.2  335.9
  250.0  10910  -46.5  -61.5     17   0.04    235     40  336.8  337.0  336.8
  246.0  11017  -47.7  -61.7     18   0.04    234     42  336.6  336.7  336.6
  235.0  11312  -50.1  -63.4     19   0.03    230     47  337.4  337.5  337.4
  207.0  12131  -56.8  -68.0     23   0.02    230     38  339.3  339.4  339.3
  205.0  12194  -57.3  -68.3     23   0.02    237     35  339.5  339.6  339.5
  201.0  12318  -57.0  -69.6     19   0.02    250     30  341.9  342.0  341.9
  200.0  12350  -56.9  -69.9     18   0.02    250     30  342.5  342.6  342.5
  199.0  12382  -56.5  -69.5     18   0.02    252     30  343.6  343.7  343.6
  196.0  12477  -57.1  -70.1     18   0.02    260     32  344.2  344.3  344.2
  182.0  12943  -59.9  -72.9     17   0.01    264     36  347.0  347.0  347.0
  150.0  14140  -63.3                         275     47  360.8         360.8
  134.0  14822  -66.7                         280     37  366.6         366.6
  124.0  15291  -69.1                         290     51  370.6         370.6
  123.0  15340  -69.3                         287     48  371.0         371.0
  119.0  15538  -67.8                         275     35  377.2         377.2
  117.0  15640  -67.1                         285     30  380.4         380.4
  116.0  15691  -67.2                         290     27  381.0         381.0
  114.0  15796  -67.5                         300     31  382.4         382.4
  109.0  16064  -68.3                         295     38  385.9         385.9
  105.0  16288  -68.9                         310     31  388.9         388.9
  100.0  16580  -69.7                         305     31  392.8         392.8
   88.0  17332  -73.0                         295     31  400.7         400.7
   83.0  17677  -74.6                         275     19  404.3         404.3
   82.0  17748  -74.9                         280     16  405.1         405.1
   80.0  17893  -73.0                         310     16  411.9         411.9
   77.9  18049  -70.9                         275     12  419.4         419.4
   77.0  18118  -71.2                         260     10  420.2         420.2
   74.0  18352  -72.0                         255      1  423.2         423.2
   72.3  18490  -72.5                         320      5  425.0         425.0
   70.0  18680  -71.7                          50     10  430.7         430.7
   64.0  19209  -71.8                          35     27  441.5         441.5
   61.6  19434  -71.9                         359     17  446.2         446.2
   61.0  19493  -71.5                         350     14  448.4         448.4
   60.0  19592  -70.8                         345     10  452.0         452.0
   59.0  19693  -70.1                          20      2  455.7         455.7
   58.0  19796  -69.4                          60     10  459.5         459.5
   57.0  19901  -68.7                          40     13  463.4         463.4
   55.0  20116  -67.3                         245      2  471.5         471.5
   50.4  20641  -63.7                         140      6  491.8         491.8
   50.0  20690  -63.7                         130      6  492.9         492.9
   47.0  21069  -64.6                         115     10  499.6         499.6
   46.0  21201  -64.9                         103     10  501.9         501.9
   45.0  21337  -64.5                          90      9  506.1         506.1
   43.0  21618  -63.7                         120     10  514.7         514.7
   41.0  21912  -62.8                          85     15  523.9         523.9
   38.0  22382  -61.4                          70     26  538.9         538.9
   37.0  22547  -61.0                          65     22  544.3         544.3
   35.0  22891  -60.0                         105     20  555.6         555.6
   34.9  22909  -59.9                         104     20  556.2         556.2
   33.0  23257  -61.2                          75     21  561.6         561.6
   31.6  23527  -62.3                          75     19  565.8         565.8
   31.0  23646  -61.3                          75     18  571.5         571.5
   30.0  23850  -59.7                         100     28  581.3         581.3
   29.0  24064  -59.2                          80     32  588.3         588.3
   28.0  24285  -58.7                          95     23  595.7         595.7
   26.0  24752  -57.6                          75     29  611.5         611.5
   25.0  24999  -57.0                          90     32  620.1         620.1
   23.5  25389  -56.1                          79     31  633.8         633.8
   23.0  25528  -55.2                          75     31  640.3         640.3
   22.0  25815  -53.4                          90     34  653.9         653.9
   20.0  26430  -49.5                          90     43  683.9         683.9
   19.0  26767  -47.7                          85     42  699.6         699.6
   18.9  26802  -47.5                                     701.2         701.2
