
-----------------------------------------------------------------------------
   PRES   HGHT   TEMP   DWPT   RELH   MIXR   DRCT   SKNT   THTA   THTE   THTV
    hPa     m      C      C      %    g/kg    deg   knot     K      K      K 
-----------------------------------------------------------------------------
 1015.0      5   25.0   19.0     69  13.82    110      7  296.9  337.0  299.3
 1000.0    132   22.8   18.0     74  13.16    115      9  295.9  334.0  298.3
  988.0    237   21.2   17.6     80  12.98    115      9  295.4  332.8  297.7
  964.0    449   19.6   17.1     86  12.93    115     10  295.8  333.2  298.1
  936.0    704   17.6   16.6     94  12.86    111     13  296.3  333.6  298.6
  925.0    805   17.2   15.9     92  12.43    110     14  296.9  333.0  299.1
  911.0    935   16.6   15.2     92  12.09    105     14  297.5  332.8  299.7
  863.0   1395   14.2   12.9     91  10.92     75     10  299.8  332.0  301.7
  850.0   1524   13.6   12.2     91  10.61     70      9  300.4  331.8  302.3
  817.0   1857   11.9   10.4     90   9.76    115      3  302.1  331.2  303.8
  814.0   1888   11.8   10.2     90   9.69    125      4  302.2  331.2  304.0
  798.0   2055   13.0    6.0     62   7.40    181      9  305.2  327.8  306.6
  794.0   2097   13.0    3.3     52   6.16    195     10  305.6  324.7  306.8
  789.0   2151   13.0    0.0     41   4.87    197     11  306.2  321.4  307.1
  768.0   2377   11.2    4.2     62   6.78    205     16  306.6  327.5  307.9
  726.0   2844    8.6  -10.4     25   2.40    198     18  308.7  316.6  309.2
  714.0   2981    7.4   -5.6     39   3.54    196     19  308.9  320.3  309.6
  711.0   3016    7.2   -6.8     36   3.24    195     19  309.1  319.5  309.7
  700.0   3144    6.6  -11.4     26   2.30    195     20  309.8  317.3  310.2
  677.0   3416    5.3  -17.6     17   1.43    210     23  311.3  316.2  311.6
  658.0   3648    4.2  -22.8     12   0.94    218     20  312.6  315.9  312.8
  653.0   3710    4.7  -32.2      5   0.40    220     19  313.9  315.3  313.9
  647.0   3785    5.4  -43.6      1   0.12    219     18  315.4  315.9  315.5
  612.0   4234    3.1  -43.3      2   0.14    210     13  317.9  318.4  317.9
  581.0   4654    1.0  -43.0      2   0.15    214     14  320.2  320.8  320.2
  500.0   5840   -6.5  -48.5      2   0.09    225     15  325.1  325.4  325.1
  474.0   6256  -10.1  -47.1      3   0.12    238     19  325.6  326.1  325.6
  471.0   6305  -10.3  -46.5      3   0.13    240     19  326.0  326.5  326.0
  452.0   6622  -11.3  -42.3      6   0.21    226     25  328.5  329.4  328.6
  445.0   6741  -12.2  -41.4      7   0.23    220     27  328.9  329.8  328.9
  400.0   7550  -18.3  -35.3     21   0.48    220     24  331.1  333.0  331.2
  374.0   8048  -22.7  -35.7     30   0.49    214     29  331.7  333.6  331.8
  360.0   8328  -24.1  -42.1     17   0.26    211     31  333.5  334.5  333.5
  337.0   8806  -28.5  -41.5     28   0.30    205     36  333.8  335.0  333.9
  300.0   9630  -34.5  -47.5     26   0.18    195     44  336.6  337.4  336.7
  258.0  10668  -42.5  -62.5      9   0.03    191     48  339.7  339.8  339.7
  250.0  10880  -44.5  -64.5      9   0.03    190     49  339.8  339.9  339.8
  239.0  11174  -47.0  -65.7     10   0.02    190     51  340.4  340.5  340.4
  210.0  12020  -54.3  -69.3     14   0.02    194     61  341.8  341.9  341.8
  200.0  12330  -56.5  -68.5     21   0.02    195     65  343.1  343.2  343.1
  192.0  12587  -58.9  -67.9     30   0.02    195     67  343.3  343.4  343.3
  187.0  12752  -59.9  -69.9     26   0.02    195     68  344.3  344.4  344.3
  172.0  13266  -63.1                         195     72  347.4         347.4
  164.0  13559  -64.9                         193     65  349.1         349.1
  156.0  13862  -65.8                         190     58  352.6         352.6
  150.0  14100  -66.5                         205     48  355.3         355.3
  137.0  14644  -68.5                         210     38  361.1         361.1
  134.0  14777  -69.0                         220     35  362.5         362.5
  128.0  15051  -70.0                         240     41  365.5         365.5
  123.0  15290  -70.9                         236     48  368.1         368.1
  121.0  15387  -71.2                         235     51  369.2         369.2
  108.0  16057  -73.3                         250     44  377.4         377.4
  107.0  16112  -73.5                         250     46  378.1         378.1
  100.0  16510  -71.9                         235     46  388.6         388.6
   95.9  16759  -70.1                         230     35  396.8         396.8
   92.0  17004  -70.6                         225     25  400.5         400.5
   87.0  17335  -71.2                         235     24  405.7         405.7
   82.0  17685  -71.9                         215     17  411.2         411.2
   79.0  17905  -72.3                         225     13  414.7         414.7
   76.0  18134  -72.8                         265     13  418.4         418.4
   74.0  18292  -73.1                         260     14  421.0         421.0
   70.1  18612  -73.7                         216     25  426.2         426.2
   70.0  18620  -73.7                         215     25  426.4         426.4
   67.6  18826  -69.5                         179     21  439.7         439.7
   66.0  18969  -68.9                         155     19  444.1         444.1
   62.0  19344  -67.3                         145     17  455.7         455.7
   60.2  19521  -66.5                         122     16  461.2         461.2
   57.7  19776  -68.3                          89     16  462.8         462.8
   56.0  19956  -67.7                          65     15  468.2         468.2
   53.0  20289  -66.5                          60      5  478.3         478.3
   50.0  20640  -65.3                          95      8  489.2         489.2
   48.0  20889  -64.0                          80     10  497.9         497.9
   47.8  20914  -63.9                          80     10  498.9         498.9
   42.2  21674  -65.7                          76     10  512.5         512.5
   41.0  21851  -64.9                          75     10  518.7         518.7
   37.0  22480  -62.2                         110     11  541.2         541.2
   35.3  22769  -60.9                         107     13  551.8         551.8
   32.2  23348  -54.9                         100     18  582.5         582.5
   30.0  23800  -54.1                          95     22  596.6         596.6
   26.0  24725  -52.6                          70     28  625.7         625.7
   22.0  25804  -50.9                          55     21  661.4         661.4
   21.0  26105  -50.4                          60     19  671.7         671.7
   20.0  26420  -49.9                          45     21  682.7         682.7
   19.0  26756  -49.5                          35     18  694.1         694.1
   18.0  27110  -49.0                          80     15  706.4         706.4
   17.8  27183  -48.9                          80     15  708.9         708.9
   17.0  27485  -49.0                          80     16  717.9         717.9
   15.0  28305  -49.4                         100     23  742.8         742.8
   14.5  28527  -49.5                                     749.7         749.7
