
-----------------------------------------------------------------------------
   PRES   HGHT   TEMP   DWPT   RELH   MIXR   DRCT   SKNT   THTA   THTE   THTV
    hPa     m      C      C      %    g/kg    deg   knot     K      K      K 
-----------------------------------------------------------------------------
 1009.0      5   26.0   18.0     61  13.04    240     11  298.4  336.5  300.7
 1000.0     81   25.6   18.6     65  13.67    275     15  298.8  338.8  301.2
  992.0    151   25.0   18.3     66  13.55    275     16  298.9  338.6  301.3
  952.0    511   22.1   17.0     73  12.93    260     22  299.4  337.4  301.7
  927.0    743   20.2   16.1     77  12.55    280     27  299.7  336.6  302.0
  925.0    762   20.0   16.0     78  12.51    275     26  299.8  336.6  302.0
  917.0    837   19.6   15.6     78  12.30    267     31  300.1  336.4  302.3
  905.0    951   20.4   13.2     63  10.63    255     38  302.0  333.7  303.9
  876.0   1233   22.2    7.2     38   7.32    276     36  306.7  329.3  308.1
  863.0   1363   21.7    5.2     34   6.47    285     35  307.5  327.6  308.7
  850.0   1494   21.2    3.2     31   5.70    275     34  308.3  326.2  309.4
  846.0   1535   20.9    3.3     31   5.75    275     34  308.5  326.5  309.6
  825.0   1752   19.6    3.6     35   6.04    278     39  309.3  328.2  310.4
  816.0   1844   18.8    3.7     37   6.15    280     41  309.4  328.7  310.6
  751.0   2544   12.7    4.5     57   7.06    275     26  310.3  332.3  311.6
  720.0   2899    9.7    4.8     72   7.57    290     28  310.6  334.3  312.1
  700.0   3137    7.6    5.1     84   7.93    290     29  310.9  335.6  312.4
  678.0   3399    5.2    3.9     91   7.53    295     18  311.1  334.6  312.5
  667.0   3533    4.0    3.3     95   7.33    309     17  311.1  334.1  312.5
  662.0   3594    3.7    3.0     95   7.22    315     17  311.5  334.1  312.8
  647.0   3779    2.8    2.1     95   6.92    295     23  312.4  334.2  313.8
  634.0   3943    1.9    1.3     95   6.66    315     21  313.3  334.4  314.6
  624.0   4071    1.3    0.6     95   6.46    295     21  314.0  334.5  315.2
  612.0   4228    0.5   -0.2     96   6.22    320     27  314.8  334.7  316.0
  604.0   4334   -0.1   -0.7     96   6.06    305     26  315.4  334.8  316.5
  595.0   4456   -0.7   -1.3     96   5.88    314     31  316.0  334.9  317.1
  594.0   4469   -0.8   -1.4     96   5.86    315     31  316.1  335.0  317.2
  549.0   5091   -3.8   -5.0     91   4.85    300     35  319.7  335.7  320.7
  519.0   5535   -5.9   -7.5     88   4.21    310     36  322.4  336.5  323.2
  509.0   5689   -6.6   -8.4     87   4.01    290     34  323.2  336.8  324.0
  500.0   5830   -7.3   -9.2     86   3.83    295     38  324.1  337.1  324.8
  470.0   6311   -9.9  -12.7     80   3.08    295     40  326.6  337.3  327.2
  439.0   6831  -13.1  -16.6     75   2.38    295     43  329.0  337.5  329.5
  414.0   7278  -15.8  -20.1     70   1.89    275     43  331.1  337.9  331.5
  405.0   7446  -16.8  -21.3     68   1.73    295     43  331.8  338.1  332.2
  401.0   7521  -17.3  -21.9     67   1.66    291     39  332.2  338.2  332.5
  400.0   7540  -17.3  -21.8     68   1.68    290     38  332.4  338.6  332.8
  395.0   7634  -18.1  -22.3     69   1.63    285     37  332.6  338.6  332.9
  382.0   7882  -20.1  -23.6     74   1.50    280     48  333.1  338.6  333.4
  369.0   8140  -22.3  -25.0     79   1.37    287     44  333.5  338.6  333.8
  353.0   8464  -24.3  -28.7     67   1.02    295     40  335.1  338.9  335.3
  350.0   8527  -24.7  -29.4     65   0.96    293     39  335.4  339.0  335.6
  339.0   8757  -26.6  -29.8     74   0.96    285     37  335.9  339.6  336.1
  323.0   9106  -29.4  -30.4     91   0.95    280     39  336.7  340.3  336.9
  320.0   9173  -29.9  -30.5     94   0.95    284     39  336.9  340.5  337.1
  308.0   9444  -32.0  -37.0     61   0.52    300     40  337.6  339.6  337.7
  300.0   9630  -33.5  -41.5     44   0.34    300     45  338.0  339.4  338.1
  282.0  10061  -36.7  -45.7     39   0.23    297     53  339.5  340.4  339.5
  266.0  10459  -40.3  -47.5     46   0.20    295     61  339.9  340.7  339.9
  256.0  10721  -42.7  -48.7     52   0.18    295     60  340.1  340.9  340.2
  250.0  10880  -43.7  -50.7     46   0.15    295     60  341.0  341.6  341.0
  237.0  11237  -46.9  -56.9     31   0.07    297     60  341.4  341.7  341.4
  218.0  11780  -51.7  -61.2     31   0.05    300     61  342.2  342.4  342.2
  200.0  12340  -56.7  -65.7     31   0.03    300     59  342.8  342.9  342.8
  190.0  12662  -59.9  -69.9     26   0.02    306     55  342.7  342.8  342.7
  184.0  12858  -61.4                         310     53  343.4         343.4
  167.0  13451  -66.0                         310     59  345.5         345.5
  161.0  13675  -67.7                         300     63  346.2         346.2
  155.0  13903  -67.4                         290     67  350.5         350.5
  150.0  14100  -67.1                         280     62  354.3         354.3
  147.0  14223  -64.9                         274     58  360.2         360.2
  145.0  14306  -65.0                         270     56  361.4         361.4
  137.0  14653  -65.3                         295     38  366.8         366.8
  125.0  15203  -69.9                         305     43  368.2         368.2
  121.0  15398  -71.5                         295     46  368.7         368.7
  120.0  15448  -71.9                         295     45  368.8         368.8
  116.0  15647  -72.2                         280     31  371.8         371.8
  107.0  16122  -73.0                         270     23  379.0         379.0
  100.0  16520  -73.7                         310     19  385.1         385.1
   92.0  17009  -73.5                         270     23  394.8         394.8
   88.0  17272  -71.4                         275     15  404.1         404.1
   86.0  17409  -70.3                         260     10  408.9         408.9
   83.2  17605  -68.7                         277      5  416.0         416.0
   81.0  17766  -68.8                         290      1  419.0         419.0
   79.0  17915  -68.9                          20     10  421.7         421.7
   78.0  17992  -69.0                          10     15  423.1         423.1
   73.0  18389  -69.3                         300     10  430.6         430.6
   71.0  18555  -69.4                         280     10  433.8         433.8
   70.0  18640  -69.5                         275      7  435.4         435.4
   62.1  19350  -71.5                         341      2  446.1         446.1
   60.0  19555  -70.9                           0      0  451.9         451.9
   51.3  20488  -68.1                          77      3  479.1         479.1
   51.0                                        80      3                     
