
-----------------------------------------------------------------------------
   PRES   HGHT   TEMP   DWPT   RELH   MIXR   DRCT   SKNT   THTA   THTE   THTV
    hPa     m      C      C      %    g/kg    deg   knot     K      K      K 
-----------------------------------------------------------------------------
 1023.0      5   19.0   10.0     56   7.59     20     11  290.3  312.0  291.6
 1000.0    199   16.4    9.4     63   7.45    125     14  289.6  310.9  290.9
  999.0    208   16.3    9.4     63   7.44    130     14  289.6  310.9  290.9
  980.0    371   14.9    8.7     67   7.27    165     17  289.7  310.5  291.0
  976.0    405   14.6    8.6     67   7.23    164     18  289.8  310.5  291.0
  929.0    822   12.0    9.1     82   7.86    151     30  291.2  313.8  292.6
  926.0    849   11.7    8.9     83   7.77    150     31  291.2  313.5  292.5
  925.0    858   11.6    8.8     83   7.74    150     31  291.2  313.4  292.5
  877.0   1302    9.0    6.3     83   6.87    132     27  292.9  312.9  294.1
  871.0   1359    8.7    5.6     81   6.60    130     27  293.2  312.5  294.4
  850.0   1561    7.8    3.2     73   5.70    135     24  294.3  311.1  295.3
  808.0   1978    7.0   -5.0     42   3.28    139     23  297.8  307.8  298.3
  710.0   3027    0.6  -16.4     27   1.50    149     19  301.9  306.8  302.2
  700.0   3141   -0.3  -12.3     40   2.14    150     19  302.1  309.0  302.5
  699.0   3152   -0.3  -12.3     40   2.14    150     19  302.2  309.1  302.6
  674.0   3443   -1.3  -24.3     16   0.80    156     16  304.3  307.0  304.4
  641.0   3840   -4.0  -18.8     31   1.36    165     12  305.6  310.1  305.8
  638.0   3877   -4.3  -18.3     33   1.43    162     12  305.7  310.4  305.9
  623.0   4064   -5.5  -25.8     19   0.76    145     13  306.4  309.0  306.5
  614.0   4178   -6.3  -30.3     13   0.50    154     15  306.8  308.6  306.9
  599.0   4372   -4.3  -53.3      1   0.05    170     19  311.2  311.4  311.2
  589.0   4503   -5.3  -51.9      1   0.05    180     22  311.6  311.8  311.6
  551.0   5023   -9.1  -46.1      3   0.11    175     23  313.1  313.5  313.1
  548.0   5065   -9.2  -46.2      3   0.11    175     23  313.4  313.9  313.4
  500.0   5770  -11.3  -48.3      3   0.10    215     26  319.2  319.6  319.2
  478.0   6119   -8.5  -52.5      1   0.06    243     30  326.8  327.1  326.8
  469.0   6264   -9.6  -51.9      2   0.07    255     32  327.2  327.4  327.2
  429.0   6945  -14.9  -49.2      4   0.10    260     41  328.9  329.3  328.9
  400.0   7480  -19.1  -47.1      7   0.14    250     34  330.1  330.6  330.1
  381.0   7839  -22.1  -48.1      8   0.13    246     35  330.8  331.3  330.8
  329.0   8889  -31.6  -54.7      8   0.07    235     38  331.8  332.1  331.8
  312.0   9268  -35.1  -57.1      9   0.05    232     46  332.0  332.3  332.1
  300.0   9540  -36.5  -60.5      7   0.04    230     52  333.8  334.0  333.8
  266.0  10359  -41.7  -66.4      5   0.02    210     67  337.8  337.9  337.8
  252.0  10727  -44.1  -69.1      5   0.01    219     52  339.6  339.7  339.6
  250.0  10780  -44.7  -69.7      4   0.01    220     50  339.5  339.5  339.5
  230.0  11322  -49.6  -71.3      6   0.01    245     33  340.1  340.2  340.2
  200.0  12230  -57.9  -73.9     11   0.01    275     31  340.9  341.0  340.9
  197.0  12325  -58.8  -73.9     12   0.01    275     31  341.0  341.1  341.0
  193.0  12454  -59.9  -73.9     14   0.01    278     35  341.2  341.2  341.2
  163.0  13485  -66.8                         305     70  346.4         346.4
  152.0  13911  -69.7                         305     65  348.5         348.5
  150.0  13990  -69.7                         305     65  349.8         349.8
  145.0  14192  -69.7                         305     66  353.2         353.2
  140.0  14403  -66.5                         300     63  362.4         362.4
  127.0  14989  -69.1                         285     55  367.9         367.9
  108.0  15959  -68.7                         260     41  386.2         386.2
  100.0  16420  -68.5                         255     31  395.1         395.1
   93.0  16854  -69.3                         275     40  401.8         401.8
   87.8  17202  -64.5                         253     29  418.1         418.1
   85.0  17399  -64.8                         240     23  421.3         421.3
   82.0  17618  -65.2                         260     14  424.9         424.9
   79.0  17844  -65.6                         275     20  428.6         428.6
   75.0  18160  -66.2                         255     29  433.9         433.9
   72.6  18358  -66.5                         246     23  437.2         437.2
   71.0  18494  -65.3                         240     19  442.6         442.6
   70.0  18580  -64.5                         240     16  446.1         446.1
   69.0  18668  -64.2                         255     11  448.4         448.4
   67.0  18849  -63.7                         270     15  453.4         453.4
   63.3  19197  -62.7                         246     14  463.0         463.0
   61.0  19424  -64.1                         230     14  464.9         464.9
   59.7  19556  -64.9                         233     14  465.9         465.9
   57.0  19840  -63.3                         240     15  475.8         475.8
   54.0  20172  -61.4                         180      9  487.5         487.5
   53.8  20195  -61.3                         180      9  488.3         488.3
   50.0  20650  -60.7                         185     10  500.0         500.0
   49.0  20776  -60.7                         185     14  502.9         502.9
   45.0  21307  -60.6                         115     10  515.5         515.5
   40.4  21979  -60.5                         118     11  531.9         531.9
   38.0  22366  -58.3                         120     12  546.8         546.8
   34.5  22976  -54.9                          89     13  571.1         571.1
   33.0  23261  -55.0                          75     13  578.1         578.1
   32.0  23457  -55.1                          40     14  582.9         582.9
   30.0  23870  -55.3                          60      9  593.3         593.3
   28.7  24152  -55.3                          57      9  600.9         600.9
   26.0  24789  -51.3                          50     10  629.3         629.3
   25.6  24889  -50.7                          36     10  633.9         633.9
   25.0  25044  -50.6                          15     11  638.5         638.5
   24.0  25310  -50.4                          25     10  646.5         646.5
   20.0  26500  -49.7                          70      6  683.3         683.3
   19.0  26836  -49.2                         325      4  695.1         695.1
   18.9  26871  -49.1                                     696.3         696.3
