
-----------------------------------------------------------------------------
   PRES   HGHT   TEMP   DWPT   RELH   MIXR   DRCT   SKNT   THTA   THTE   THTV
    hPa     m      C      C      %    g/kg    deg   knot     K      K      K 
-----------------------------------------------------------------------------
 1011.0      5   23.8   12.8     50   9.26      5      7  296.0  323.1  297.7
 1007.0     38   21.4   11.4     53   8.47    349      7  294.0  318.6  295.5
 1000.0     97   20.8   12.8     60   9.37    320      6  293.9  321.0  295.6
  968.0    377   19.2   12.2     64   9.30    284      9  295.1  322.1  296.7
  960.0    449   20.1   10.1     53   8.15    275     10  296.7  320.6  298.1
  952.0    521   21.0    8.0     43   7.12    272     12  298.3  319.5  299.6
  936.0    668   21.9    5.1     33   5.92    265     15  300.7  318.6  301.8
  931.0    714   22.2    4.2     31   5.58    265     15  301.4  318.5  302.5
  925.0    770   22.0    3.0     29   5.16    265     14  301.8  317.6  302.7
  905.0    959   20.8    1.8     28   4.85    275     10  302.5  317.4  303.4
  868.0   1319   18.6   -0.4     28   4.30    258      5  303.8  317.2  304.6
  850.0   1498   18.0   -5.0     20   3.12    250      2  305.0  314.9  305.6
  843.0   1568   17.8   -6.9     18   2.72      0      0  305.5  314.2  306.0
  809.0   1919   16.6  -16.1      9   1.35    155     10  307.9  312.4  308.1
  808.0   1929   16.6  -16.4      9   1.32    155     10  307.9  312.4  308.2
  779.0   2239   15.0   -4.0     27   3.67    155     20  309.5  321.2  310.1
  771.0   2326   14.4   -4.3     27   3.61    155     23  309.7  321.4  310.4
  728.0   2807   11.1   -6.3     29   3.30    160     20  311.2  321.9  311.8
  717.0   2934   10.2   -6.8     30   3.22    154     18  311.6  322.1  312.2
  700.0   3133    8.4   -8.6     29   2.87    145     15  311.8  321.2  312.3
  642.0   3838    1.8  -10.2     41   2.76    111     12  312.1  321.1  312.6
  633.0   3951    1.4  -15.0     28   1.89    105     11  312.9  319.3  313.3
  613.0   4208    0.6  -25.9     12   0.76    155      3  314.8  317.5  314.9
  592.0   4487   -0.4  -37.8      4   0.25    220     10  316.9  317.8  316.9
  589.0   4528   -0.5  -39.5      3   0.21    220     11  317.2  318.0  317.2
  577.0   4690   -1.7  -38.7      4   0.23    220     13  317.7  318.6  317.7
  551.0   5054   -4.3  -37.0      6   0.29    255     14  318.7  319.9  318.8
  536.0   5272   -5.9  -35.9      7   0.34    255     14  319.4  320.6  319.4
  500.0   5810  -11.1  -36.1     11   0.35    255     13  319.4  320.8  319.5
  487.0   6010  -12.9  -37.2     11   0.32    255     14  319.6  320.9  319.7
  464.0   6376  -16.2  -39.2     12   0.28    275     13  319.9  321.0  320.0
  449.0   6625  -18.5  -40.5     13   0.25    255     12  320.1  321.1  320.2
  442.0   6741  -19.1  -42.6     11   0.20    245     12  320.8  321.6  320.8
  422.0   7084  -20.9  -48.6      6   0.11    285     12  322.8  323.2  322.8
  403.0   7425  -22.7  -54.7      4   0.06    272     21  324.7  324.9  324.7
  400.0   7480  -22.7  -56.7      3   0.04    270     23  325.4  325.6  325.4
  374.0   7971  -25.3  -59.3      3   0.03    262     24  328.3  328.4  328.3
  341.0   8624  -31.0  -56.6      6   0.05    250     26  329.3  329.5  329.3
  300.0   9530  -38.9  -52.9     21   0.09    265     27  330.4  330.8  330.4
  293.0   9691  -40.5  -52.5     26   0.10    270     27  330.4  330.8  330.4
  250.0  10760  -45.5  -66.5      8   0.02    265     54  338.3  338.4  338.3
  214.0  11789  -48.1  -77.1      2   0.00    265     86  349.6  349.6  349.6
  200.0  12230  -51.7  -77.7      3   0.00    265    100  350.7  350.8  350.7
  197.0  12326  -52.2  -78.1      3   0.00    265    100  351.5  351.5  351.5
  166.0  13418  -57.5  -82.1      3   0.00    280     69  360.1  360.2  360.1
  154.0  13896  -59.9  -83.9      3   0.00    287     71  363.9  363.9  363.9
  150.0  14060  -61.3                         290     72  364.3         364.3
  143.0  14354  -64.1                         290     74  364.4         364.4
  124.0  15209  -67.0                         275     44  374.2         374.2
  114.0  15714  -68.8                         290     43  380.1         380.1
  106.0  16150  -70.3                         290     35  385.2         385.2
  100.0  16500  -71.5                         280     38  389.3         389.3
   94.1  16860  -70.5                         265     23  398.1         398.1
   94.0  16866  -70.5                         265     23  398.2         398.2
   89.0  17186  -72.2                         300     16  401.1         401.1
   88.0  17253  -72.6                         305     15  401.7         401.7
   82.1  17660  -74.7                         280     20  405.4         405.4
   81.0  17739  -74.2                         270     16  408.0         408.0
   77.0  18038  -72.1                         300     10  418.2         418.2
   76.0  18115  -71.6                         305     10  420.9         420.9
   71.0  18516  -68.9                         255      5  434.9         434.9
   70.0  18600  -68.3                         220      5  437.9         437.9
   68.0  18775  -66.5                         155     10  445.5         445.5
   63.0  19236  -68.3                          80     16  451.2         451.2
   62.6  19275  -68.5                          80     17  451.7         451.7
   60.0  19531  -67.8                          80     23  458.7         458.7
   58.0  19735  -67.3                          65     27  464.4         464.4
   55.0  20056  -66.4                          55     21  473.4         473.4
   54.5  20111  -66.3                          59     21  475.0         475.0
   52.7  20317  -63.3                          74     19  486.5         486.5
   52.0  20399  -63.5                          80     19  487.9         487.9
   50.0  20640  -64.1                          70     26  492.0         492.0
   49.0  20765  -63.8                          65     27  495.7         495.7
   44.0  21432  -61.9                          85     28  515.7         515.7
   42.0  21720  -61.1                          65     29  524.5         524.5
   40.0  22023  -60.3                          60     25  534.0         534.0
   37.0  22506  -58.9                          85     29  549.5         549.5
   36.5  22590  -58.7                          83     29  552.2         552.2
   33.0  23222  -59.2                          65     29  566.9         566.9
   32.7  23279  -59.3                          66     29  568.2         568.2
   30.0  23820  -57.9                          75     28  586.2         586.2
   28.0  24258  -56.4                          90     28  602.1         602.1
   26.9  24512  -55.5                          92     29  611.5         611.5
   23.0  25508  -56.9                         100     35  635.5         635.5
   22.9  25536  -56.9                          99     35  636.2         636.2
   21.0  26089  -55.0                          80     39  657.9         657.9
   20.0  26400  -53.9                          80     37  670.4         670.4
   18.0  27084  -52.2                          95     36  696.2         696.2
   15.0  28267  -49.3                          80     41  743.0         743.0
   14.6  28443  -48.9                                     750.2         750.2
