
-----------------------------------------------------------------------------
   PRES   HGHT   TEMP   DWPT   RELH   MIXR   DRCT   SKNT   THTA   THTE   THTV
    hPa     m      C      C      %    g/kg    deg   knot     K      K      K 
-----------------------------------------------------------------------------
 1015.0      5   16.8    7.8     55   6.58    260      6  288.7  307.6  289.9
 1000.0    131   16.2    5.2     48   5.57    270      7  289.4  305.5  290.3
  964.0    442   14.8    1.4     40   4.41    275     10  291.0  304.1  291.8
  942.0    637   14.0   -1.0     36   3.79    261     13  292.1  303.4  292.8
  925.0    791   14.6   -5.4     25   2.78    250     15  294.2  302.8  294.7
  923.0    809   14.6   -6.4     23   2.58    249     15  294.4  302.4  294.9
  912.0    910   14.1   -7.4     22   2.41    245     16  294.9  302.4  295.3
  861.0   1394   11.6  -12.4     17   1.72    257     17  297.2  302.7  297.5
  850.0   1501   11.0  -10.0     22   2.11    260     17  297.7  304.3  298.0
  849.0   1511   10.9  -10.1     22   2.11    260     17  297.7  304.4  298.1
  836.0   1639   10.2  -10.8     22   2.02    259     17  298.2  304.6  298.6
  760.0   2413    2.6   -7.6     47   2.86    255     20  298.2  307.1  298.8
  748.0   2542    1.3   -7.0     54   3.03    265     20  298.2  307.6  298.8
  711.0   2954   -2.7   -5.3     82   3.64    280     28  298.1  309.3  298.8
  700.0   3078   -3.3   -5.0     88   3.78    285     30  298.8  310.4  299.5
  693.0   3157   -3.6   -5.2     89   3.77    285     31  299.4  311.0  300.1
  649.0   3675   -5.3   -6.3     93   3.70    290     39  303.1  314.6  303.7
  608.0   4186   -7.2   -8.5     90   3.32    295     47  306.5  317.1  307.1
  607.0   4199   -7.3   -8.6     90   3.31    295     47  306.6  317.1  307.2
  598.0   4315   -5.9   -6.3     97   4.01    291     49  309.5  322.4  310.3
  561.0   4812   -8.9  -10.3     89   3.12    275     56  311.7  321.9  312.3
  538.0   5137  -10.9  -13.0     84   2.63    272     64  313.1  321.8  313.6
  527.0   5296  -10.1  -12.1     85   2.88    271     68  315.9  325.5  316.4
  520.0   5399  -10.6  -12.7     85   2.79    270     70  316.5  325.8  317.0
  500.0   5700  -12.1  -14.4     83   2.52    280     67  318.2  326.8  318.7
  484.0   5947  -13.3  -15.9     81   2.30    285     62  319.7  327.6  320.2
  462.0   6300  -15.0  -18.1     77   2.01    295     65  321.9  328.9  322.3
  443.0   6619  -16.5  -20.0     74   1.77    292     70  323.9  330.1  324.2
  400.0   7380  -21.9  -24.6     79   1.31    285     81  326.4  331.2  326.7
  379.0   7769  -24.9  -27.6     78   1.05    285     88  327.5  331.4  327.7
  331.0   8745  -32.5  -35.3     76   0.58    288    102  330.1  332.3  330.2
  300.0   9430  -37.9  -41.7     67   0.33    290    112  331.8  333.1  331.9
  290.0   9662  -40.1  -44.9     60   0.24    290    114  331.9  332.9  332.0
  271.0  10120  -43.5  -49.5     51   0.15    290    118  333.5  334.1  333.5
  261.0  10372  -44.7  -58.7     19   0.05    283    125  335.3  335.6  335.3
  257.0  10475  -44.3  -69.3      5   0.01    280    127  337.4  337.5  337.4
  250.0  10660  -44.5  -72.5      3   0.01    275    132  339.8  339.8  339.8
  231.0  11184  -46.9  -74.5      3   0.01    275    138  343.9  343.9  343.9
  200.0  12140  -51.3  -78.3      3   0.00    275    126  351.4  351.4  351.4
  158.0  13650  -57.6  -86.5      1   0.00    280    100  365.2  365.2  365.2
  156.0  13732  -57.9  -86.9      1   0.00    282    100  366.0  366.0  366.0
  152.0  13896  -56.5  -86.5      1   0.00    287     99  371.1  371.1  371.1
  150.0  13980  -57.3  -89.3      1   0.00    290     99  371.1  371.2  371.1
  144.0  14236  -59.9  -89.9      1   0.00    292     99  371.0  371.0  371.0
  135.0  14634  -63.1                         295     98  372.3         372.3
  130.0  14867  -64.9                         291     96  373.0         373.0
  129.0  14913  -65.1                         290     96  373.5         373.5
  112.0  15761  -68.7                         270     74  382.2         382.2
  106.0  16091  -70.1                         285     62  385.6         385.6
  101.0  16381  -71.3                         295     67  388.6         388.6
  100.0  16440  -71.3                         295     68  389.7         389.7
   94.2  16796  -67.9                         281     54  403.1         403.1
   92.0  16937  -68.1                         275     48  405.5         405.5
   89.0  17135  -68.3                         280     41  408.9         408.9
   78.0  17924  -69.3                         270     33  422.6         422.6
   74.0  18238  -69.7                         300     26  428.2         428.2
   71.6  18435  -69.9                         294     27  431.7         431.7
   70.0  18570  -69.3                         290     27  435.8         435.8
   64.1  19102  -64.3                         285     29  457.9         457.9
   64.0  19112  -64.3                         285     29  458.1         458.1
   60.0  19508  -63.4                         320     26  468.6         468.6
   56.2  19910  -62.5                         308     21  479.5         479.5
   54.0  20156  -62.6                         300     18  484.7         484.7
   53.0  20271  -62.7                         280     17  487.1         487.1
   52.0  20388  -62.8                         225     26  489.6         489.6
   51.0  20508  -62.8                         220     28  492.2         492.2
   50.0  20630  -62.9                         220     11  494.8         494.8
   49.0  20754  -63.2                         290      3  496.9         496.9
   47.0  21011  -64.0                         305     10  501.1         501.1
   46.6  21063  -64.1                         303     10  502.0         502.0
   46.0  21143  -63.7                         300     11  504.7         504.7
   44.0  21419  -62.5                         310     12  514.2         514.2
   43.0  21561  -61.9                         285     12  519.1         519.1
   42.0  21707  -61.2                         255     13  524.2         524.2
   41.0  21856  -60.6                         215     23  529.5         529.5
   40.3  21963  -60.1                         212     26  533.3         533.3
   40.0  22009  -60.3                         210     28  533.9         533.9
   39.0  22166  -61.1                         195     14  535.8         535.8
   38.0  22327  -61.9                         120      4  537.7         537.7
   37.0  22493  -62.7                          50     15  539.7         539.7
   36.8  22527  -62.9                          46     14  540.1         540.1
   36.0  22664  -62.0                          30     10  545.9         545.9
   34.0  23022  -59.6                          10      2  561.2         561.2
   33.0  23209  -58.3                          30     10  569.3         569.3
   31.9  23421  -56.9                          25     21  578.7         578.7
   31.0  23602  -57.1                          20     31  582.9         582.9
   30.0  23810  -57.3                           5     26  587.8         587.8
   28.0  24251  -55.7                          10     20  603.9         603.9
   27.0  24483  -54.9                         320     10  612.5         612.5
   26.0  24724  -54.1                         295     15  621.6         621.6
   24.7  25052  -52.9                         266     14  634.1         634.1
   24.0  25237  -53.4                         250     14  637.8         637.8
   22.9  25538  -54.3                         234     12  643.8         643.8
   22.0  25799  -52.2                         220     10  657.4         657.4
   20.4  26290  -48.3                         339      6  683.7         683.7
   20.0  26420  -48.5                          10      5  687.0         687.0
   19.0  26758  -48.1                          30     10  698.3         698.3
   18.0  27115  -47.7                         310     11  710.4         710.4
   17.0  27492  -47.3                                     723.5         723.5
