
-----------------------------------------------------------------------------
   PRES   HGHT   TEMP   DWPT   RELH   MIXR   DRCT   SKNT   THTA   THTE   THTV
    hPa     m      C      C      %    g/kg    deg   knot     K      K      K 
-----------------------------------------------------------------------------
 1022.0      5   22.8   13.8     57   9.79    130      9  294.1  322.4  295.9
 1011.0     98   21.0   14.0     64  10.03    125     13  293.2  322.1  295.0
 1000.0    191   20.2   14.2     68  10.28    120     17  293.4  322.9  295.2
  997.0    217   20.0   14.1     69  10.23    120     17  293.4  322.8  295.2
  934.0    775   14.8   11.8     82   9.36    110     20  293.6  320.6  295.2
  925.0    858   14.0   11.4     84   9.23    110     20  293.6  320.3  295.2
  919.0    913   13.6   11.2     85   9.17    111     20  293.8  320.2  295.4
  885.0   1229   11.1    9.9     92   8.71    120     17  294.3  319.6  295.9
  868.0   1392    9.8    9.2     96   8.48    105     14  294.6  319.3  296.1
  850.0   1566    9.4    8.9     97   8.49    100     11  296.0  320.8  297.5
  844.0   1625    9.2    8.6     96   8.35    100     10  296.3  320.8  297.8
  827.0   1793    8.5    7.6     94   7.95      0      1  297.3  320.8  298.7
  816.0   1905    8.0    6.9     93   7.70    348      3  298.0  320.8  299.4
  764.0   2446    5.0    3.8     92   6.61    290     10  300.4  320.2  301.6
  758.0   2510    4.6    3.4     92   6.49    277     13  300.6  320.2  301.8
  750.0   2597    4.1    0.2     76   5.22    260     16  301.0  316.9  302.0
  735.0   2761    3.2   -5.8     52   3.39    260     17  301.8  312.4  302.4
  732.0   2794    3.0  -12.0     32   2.09    260     17  301.9  308.6  302.3
  727.0   2850    3.4  -29.6      7   0.46    260     17  302.9  304.5  303.0
  716.0   2974    4.6  -41.4      2   0.14    260     17  305.6  306.1  305.6
  700.0   3157    3.6  -43.4      2   0.12    260     18  306.4  306.9  306.5
  688.0   3296    2.9  -44.3      2   0.11    255     21  307.2  307.6  307.2
  654.0   3704    0.8  -47.1      1   0.08    245     20  309.3  309.7  309.4
  650.0   3753    0.6  -47.4      1   0.08    247     19  309.6  309.9  309.6
  596.0   4445   -1.9  -38.9      4   0.22    274     10  314.5  315.3  314.5
  594.0   4471   -2.1  -38.9      4   0.22    275     10  314.5  315.4  314.6
  568.0   4819   -4.9  -39.4      5   0.22    260     14  315.4  316.2  315.4
  541.0   5197   -7.8  -39.9      6   0.22    275     15  316.2  317.1  316.2
  505.0   5733  -12.1  -40.6      7   0.22    285     18  317.3  318.2  317.4
  500.0   5810  -12.7  -40.7      8   0.22    280     19  317.5  318.4  317.5
  474.0   6215  -15.9  -40.9     10   0.23    271     20  318.4  319.3  318.5
  459.0   6456  -17.6  -32.4     26   0.55    265     20  319.2  321.2  319.3
  455.0   6522  -18.1  -30.1     34   0.69    266     20  319.4  321.9  319.5
  447.0   6655  -19.1  -39.1     15   0.29    268     21  319.8  320.9  319.8
  439.0   6789  -20.3  -29.3     44   0.78    270     21  319.9  322.7  320.1
  418.0   7149  -23.7  -32.7     43   0.59    275     23  320.1  322.3  320.2
  413.0   7237  -24.5  -33.5     43   0.55    276     26  320.1  322.2  320.2
  400.0   7470  -25.5  -32.5     52   0.63    280     35  321.8  324.1  321.9
  399.0   7488  -25.6  -32.5     52   0.63    280     35  321.9  324.2  322.0
  349.0   8450  -30.5  -35.4     63   0.54    275     48  327.7  329.8  327.9
  331.0   8830  -32.5  -36.5     67   0.51    275     63  330.1  332.0  330.1
  320.0   9068  -33.8  -39.6     56   0.38    275     73  331.4  332.9  331.5
  313.0   9224  -34.7  -41.7     49   0.32    277     75  332.3  333.6  332.4
  300.0   9520  -36.7  -44.7     43   0.24    280     78  333.5  334.5  333.6
  292.0   9706  -38.1  -46.1     43   0.21    280     79  334.1  335.0  334.2
  250.0  10750  -47.3  -54.3     44   0.10    280     83  335.6  336.0  335.6
  219.0  11608  -54.1  -59.4     52   0.06    285     90  338.0  338.3  338.0
  210.0  11879  -56.3  -61.0     55   0.05    283    111  338.7  338.9  338.7
  203.0  12095  -55.1  -64.1     32   0.03    281    127  343.9  344.0  343.9
  201.0  12158  -55.2  -66.9     22   0.02    280    132  344.6  344.8  344.6
  200.0  12190  -55.3  -68.3     18   0.02    280    133  345.0  345.1  345.0
  198.0  12254  -55.5  -70.5     14   0.01    280    134  345.7  345.8  345.7
  188.0  12581  -58.1  -71.1     17   0.01    280    139  346.7  346.7  346.7
  187.0  12615  -58.3  -71.7     16   0.01    280    139  346.9  346.9  346.9
  180.0  12853  -59.9  -75.9     11   0.01    278    130  348.1  348.1  348.1
  171.0  13172  -61.3                         275    119  350.9         350.9
  150.0  13980  -62.5                         270     86  362.2         362.2
  148.0  14063  -62.5                         270     81  363.6         363.6
  134.0  14677  -62.3                         262     73  374.4         374.4
  131.0  14815  -62.8                         260     71  376.0         376.0
  116.0  15556  -65.5                         280     48  384.4         384.4
  100.0  16460  -68.7                         270     46  394.7         394.7
   91.5  16989  -71.1                         270     45  400.1         400.1
   87.0  17289  -68.9                         270     31  410.3         410.3
   84.9  17435  -67.9                         265     31  415.2         415.2
   82.3  17621  -69.1                         258     31  416.5         416.5
   79.0  17866  -68.9                         250     31  421.8         421.8
   78.6  17896  -68.9                         246     31  422.4         422.4
   76.0  18100  -66.2                         220     30  432.2         432.2
   74.1  18253  -64.1                         196     21  439.7         439.7
   74.0  18261  -64.1                         195     21  439.8         439.8
   72.0  18428  -64.9                         190     10  441.6         441.6
   70.0  18600  -65.7                         180      5  443.5         443.5
   67.8  18794  -66.9                         180      4  445.0         445.0
   65.0  19050  -63.9                         180      3  456.9         456.9
   64.0  19146  -63.7                         180      3  459.3         459.3
   59.0  19648  -62.8                          80     10  472.2         472.2
   57.0  19861  -62.4                          50     13  477.8         477.8
   52.0  20427  -61.3                         110     10  493.0         493.0
   51.9  20439  -61.3                         109     10  493.3         493.3
   50.0  20670  -62.1                          90     19  496.7         496.7
   48.0  20926  -61.8                          85     19  503.4         503.4
   47.0  21058  -61.6                          55     17  506.9         506.9
   46.0  21192  -61.4                          75     15  510.4         510.4
   42.0  21762  -60.6                          50     16  525.8         525.8
   40.0  22068  -60.2                          90     17  534.2         534.2
   38.0  22389  -59.7                          80     17  543.2         543.2
   36.0  22728  -59.3                          95     21  552.9         552.9
   33.0  23273  -58.5                          85     25  568.8         568.8
   30.0  23870  -57.7                          85     25  586.8         586.8
   28.2  24261  -56.7                          94     28  600.0         600.0
   28.0                                        95     28                     
