
-----------------------------------------------------------------------------
   PRES   HGHT   TEMP   DWPT   RELH   MIXR   DRCT   SKNT   THTA   THTE   THTV
    hPa     m      C      C      %    g/kg    deg   knot     K      K      K 
-----------------------------------------------------------------------------
 1019.0      5   26.4   18.4     61  13.24    335      4  297.9  336.6  300.3
 1000.0    169   24.0   17.0     65  12.34    290      3  297.1  333.1  299.4
  974.0    399   21.2   16.6     75  12.35    255      3  296.6  332.4  298.8
  925.0    844   17.2   15.8     91  12.35    185      2  296.9  332.8  299.1
  921.0    881   16.8   15.3     91  12.01    183      2  296.9  331.8  299.0
  905.0   1031   15.6   15.0     96  11.99    177      3  297.1  332.0  299.2
  898.0   1097   15.6   10.6     72   9.01    174      4  297.8  324.3  299.4
  888.0   1192   15.2   12.7     85  10.49    171      4  298.3  329.1  300.2
  859.0   1474   16.6    4.6     45   6.23    159      6  302.6  321.6  303.8
  850.0   1564   16.4    4.4     45   6.20    155      7  303.3  322.3  304.4
  839.0   1675   16.0    3.0     42   5.69    159     10  304.0  321.5  305.1
  837.0   1695   15.8    3.1     43   5.76    160     10  304.0  321.7  305.1
  818.0   1889   14.0    4.3     52   6.43    165     11  304.1  323.8  305.3
  796.0   2119   11.8    5.8     67   7.32    155     10  304.1  326.4  305.5
  774.0   2353   11.0   -1.0     43   4.62    168     10  305.7  320.2  306.6
  717.0   2986    5.9   -0.2     65   5.28    205     11  306.9  323.4  307.9
  716.0   2997    5.8   -0.2     65   5.29    205     11  306.9  323.4  307.9
  705.0   3124    5.0   -2.0     61   4.71    205     12  307.4  322.2  308.2
  700.0   3182    4.8   -4.2     52   4.02    205     12  307.8  320.5  308.5
  687.0   3335    4.0   -6.0     48   3.57    201     11  308.5  320.0  309.2
  672.0   3514    3.2  -17.8     20   1.41    197     10  309.6  314.4  309.9
  665.0   3599    3.0  -19.8     17   1.20    195     10  310.3  314.4  310.5
  642.0   3883    2.4  -26.6     10   0.68    220      8  312.8  315.2  312.9
  638.0   3933    2.2  -26.2     10   0.71    225      8  313.1  315.6  313.2
  628.0   4060    1.7  -25.0     12   0.80    245     10  314.0  316.8  314.1
  608.0   4321    0.8  -22.8     15   1.02    240     12  315.7  319.3  315.9
  605.0   4361    0.6  -22.4     16   1.05    247     12  316.0  319.7  316.2
  595.0   4495    1.2   -9.8     44   3.07    272     14  318.2  328.5  318.8
  592.0   4535    1.1   -9.6     45   3.14    280     14  318.5  329.0  319.1
  572.0   4811    0.0   -8.0     55   3.68    269     17  320.4  332.7  321.1
  529.0   5433   -2.5  -18.0     29   1.76    245     25  324.6  330.9  325.0
  510.0   5724   -3.7  -22.7     21   1.22    255     30  326.6  331.1  326.9
  500.0   5880   -4.7  -23.7     21   1.14    260     32  327.2  331.4  327.5
  484.0   6136   -6.3  -27.3     17   0.85    264     34  328.3  331.5  328.5
  479.0   6215   -6.9  -28.0     17   0.80    265     35  328.6  331.6  328.8
  401.0   7581  -16.4  -39.3     12   0.32    270     43  333.4  334.7  333.5
  400.0   7600  -16.5  -39.5     12   0.31    270     43  333.5  334.7  333.5
  396.0   7675  -16.7  -41.7     10   0.25    270     43  334.1  335.2  334.2
  325.0   9122  -28.1  -53.1      7   0.08    270     52  337.8  338.2  337.9
  308.0   9504  -30.5  -53.5      9   0.09    270     54  339.7  340.1  339.7
  300.0   9690  -32.3  -52.3     12   0.10    270     55  339.7  340.2  339.8
  281.0  10143  -36.4  -53.7     15   0.09    260     55  340.3  340.7  340.3
  252.0  10896  -43.1  -56.1     23   0.08    269     62  341.1  341.4  341.1
  250.0  10950  -43.3  -57.3     20   0.07    270     63  341.6  341.9  341.6
  235.0  11364  -44.9  -62.9     12   0.03    275     68  345.2  345.4  345.2
  200.0  12420  -53.7  -66.7     19   0.02    270     65  347.6  347.7  347.6
  189.0  12780  -56.7  -68.7     21   0.02    270     66  348.4  348.5  348.4
  175.0  13263  -59.9  -73.9     14   0.01    270     68  350.9  350.9  350.9
  162.0  13737  -63.0                         270     70  353.5         353.5
  150.0  14210  -66.1                         275     58  356.0         356.0
  137.0  14755  -70.7                         280     61  357.2         357.2
  136.0  14798  -70.9                         280     61  357.7         357.7
  126.0  15244  -72.8                         295     61  362.0         362.0
  106.0  16255  -77.3                         275     58  371.9         371.9
  100.0  16590  -77.3                         275     52  378.1         378.1
   94.0  16948  -75.5                         280     38  388.4         388.4
   88.2  17316  -73.7                         301     31  399.1         399.1
   87.0  17395  -74.0                         305     30  400.1         400.1
   82.0  17738  -75.2                         305     39  404.4         404.4
   80.0  17882  -75.7                         295     43  406.2         406.2
   79.4  17925  -75.9                         293     41  406.8         406.8
   74.4  18301  -75.1                         279     25  416.1         416.1
   73.0  18412  -71.9                         274     20  425.1         425.1
   70.0  18660  -70.3                         265      9  433.7         433.7
   69.0  18746  -69.7                         255      7  436.8         436.8
   65.9  19020  -67.7                         268      6  446.9         446.9
   63.0  19291  -66.9                         280      5  454.4         454.4
   56.0  20003  -64.9                         275      8  474.5         474.5
   55.4  20068  -64.7                         280      8  476.4         476.4
   52.1  20440  -66.1                         310      5  481.6         481.6
   50.0  20690  -64.3                         330      3  491.5         491.5
   49.2  20789  -63.3                         352      5  496.2         496.2
   47.0  21071  -63.0                          55     10  503.3         503.3
   46.0  21203  -62.9                          25     14  506.7         506.7
   43.0  21619  -62.5                          30     12  517.5         517.5
   41.0  21912  -62.2                          80      5  525.3         525.3
   38.6  22284  -61.9                         100      9  535.3         535.3
   38.0  22382  -61.4                         105     10  539.0         539.0
   36.0  22722  -59.8                          65     14  551.6         551.6
   34.0  23081  -58.0                          65     14  565.3         565.3
   33.0  23269  -57.1                          50     13  572.6         572.6
   32.0  23462  -56.2                          75      7  580.1         580.1
   31.0  23662  -55.2                         110     10  588.0         588.0
   30.7  23723  -54.9                         110     12  590.5         590.5
   30.0  23870  -55.3                         110     16  593.3         593.3
   29.0  24088  -54.6                         100     15  600.9         600.9
   28.0  24314  -54.0                         110     19  608.8         608.8
   25.0  25044  -51.8                          75     17  635.1         635.1
   24.0  25307  -51.0                         100     17  644.9         644.9
   23.9  25334  -50.9                                     645.9         645.9
