
-----------------------------------------------------------------------------
   PRES   HGHT   TEMP   DWPT   RELH   MIXR   DRCT   SKNT   THTA   THTE   THTV
    hPa     m      C      C      %    g/kg    deg   knot     K      K      K 
-----------------------------------------------------------------------------
 1023.0      5   18.8    8.8     52   6.99    205      9  290.1  310.2  291.3
 1000.0    195   16.0    8.0     59   6.77    200     14  289.1  308.6  290.3
  964.0    505   13.2    7.2     67   6.65    179     24  289.4  308.4  290.5
  925.0    851   10.8    4.8     66   5.86    155     35  290.4  307.3  291.4
  895.0   1124    9.2    4.0     70   5.72    150     44  291.4  308.1  292.4
  850.0   1552    6.6    2.7     76   5.50    140     31  293.1  309.2  294.0
  826.0   1787    5.1    2.0     81   5.39    125     31  293.8  309.7  294.8
  822.0   1826    4.8    1.9     81   5.37    129     29  294.0  309.8  294.9
  802.0   2028    8.2  -11.8     23   1.94    152     19  299.7  305.9  300.0
  799.0   2059    8.2  -14.8     18   1.52    155     18  299.9  304.9  300.2
  789.0   2163    8.0  -25.0      8   0.64    145     16  300.9  303.1  301.0
  779.0   2267    7.3  -23.2      9   0.77    135     13  301.2  303.8  301.4
  731.0   2788    4.0  -14.0     26   1.78    170     10  303.1  308.9  303.4
  700.0   3138    1.8  -23.2     14   0.85    155     12  304.4  307.4  304.6
  699.0   3149    1.7  -23.5     13   0.83    155     13  304.5  307.3  304.6
  682.0   3347    0.2  -28.8      9   0.52    175     16  304.9  306.8  305.0
  675.0   3430    1.0  -44.0      2   0.11    184     17  306.7  307.2  306.8
  658.0   3632   -0.5  -40.1      3   0.18    205     20  307.2  307.9  307.3
  623.0   4065   -3.8  -31.9      9   0.43    195     21  308.3  309.9  308.4
  598.0   4390   -6.3  -25.7     20   0.79    220     19  309.1  311.9  309.2
  594.0   4443   -6.7  -24.7     22   0.87    217     19  309.2  312.2  309.4
  559.0   4912  -10.3  -34.6     12   0.36    185     22  310.4  311.7  310.5
  540.0   5179  -12.3  -40.3      8   0.21    195     21  311.1  311.9  311.1
  529.0   5337  -11.3  -50.9      2   0.07    230     24  314.1  314.3  314.1
  522.0   5439  -10.7  -57.7      1   0.03    242     26  316.0  316.1  316.0
  514.0   5558  -10.8  -57.8      1   0.03    255     28  317.2  317.4  317.2
  500.0   5770  -11.1  -58.1      1   0.03    265     36  319.4  319.6  319.4
  478.0   6114  -11.9  -57.9      1   0.03    271     44  322.6  322.7  322.6
  465.0   6321  -13.4  -55.0      2   0.05    275     49  323.2  323.4  323.2
  414.0   7192  -20.0  -42.6     11   0.22    280     59  325.7  326.6  325.8
  400.0   7450  -21.9  -38.9     20   0.33    280     54  326.4  327.7  326.5
  399.0   7468  -22.1  -39.0     20   0.33    280     54  326.5  327.8  326.5
  325.0   8938  -34.9  -47.3     27   0.16    285     65  328.4  329.1  328.5
  319.0   9072  -36.1  -48.1     28   0.15    284     73  328.6  329.2  328.6
  300.0   9500  -35.3  -61.3      5   0.03    280    101  335.5  335.6  335.5
  292.0   9688  -34.5  -63.5      4   0.03    286    109  339.2  339.4  339.2
  286.0   9830  -35.5  -62.6      4   0.03    290    116  339.8  339.9  339.8
  250.0  10750  -42.1  -57.1     18   0.07    295    126  343.3  343.6  343.4
  231.0  11282  -47.1  -59.1     24   0.06    295    128  343.6  343.8  343.6
  221.0  11576  -47.7  -64.7     12   0.03    295    130  347.0  347.2  347.0
  219.0  11635  -48.2  -65.0     13   0.03    295    130  347.1  347.2  347.1
  200.0  12230  -53.5  -68.5     14   0.02    295    126  347.9  348.0  347.9
  178.0  12967  -59.9  -72.9     17   0.01    298    118  349.2  349.2  349.2
  165.0  13435  -63.7                         300    112  350.5         350.5
  155.0  13818  -63.7                         300    114  356.8         356.8
  154.0  13858  -63.7                         298    113  357.4         357.4
  151.0  13979  -61.1                         292    109  363.9         363.9
  150.0  14020  -61.1                         290    108  364.6         364.6
  138.0  14528  -62.7                         275     95  370.7         370.7
  121.0  15329  -65.1                         295     68  380.3         380.3
  107.0  16078  -67.4                         280     73  389.6         389.6
  100.0  16490  -68.7                         270     60  394.7         394.7
   91.0  17056  -67.9                         280     44  407.1         407.1
   86.7  17346  -67.5                         266     38  413.6         413.6
   85.0  17464  -68.2                         260     36  414.4         414.4
   77.0  18049  -72.0                         265     24  418.5         418.5
   74.0  18285  -73.5                         285     28  420.1         420.1
   73.2  18349  -73.9                         280     30  420.6         420.6
   72.0  18446  -73.8                         270     31  422.7         422.7
   70.0  18610  -73.7                         275     37  426.4         426.4
   69.0  18695  -73.1                         270     41  429.5         429.5
   66.6  18903  -71.5                         252     29  437.3         437.3
   63.0  19238  -64.1                         225     10  460.5         460.5
   62.6  19277  -63.3                         231     10  463.2         463.2
   58.2  19722  -66.3                         302     10  466.2         466.2
   58.0  19743  -66.2                         305     10  466.8         466.8
   57.0  19849  -65.9                         290     10  469.9         469.9
   51.0  20529  -63.7                           0      0  490.2         490.2
   50.0  20650  -63.3                          85      7  493.9         493.9
   47.0  21034  -62.7                         350     10  504.1         504.1
   44.0  21443  -62.0                         260     11  515.3         515.3
   40.0  22035  -61.1                         355     10  531.9         531.9
   38.0  22353  -60.6                         335     17  541.0         541.0
   35.0  22863  -59.8                          50     10  556.0         556.0
   33.0  23229  -59.2                         305     12  566.9         566.9
   30.0  23820  -58.3                         260     12  585.1         585.1
   29.0  24034  -58.0                         235     10  591.7         591.7
   26.0  24723  -56.9                         265      4  613.5         613.5
   25.5  24846  -56.7                                     617.5         617.5
