
-----------------------------------------------------------------------------
   PRES   HGHT   TEMP   DWPT   RELH   MIXR   DRCT   SKNT   THTA   THTE   THTV
    hPa     m      C      C      %    g/kg    deg   knot     K      K      K 
-----------------------------------------------------------------------------
 1013.0      5   26.2   21.2     74  15.92    140      9  298.2  344.7  301.1
 1007.0     58   24.2   18.2     69  13.23    133     10  296.8  335.2  299.1
 1000.0    120   23.4   18.5     74  13.59    125     12  296.6  335.9  299.0
  933.0    721   18.2   16.5     90  12.82    121     14  297.2  334.5  299.5
  925.0    795   17.8   15.8     88  12.35    120     14  297.5  333.5  299.7
  850.0   1515   13.8   11.0     83   9.79    110     14  300.6  329.6  302.4
  700.0   3131    5.6    1.3     74   6.04    120      8  308.6  327.5  309.8
  655.0   3672    2.4   -1.3     77   5.34    132      7  311.0  327.9  312.0
  601.0   4364   -0.1   -7.1     59   3.75    147      6  315.8  328.1  316.5
  522.0   5476   -7.5  -13.5     62   2.60    172      4  319.9  328.7  320.4
  500.0   5810   -9.5  -18.5     48   1.79    180      3  321.4  327.6  321.7
  475.0   6205  -12.3  -28.3     25   0.79    190      4  322.7  325.6  322.8
  468.0   6319  -13.1  -27.1     30   0.89    193      5  323.1  326.3  323.2
  465.0   6368  -13.7  -20.7     56   1.59    195      5  322.9  328.5  323.2
  445.0   6702  -15.3  -29.3     29   0.76    204      6  325.0  327.8  325.1
  423.0   7084  -18.1  -26.1     50   1.08    214      7  326.1  330.1  326.3
  405.0   7408  -20.5  -30.5     40   0.75    222      9  327.1  329.9  327.2
  402.0   7463  -20.7  -40.7     15   0.27    224      9  327.5  328.6  327.6
  400.0   7500  -20.9  -35.9     25   0.45    225      9  327.7  329.5  327.8
  397.0   7556  -21.3  -32.3     36   0.64    226      9  327.9  330.4  328.1
  385.0   7781  -22.7  -41.7     16   0.26    230      8  329.0  330.0  329.0
  383.0   7820  -23.1  -31.1     48   0.75    230      8  328.9  331.8  329.1
  366.0   8151  -25.3  -34.3     43   0.57    236      7  330.3  332.5  330.4
  300.0   9560  -37.3  -52.3     19   0.10    260      4  332.7  333.1  332.7
  277.0  10105  -41.7  -58.7     14   0.05    278      8  334.0  334.2  334.0
  250.0  10790  -47.9  -61.9     18   0.04    300     13  334.7  334.9  334.7
  238.0  11111  -51.1  -63.1     23   0.03    296     14  334.6  334.8  334.6
  200.0  12220  -58.3  -69.3     23   0.02    280     17  340.3  340.4  340.3
  187.0  12643  -59.9  -72.9     17   0.01    277     20  344.3  344.4  344.3
  179.0  12915  -61.3  -75.2     14   0.01    275     22  346.3  346.4  346.3
  173.0  13129  -58.9  -76.9      8   0.01    274     24  353.7  353.7  353.7
  163.0  13503  -59.9  -85.9      2   0.00    272     27  358.1  358.1  358.1
  150.0  14020  -62.5                         270     31  362.2         362.2
  100.0  16500  -67.9                         300     17  396.3         396.3
   95.7  16762  -69.3                         275     23  398.6         398.6
   91.0  17065  -68.7                         245     14  405.5         405.5
   82.0  17690  -67.5                         225     11  420.2         420.2
   79.0  17914  -67.1                         195      8  425.6         425.6
   73.0  18388  -66.2                          75      4  437.2         437.2
   70.0  18640  -65.7                          35      6  443.5         443.5
   67.0  18908  -65.3                          95     10  450.0         450.0
   65.0  19094  -65.0                         115     15  454.6         454.6
   62.0  19383  -64.5                         115     22  461.9         461.9
   54.0  20229  -63.1                          20     13  483.7         483.7
   53.0  20343  -62.9                          35     10  486.7         486.7
   52.0  20460  -62.7                          75     13  489.8         489.8
   50.0  20700  -62.3                          85     19  496.2         496.2
   49.0  20824  -62.5                          90     19  498.7         498.7
   46.3  21174  -62.9                          77     17  505.8         505.8
   46.0  21214  -62.8                          75     17  507.1         507.1
   38.0  22411  -58.6                          90     34  546.1         546.1
   32.6  23371  -55.3                          81     22  579.4         579.4
   32.0  23489  -55.4                          80     20  582.1         582.1
   30.0  23900  -55.9                          85     28  591.6         591.6
   29.0  24116  -56.1                          95     22  596.9         596.9
   27.1  24548  -56.5                          81     26  607.4         607.4
   27.0  24572  -56.5                          80     26  608.2         608.2
   25.0  25066  -55.5                          90     26  624.5         624.5
   24.0  25329  -55.0                          65     25  633.3         633.3
   21.0  26187  -53.3                          90     24  662.9         662.9
   20.0  26500  -52.7                          85     29  674.1         674.1
   16.0  27954  -48.5                          65     21  732.1         732.1
   15.8  28036  -48.3                                     735.5         735.5
