
-----------------------------------------------------------------------------
   PRES   HGHT   TEMP   DWPT   RELH   MIXR   DRCT   SKNT   THTA   THTE   THTV
    hPa     m      C      C      %    g/kg    deg   knot     K      K      K 
-----------------------------------------------------------------------------
 1012.0      5   25.6   22.3     82  17.07    240      3  297.7  347.4  300.8
 1004.0     77   23.6   20.8     84  15.66    242      3  296.4  341.7  299.2
 1000.0    113   23.2   20.9     87  15.83    242      3  296.4  342.1  299.2
  972.0    361   21.4   20.2     93  15.59    248      5  296.9  342.1  299.7
  963.0    442   23.0   19.3     80  14.86    250      5  299.4  342.9  302.0
  925.0    794   21.8   15.8     69  12.35    258      7  301.6  338.2  303.8
  919.0    851   21.8   14.8     64  11.65    259      7  302.1  336.8  304.3
  850.0   1522   16.8    9.8     63   9.02    275     10  303.7  331.0  305.4
  816.0   1869   14.4    3.4     48   6.02    269     15  304.8  323.3  305.9
  790.6   2134   11.9    5.7     65   7.29    265     18  304.9  327.1  306.2
  779.0   2258   10.8    6.7     76   7.96    260     18  304.9  329.2  306.4
  760.0   2464    9.2    5.3     77   7.40    251     18  305.4  328.0  306.7
  711.0   3015    7.6  -20.4     12   1.07    226     19  309.5  313.2  309.7
  708.1   3048    7.5  -19.2     13   1.19    225     19  309.7  313.8  309.9
  700.0   3143    7.2  -15.8     18   1.60    215     17  310.4  315.8  310.7
  682.3   3353    6.3  -18.9     14   1.27    205     17  311.7  316.1  312.0
  676.0   3429    6.0  -20.0     13   1.16    205     18  312.2  316.2  312.4
  674.0   3453    6.4  -15.6     19   1.69    205     19  312.9  318.7  313.2
  667.0   3539    5.4   -5.6     45   3.79    205     20  312.7  325.0  313.4
  657.3   3658    4.4   -6.0     47   3.72    205     22  312.9  325.0  313.6
  650.0   3749    3.6   -6.4     48   3.66    205     20  313.0  324.9  313.7
  636.0   3926    4.8  -32.2      5   0.41    205     16  316.3  317.8  316.4
  633.2   3962    4.6  -32.6      5   0.39    205     15  316.5  318.0  316.6
  609.8   4267    3.3  -35.9      4   0.29    240     10  318.4  319.6  318.5
  568.0   4841    0.8  -42.2      2   0.17    262     14  322.0  322.7  322.0
  544.0   5182   -1.8  -40.9      3   0.20    275     16  323.0  323.8  323.0
  523.5   5486   -4.0  -39.8      4   0.23    255     14  323.8  324.7  323.8
  502.0   5819   -6.5  -38.5      6   0.27    255     14  324.7  325.8  324.7
  500.0   5850   -6.7  -31.7     12   0.54    255     14  324.8  326.9  324.9
  485.0   6087   -9.1  -15.1     62   2.45    255     14  324.7  333.2  325.2
  476.0   6231  -10.1  -26.1     26   0.96    255     14  325.2  328.7  325.4
  474.0   6264  -10.1  -19.1     48   1.79    255     14  325.6  331.9  325.9
  469.0   6345  -10.1  -28.1     21   0.81    255     14  326.6  329.6  326.7
  465.6   6401  -10.4  -25.9     27   1.00    255     14  326.8  330.5  327.0
  461.0   6478  -10.9  -22.9     37   1.32    255     16  327.2  332.0  327.4
  456.0   6561  -10.7  -53.7      2   0.06    254     17  328.5  328.7  328.5
  440.0   6835  -11.9  -50.9      2   0.08    253     23  330.3  330.7  330.3
  424.0   7118  -12.3  -22.3     43   1.52    252     28  333.3  338.9  333.6
  400.0   7560  -16.1  -23.1     55   1.50    250     37  334.0  339.5  334.3
  396.8   7620  -16.6  -23.4     56   1.48    250     36  334.1  339.5  334.4
  353.0   8489  -24.3  -27.1     78   1.18    254     41  335.1  339.5  335.3
  321.0   9177  -29.3  -34.0     64   0.67    258     46  337.4  340.0  337.5
  313.0   9358  -29.5  -39.5     37   0.40    258     47  339.5  341.2  339.6
  300.0   9660  -32.3  -39.3     50   0.42    260     49  339.7  341.4  339.8
  297.0   9731  -32.9  -38.9     55   0.45    260     48  339.9  341.7  340.0
  296.0   9754  -33.1  -39.3     54   0.43    260     48  339.9  341.7  340.0
  265.0  10523  -38.7  -52.7     21   0.11    253     62  342.6  343.1  342.7
  250.0  10920  -41.5  -53.5     26   0.11    250     69  344.2  344.7  344.2
  227.0  11569  -45.9  -64.9     10   0.03    250     74  347.1  347.3  347.1
  212.0  12021  -49.7  -62.7     20   0.04    250     78  348.1  348.2  348.1
  206.5  12192  -51.0  -66.2     15   0.03    250     78  348.7  348.8  348.7
  200.0  12400  -52.5  -70.5     10   0.01    250     70  349.5  349.5  349.5
  178.9  13106  -57.4  -74.1     10   0.01    250     64  352.8  352.8  352.8
  169.0  13467  -59.9  -75.9     11   0.01    252     65  354.4  354.4  354.4
  150.0  14200  -65.3                         255     67  357.4         357.4
  125.8  15240  -72.3                         255     67  363.1         363.1
  114.0  15824  -76.3                         270     52  366.1         366.1
  102.1  16459  -75.6                         265     52  379.1         379.1
  100.0  16580  -75.5                         275     32  381.6         381.6
   96.8  16764  -76.2                         275     32  383.8         383.8
   89.0  17248  -78.0                         295     36  389.6         389.6
   85.2  17498  -78.9                         283     26  392.6         392.6
   81.0  17790  -75.8                         270     15  404.6         404.6
   79.0  17934  -74.3                         295     10  410.7         410.7
   77.2  18067  -72.9                         307      8  416.3         416.3
   73.7  18338  -73.9                         332      4  419.7         419.7
   70.0  18640  -71.5                           0      0  431.1         431.1
   57.0  19879  -63.7                          40     10  474.8         474.8
   54.5  20153  -65.7                          44     11  476.4         476.4
   54.0  20210  -65.5                          45     11  478.0         478.0
   52.0  20440  -64.8                          30     16  484.8         484.8
   50.0  20680  -64.1                           5     12  492.0         492.0
   49.0  20805  -63.6                           0     10  496.1         496.1
   47.0  21063  -62.5                         100      1  504.5         504.5
   44.0  21470  -60.9                          80     10  518.1         518.1
   43.0  21613  -61.0                          55     12  521.3         521.3
   39.0  22221  -61.4                          55     19  535.0         535.0
   38.4  22317  -61.5                          67     19  537.1         537.1
   37.0  22552  -60.3                          95     18  546.0         546.0
   32.0  23471  -55.4                          75     36  582.1         582.1
   30.0  23880  -53.3                          65     29  598.7         598.7
   28.0  24326  -50.7                          60     24  617.9         617.9
   22.3  25813  -48.1                          55     21  667.1         667.1
   22.0  25902  -48.0                          55     21  670.0         670.0
   21.0  26209  -47.7                          25     10  680.0         680.0
   20.0  26530  -47.3                         215      1  690.6         690.6
   19.0  26870  -47.1                         180     10  701.3         701.3
   18.0  27227  -47.0                         180     16  712.7         712.7
   16.4  27844  -46.7                         152     25  732.9         732.9
   16.0  28007  -47.0                         145     27  737.1         737.1
   15.0  28432  -47.7                         150     25  748.4         748.4
   14.0  28887  -48.5                         115     20  760.7         760.7
   13.5  29127  -48.9                                     767.2         767.2
