
-----------------------------------------------------------------------------
   PRES   HGHT   TEMP   DWPT   RELH   MIXR   DRCT   SKNT   THTA   THTE   THTV
    hPa     m      C      C      %    g/kg    deg   knot     K      K      K 
-----------------------------------------------------------------------------
 1024.0      5   17.2   11.2     68   8.22    210     10  288.4  311.7  289.8
 1000.0    205   14.6   10.2     75   7.87    210      6  287.8  310.0  289.1
  995.0    247   14.4   10.2     76   7.91    202      6  288.0  310.4  289.3
  974.0    427   13.3    8.6     73   7.23    170      4  288.6  309.2  289.9
  925.0    861   10.6    4.6     66   5.78    160      5  290.1  306.9  291.1
  861.0   1454    6.2    1.8     73   5.09    190     10  291.6  306.5  292.4
  850.0   1559    5.4    0.4     70   4.66    195     11  291.8  305.5  292.6
  843.0   1626    5.0   -1.3     64   4.14    190     13  292.1  304.4  292.8
  829.0   1763    4.2   -4.8     52   3.24    192     14  292.6  302.4  293.2
  784.0   2210    0.0   -5.9     64   3.15    200     17  292.8  302.4  293.4
  743.0   2640   -4.0   -7.0     80   3.07    225     21  293.0  302.3  293.5
  738.0   2694   -4.5   -7.1     82   3.06    219     22  293.0  302.3  293.6
  724.0   2845   -1.9  -25.9     14   0.64    201     24  297.5  299.6  297.6
  723.0   2856   -1.8  -28.5     11   0.51    200     24  297.7  299.4  297.8
  718.0   2911   -1.3  -41.3      3   0.14    200     24  298.8  299.4  298.9
  700.0   3113   -1.9  -38.9      4   0.19    200     24  300.4  301.0  300.4
  676.0   3390   -2.6  -40.8      3   0.16    215     27  302.6  303.2  302.6
  660.0   3580   -3.1  -42.1      3   0.14    214     28  304.1  304.6  304.1
  624.0   4021   -6.7  -26.7     19   0.69    212     30  304.9  307.3  305.0
  598.0   4353   -7.9  -34.9      9   0.33    211     31  307.2  308.4  307.3
  582.0   4559   -9.9  -35.5     10   0.32    210     32  307.3  308.4  307.3
  513.0   5519  -19.3  -38.3     17   0.27    215     29  307.2  308.2  307.2
  508.0   5592  -19.4  -42.2     11   0.18    215     29  307.9  308.6  308.0
  500.0   5710  -19.5  -48.5      6   0.09    220     31  309.2  309.6  309.2
  495.0   5784  -19.7  -49.1      5   0.09    225     33  309.9  310.2  309.9
  457.0   6375  -21.1  -54.1      3   0.05    216     41  315.2  315.5  315.3
  453.0   6440  -20.8  -54.6      3   0.05    215     42  316.4  316.6  316.4
  442.0   6622  -20.1  -56.1      2   0.04    222     61  319.5  319.7  319.5
  436.0   6723  -17.9  -60.9      1   0.02    226     71  323.6  323.7  323.6
  429.0   6845  -17.4  -60.9      1   0.02    230     83  325.6  325.8  325.6
  406.0   7258  -15.9  -60.7      1   0.03    230     87  332.8  332.9  332.8
  403.0   7314  -15.7  -60.7      1   0.03    230     88  333.8  333.9  333.8
  400.0   7370  -15.9  -60.9      1   0.03    230     90  334.2  334.4  334.2
  382.0   7716  -16.3  -61.3      1   0.03    230    105  338.1  338.3  338.1
  348.0   8405  -21.2  -60.2      2   0.03    230    134  340.6  340.8  340.6
  327.0   8866  -24.5  -59.5      2   0.04    230    129  342.2  342.4  342.2
  313.0   9184  -24.9  -64.9      1   0.02    230    126  345.9  346.1  346.0
  300.0   9490  -27.5  -65.5      1   0.02    230    123  346.5  346.6  346.5
  275.0  10110  -32.6  -67.3      2   0.02    225    122  347.8  347.9  347.8
  270.0  10240  -33.7  -67.7      2   0.02    228    121  348.1  348.2  348.1
  263.0  10425  -33.1  -72.1      1   0.01    232    120  351.6  351.6  351.6
  250.0  10780  -36.1  -74.1      1   0.01    240    117  352.2  352.3  352.3
  222.0  11581  -43.5  -75.5      2   0.01    235    112  353.0  353.0  353.0
  205.0  12118  -48.5  -76.5      2   0.01    239    113  353.3  353.3  353.3
  200.0  12280  -49.7  -76.7      3   0.01    240    113  353.9  353.9  353.9
  178.0  13027  -55.0  -82.0      2   0.00    245    119  357.2  357.2  357.2
  160.0  13710  -59.9  -86.9      2   0.00    245    113  360.0  360.0  360.0
  150.0  14110  -63.7                         245    109  360.1         360.1
  148.0  14192  -64.5                         245    108  360.1         360.1
  146.0  14274  -64.9                         245    107  360.8         360.8
  113.0  15807  -72.7                         235     60  373.8         373.8
  107.0  16133  -74.3                         245     58  376.6         376.6
  100.0  16530  -72.7                         255     51  387.0         387.0
   95.0  16831  -72.3                         265     57  393.5         393.5
   91.0  17084  -72.0                         245     47  399.0         399.0
   86.0  17416  -71.6                         260     45  406.3         406.3
   82.9  17632  -71.3                         248     38  411.2         411.2
   82.0  17697  -70.9                         245     36  413.2         413.2
   78.0  17994  -69.1                         275     24  422.9         422.9
   75.0  18228  -67.7                         295     22  430.6         430.6
   74.1  18300  -67.3                         290     21  433.0         433.0
   70.6  18589  -69.3                         269     19  434.7         434.7
   70.0  18640  -68.5                         265     19  437.5         437.5
   69.0  18727  -67.5                         270     18  441.5         441.5
   67.0  18906  -65.3                         220     17  449.8         449.8
   66.0  18997  -64.3                         205     11  454.1         454.1
   65.3  19062  -63.5                         228      8  457.2         457.2
   64.0  19184  -64.1                         270      2  458.6         458.6
   59.0  19679  -66.4                         275     10  464.2         464.2
   56.3  19964  -67.7                         262     16  467.4         467.4
   56.0  19996  -67.7                         260     17  468.2         468.2
   54.0  20215  -67.3                         250     10  474.0         474.0
   51.0  20560  -66.7                           0      0  483.1         483.1
   50.0  20680  -66.5                         270      3  486.4         486.4
   47.4  21003  -67.5                         337      6  491.4         491.4
   44.0  21460  -64.5                          70     10  509.4         509.4
   43.0  21602  -63.6                          45     13  515.0         515.0
   40.0  22046  -60.6                           0      0  533.1         533.1
   38.9  22218  -59.5                         292      5  540.2         540.2
   38.0  22365  -59.4                         235     10  544.1         544.1
   37.0  22532  -59.3                         175     10  548.6         548.6
   33.0  23251  -58.7                           0      0  568.2         568.2
   30.0  23850  -58.3                         275      8  585.1         585.1
   29.0  24063  -58.5                         290     12  590.4         590.4
   27.0  24512  -58.8                         260     13  601.7         601.7
   26.2  24701  -58.9                         254     12  606.5         606.5
   25.0  24997  -57.8                         245     10  617.9         617.9
   23.0  25524  -55.8                         225      6  638.6         638.6
   22.7  25607  -55.5                                     641.9         641.9
