
-----------------------------------------------------------------------------
   PRES   HGHT   TEMP   DWPT   RELH   MIXR   DRCT   SKNT   THTA   THTE   THTV
    hPa     m      C      C      %    g/kg    deg   knot     K      K      K 
-----------------------------------------------------------------------------
 1023.0      5   17.4    9.4     59   7.28    285      2  288.7  309.4  289.9
 1003.0    172   15.6    7.6     59   6.57    216      8  288.5  307.3  289.6
 1000.0    197   16.2    7.2     55   6.41    205      9  289.4  307.8  290.5
  997.0    223   16.8    6.8     52   6.25    212      9  290.2  308.3  291.3
  937.0    749   13.6   10.2     80   8.40    347      9  292.1  316.3  293.6
  925.0    858   12.8    9.2     79   7.95     15      9  292.4  315.4  293.8
  918.8    914   12.4    8.2     75   7.48     15      9  292.6  314.3  293.9
  866.0   1408    9.4   -0.6     50   4.25    310      7  294.4  307.1  295.2
  850.0   1563   11.4  -12.6     17   1.72    290      6  298.1  303.6  298.4
  846.0   1602   12.0  -17.0     12   1.20    289      7  299.1  303.1  299.3
  823.4   1829   11.7  -23.0      7   0.74    280     10  301.1  303.6  301.2
  818.0   1883   11.6  -24.4      6   0.65    277     11  301.6  303.8  301.7
  793.6   2134    9.6  -24.1      7   0.69    265     13  302.1  304.4  302.2
  764.9   2438    7.2  -23.7      9   0.74    255     12  302.6  305.2  302.8
  756.0   2535    6.4  -23.6     10   0.76    261     12  302.8  305.4  302.9
  751.0   2589    6.6  -25.4      8   0.65    264     12  303.6  305.9  303.7
  741.0   2700   10.2  -38.8      2   0.18    270     12  308.7  309.4  308.7
  711.0   3043   10.0  -39.0      2   0.18    290     11  312.1  312.8  312.2
  710.6   3048   10.0  -39.0      2   0.18    290     11  312.1  312.9  312.2
  700.0   3172    9.2  -39.8      2   0.17    290     12  312.6  313.3  312.7
  684.7   3353    8.2  -40.8      2   0.16    295     11  313.5  314.1  313.5
  659.8   3658    6.5  -42.5      2   0.14    295     14  315.0  315.5  315.0
  638.0   3933    5.0  -44.0      1   0.12    281     20  316.3  316.7  316.3
  635.7   3962    4.8  -43.7      2   0.13    280     21  316.4  316.9  316.4
  611.8   4267    2.6  -40.1      3   0.19    285     24  317.3  318.1  317.4
  588.7   4572    0.4  -36.6      4   0.28    280     25  318.3  319.4  318.4
  566.6   4877   -1.7  -33.0      7   0.42    265     30  319.3  320.8  319.3
  505.0   5791   -8.2  -22.4     31   1.26    290     39  322.0  326.5  322.2
  501.0   5855   -8.7  -21.7     34   1.35    290     45  322.2  327.0  322.4
  500.0   5870   -8.9  -21.9     34   1.33    290     47  322.1  326.9  322.4
  485.6   6096  -10.8  -16.0     65   2.28    285     53  322.5  330.4  323.0
  483.0   6137  -11.1  -14.9     74   2.50    285     53  322.6  331.2  323.1
  470.0   6347  -12.3  -21.3     47   1.49    287     54  323.6  329.0  323.9
  463.0   6461  -13.1  -17.3     71   2.14    288     55  324.0  331.5  324.5
  413.3   7315  -19.5  -20.9     88   1.75    295     59  326.5  332.8  326.9
  400.0   7560  -21.3  -22.0     94   1.65    290     61  327.2  333.1  327.6
  388.0   7784  -23.3  -24.2     92   1.40    287     65  327.5  332.5  327.7
  364.9   8230  -25.7  -30.4     65   0.84    280     73  330.1  333.2  330.2
  363.0   8268  -25.9  -30.9     63   0.81    280     73  330.3  333.3  330.4
  347.0   8592  -28.7  -31.4     77   0.80    283     77  330.8  333.8  330.9
  325.0   9058  -31.1  -35.3     66   0.59    286     82  333.7  336.0  333.8
  300.0   9620  -35.5  -38.7     72   0.45    290     89  335.2  337.0  335.3
  298.0   9667  -35.9  -38.9     74   0.44    290     89  335.3  337.1  335.4
  290.0   9855  -36.5  -49.5     25   0.14    291     90  337.1  337.7  337.1
  277.0  10172  -38.3  -54.3     17   0.09    293     91  338.9  339.3  338.9
  257.0  10682  -41.5  -62.6      8   0.03    295     93  341.5  341.6  341.5
  250.0  10870  -42.7  -65.7      6   0.02    290     91  342.4  342.6  342.4
  246.2  10973  -43.2  -66.5      6   0.02    295     93  343.3  343.4  343.3
  224.7  11582  -45.9  -71.5      4   0.01    280     89  348.1  348.1  348.1
  212.0  11969  -47.7  -74.7      3   0.01    285     87  351.2  351.2  351.2
  200.0  12350  -50.9  -78.9      2   0.00    290     84  352.0  352.0  352.0
  164.0  13617  -59.9  -81.9      4   0.00    290     74  357.4  357.5  357.4
  150.0  14170  -64.1                         290     70  359.5         359.5
  148.0  14252  -64.7                         291     70  359.8         359.8
  139.0  14630  -66.1                         295     70  363.9         363.9
  113.4  15850  -70.4                         285     43  377.5         377.5
  106.0  16256  -71.9                         305     47  382.1         382.1
  102.4  16459  -71.7                         310     42  386.4         386.4
  100.0  16600  -71.5                         285     38  389.3         389.3
   97.3  16764  -71.5                         285     38  392.4         392.4
   97.0  16780  -71.5                         285     26  392.7         392.7
   94.0  16967  -71.6                         320     17  396.1         396.1
   93.0  17030  -71.6                         325     17  397.3         397.3
   89.0  17290  -71.6                         305     25  402.2         402.2
   86.0  17494  -71.7                         305     29  406.1         406.1
   84.2  17619  -71.7                         304     26  408.5         408.5
   78.1  18067  -69.5                         301     17  422.0         422.0
   76.0  18229  -69.9                         300     13  424.4         424.4
   74.0  18388  -70.3                         325     19  426.7         426.7
   72.0  18552  -70.8                         325     25  429.2         429.2
   71.4  18602  -70.9                         325     22  429.9         429.9
   70.0  18720  -69.3                         325     15  435.8         435.8
   68.0  18894  -68.2                         330     14  441.7         441.7
   67.0  18984  -67.7                         355     12  444.7         444.7
   65.0  19166  -66.6                         315     13  451.0         451.0
   64.0  19259  -66.0                         315     10  454.2         454.2
   63.0  19354  -65.5                          40     10  457.5         457.5
   62.7  19383  -65.3                          36     11  458.6         458.6
   61.0  19550  -65.1                          15     17  462.5         462.5
   60.0  19651  -65.0                          20     20  464.9         464.9
   58.0  19857  -64.8                           5     13  469.9         469.9
   56.6  20006  -64.7                           2      6  473.5         473.5
   56.0  20071  -64.8                           0      3  474.6         474.6
   52.6  20451  -65.7                          67      8  481.2         481.2
   51.0  20639  -64.8                         100     11  487.5         487.5
   50.0  20760  -64.3                          90     14  491.5         491.5
   47.0  21142  -62.0                         100     19  505.7         505.7
   45.0  21411  -60.5                          75     25  515.9         515.9
   44.0  21549  -59.6                          85     32  521.2         521.2
   43.6  21606  -59.3                          81     30  523.4         523.4
   42.0  21840  -59.1                          65     23  529.4         529.4
   40.0  22145  -59.0                          85     26  537.3         537.3
   38.0  22466  -58.7                          60     33  545.8         545.8
   36.0  22805  -58.5                          65     20  554.9         554.9
   35.9  22822  -58.5                          65     20  555.3         555.3
   35.2  22946  -59.7                          67     24  555.4         555.4
   34.0  23164  -59.0                          70     30  562.7         562.7
   33.0  23351  -58.4                          95     25  569.1         569.1
   32.0  23544  -57.8                          70     26  575.8         575.8
   30.0  23950  -56.5                          90     33  590.0         590.0
   28.0  24386  -57.0                          75     37  600.3         600.3
   27.0  24616  -57.3                          92     34  605.8         605.8
   26.0  24859  -56.1                         110     31  615.6         615.6
   23.0  25648  -52.4                          85     35  648.6         648.6
   22.0  25934  -51.0                         105     34  660.9         660.9
   21.0  26233  -49.6                          90     31  674.0         674.0
   20.5  26388  -48.9                          92     34  680.9         680.9
   20.0  26550  -49.9                          95     38  682.7         682.7
   19.3  26783  -50.1                          92     40  689.0         689.0
   19.0                                        90     41                     
