
-----------------------------------------------------------------------------
   PRES   HGHT   TEMP   DWPT   RELH   MIXR   DRCT   SKNT   THTA   THTE   THTV
    hPa     m      C      C      %    g/kg    deg   knot     K      K      K 
-----------------------------------------------------------------------------
 1015.0      5   27.4   19.4     62  14.17     25      8  299.3  340.9  301.8
 1010.0     48   25.6   17.6     61  12.69     38      7  297.9  335.0  300.2
 1000.0    134   25.0   19.0     69  14.03     65      5  298.1  339.1  300.7
  929.0    776   18.8   17.1     90  13.38    118      1  298.2  337.2  300.6
  927.0    794   18.8   16.6     87  13.03    120      1  298.3  336.4  300.7
  925.0    813   18.8   16.2     85  12.68    110      1  298.5  335.6  300.8
  924.0    822   18.8   16.1     84  12.61    109      1  298.6  335.5  300.9
  911.0    944   20.8   -2.2     21   3.59    102      4  301.9  313.1  302.5
  901.0   1040   20.6   -9.4     12   2.09     97      6  302.6  309.4  303.0
  880.0   1243   20.2   -5.9     17   2.80     85     10  304.3  313.2  304.8
  858.0   1461   19.8   -2.2     23   3.81     96     14  306.1  318.1  306.8
  851.0   1531   19.3   -2.7     22   3.69    100     15  306.2  317.9  306.9
  850.0   1541   19.2   -2.8     22   3.68    100     15  306.2  317.9  306.9
  771.0   2368   13.5   -1.4     36   4.51    100     24  308.8  323.0  309.6
  762.0   2468   12.8   -1.2     38   4.62     99     22  309.0  323.7  309.9
  722.0   2919   12.2   -4.8     30   3.73     95     10  313.2  325.3  313.9
  721.0   2931   12.1   -4.7     31   3.75     95     10  313.2  325.4  313.9
  700.0   3177   10.0   -3.0     40   4.40     85      7  313.5  327.8  314.4
  633.0   4005    4.4   -6.6     45   3.70     30      4  316.3  328.5  317.0
  616.0   4225    3.5  -16.3     22   1.75     15      3  317.8  323.8  318.1
  579.0   4726    1.6  -38.4      3   0.24    320      7  321.2  322.1  321.2
  557.0   5036   -0.8  -31.6      8   0.49    285     10  321.9  323.7  322.0
  546.0   5195   -2.1  -28.1     12   0.70    293     14  322.2  324.8  322.4
  539.0   5297   -2.1  -15.1     36   2.21    298     16  323.4  331.1  323.8
  537.0   5327   -2.1  -17.8     29   1.77    300     17  323.7  330.0  324.1
  536.0   5342   -2.1  -19.1     26   1.58    299     17  323.9  329.6  324.2
  521.0   5566   -3.7  -27.7     14   0.76    292     20  324.6  327.4  324.8
  517.0   5627   -4.1  -25.1     18   0.97    289     21  324.9  328.4  325.1
  511.0   5719   -4.5  -12.5     54   2.88    286     22  325.5  335.4  326.0
  500.0   5890   -5.9   -9.2     77   3.83    280     24  325.8  338.8  326.5
  492.0   6017   -6.7   -7.8     92   4.35    276     25  326.3  341.1  327.2
  491.0   6032   -6.8   -8.0     91   4.29    275     25  326.4  341.0  327.2
  467.0   6423   -8.7  -12.8     72   3.08    271     26  328.7  339.4  329.3
  428.0   7096  -12.6  -15.8     77   2.61    265     28  332.1  341.4  332.6
  425.0   7150  -12.9  -16.1     77   2.58    265     28  332.3  341.5  332.9
  400.0   7610  -16.5  -18.7     83   2.20    265     31  333.5  341.4  333.9
  386.0   7875  -18.1  -20.6     81   1.92    265     30  334.7  341.8  335.1
  354.0   8518  -22.1  -25.4     75   1.38    273     37  337.8  342.9  338.1
  331.0   9006  -26.0  -27.9     84   1.17    280     42  338.9  343.4  339.2
  325.0   9139  -27.1  -28.6     87   1.12    280     43  339.2  343.5  339.4
  303.0   9640  -31.3  -32.9     86   0.80    280     48  340.2  343.3  340.3
  300.0   9710  -31.3  -33.5     81   0.76    280     49  341.1  344.1  341.3
  296.0   9805  -31.7  -35.5     69   0.63    275     50  341.9  344.4  342.0
  294.0   9854  -31.7  -39.7     45   0.41    275     49  342.6  344.2  342.6
  267.0  10533  -34.9  -64.9      3   0.02    275     41  347.4  347.6  347.4
  260.0  10718  -36.5  -64.9      4   0.02    275     39  347.7  347.8  347.7
  250.0  10990  -38.9  -64.9      5   0.02    275     40  348.1  348.2  348.1
  239.0  11297  -41.5  -62.9      8   0.03    275     44  348.7  348.9  348.8
  238.0  11325  -41.7  -62.7      8   0.03    275     44  348.8  349.0  348.8
  204.0  12351  -49.7  -64.7     16   0.03    265     40  351.9  352.1  351.9
  200.0  12480  -50.9  -64.9     17   0.03    265     40  352.0  352.1  352.0
  168.0  13591  -59.9  -74.9     12   0.01    268     44  355.0  355.1  355.0
  152.0  14208  -64.5                         270     47  357.4         357.4
  150.0  14290  -65.1                         270     47  357.7         357.7
  102.0  16539  -81.7                         260     32  367.6         367.6
  100.0  16650  -81.5                         260     31  370.0         370.0
   96.1  16873  -83.1                         275     25  371.1         371.1
   86.0  17497  -81.5                         290     17  386.4         386.4
   83.0  17697  -80.9                         270     10  391.4         391.4
   81.7  17786  -80.7                         254      8  393.6         393.6
   79.0  17978  -78.8                         220      4  401.3         401.3
   75.0  18276  -75.9                         109      9  413.4         413.4
   74.1  18346  -73.1                          83     10  420.8         420.8
   74.0  18354  -73.1                          80     10  420.9         420.9
   72.0  18515  -73.9                          40     16  422.6         422.6
   70.9  18605  -74.3                          32     19  423.6         423.6
   70.0  18680  -73.9                          25     21  426.0         426.0
   69.0  18765  -73.5                          20     22  428.5         428.5
   67.0  18937  -72.8                          25     19  433.6         433.6
   66.0  19026  -72.5                          50     16  436.3         436.3
   64.0  19206  -71.7                          70     20  441.8         441.8
   62.0  19393  -71.0                          70     25  447.5         447.5
   61.3  19460  -70.7                          63     24  449.5         449.5
   58.0  19786  -72.2                          30     22  453.2         453.2
   57.9  19796  -72.3                          30     22  453.3         453.3
   57.0  19889  -71.8                          30     17  456.5         456.5
   55.0  20100  -70.7                          60     11  463.7         463.7
   53.0  20319  -69.5                          67     13  471.4         471.4
   51.0  20551  -66.5                          75     15  483.7         483.7
   50.0  20670  -64.9                          70     15  490.1         490.1
   49.0  20795  -63.6                          60     15  496.1         496.1
   47.0  21052  -60.9                          85     16  508.6         508.6
   46.6  21105  -60.3                          82     16  511.1         511.1
   44.0  21463  -61.5                          65     17  516.8         516.8
   43.9  21477  -61.5                          67     17  517.0         517.0
   42.0  21755  -60.1                         105     17  527.1         527.1
   38.3  22333  -57.1                          87     23  548.7         548.7
   38.0  22383  -57.1                          85     23  549.9         549.9
   36.0  22725  -57.4                         100     19  557.7         557.7
   33.0  23276  -57.9                          75     20  570.5         570.5
   31.7  23530  -58.1                          91     19  576.5         576.5
   31.0  23672  -57.0                         100     18  583.2         583.2
   30.1  23859  -55.5                          96     21  592.2         592.2
   30.0  23880  -55.5                          95     21  592.7         592.7
   23.3  25494  -54.7                          89     25  639.5         639.5
   20.0  26480  -50.7                          85     27  680.2         680.2
   19.9  26513  -50.3                          84     27  682.4         682.4
   18.5  26988  -50.9                          74     26  694.9         694.9
   18.0  27168  -50.5                          70     26  701.5         701.5
   17.0  27544  -49.8                          90     30  715.5         715.5
   16.0  27942  -49.0                          85     35  730.5         730.5
   15.0  28366  -48.2                          95     29  746.9         746.9
   14.0  28820  -47.3                          80     27  764.8         764.8
   13.0  29307  -46.3                          95     25  784.5         784.5
   12.9  29358  -46.5                                     785.6         785.6
