
-----------------------------------------------------------------------------
   PRES   HGHT   TEMP   DWPT   RELH   MIXR   DRCT   SKNT   THTA   THTE   THTV
    hPa     m      C      C      %    g/kg    deg   knot     K      K      K 
-----------------------------------------------------------------------------
 1016.0      5   25.4   17.4     61  12.46     95      7  297.2  333.5  299.4
 1015.0     14   25.2   11.2     41   8.29     96      7  297.1  321.5  298.6
 1011.0     48   24.0   15.0     57  10.71    101      7  296.2  327.4  298.1
 1000.0    143   23.0   16.0     65  11.56    115      8  296.1  329.7  298.2
  925.0    817   17.2   14.5     84  11.34    175      8  296.9  329.9  298.9
  922.0    845   17.0   14.4     85  11.31    174      8  297.0  329.9  299.0
  910.0    957   16.0   13.2     83  10.58    171      8  297.1  327.9  298.9
  882.0   1222   14.6    8.6     67   8.01    164      9  298.3  322.0  299.7
  850.0   1534   12.2   11.1     93   9.85    155      9  298.9  327.9  300.7
  801.0   2030    9.4    8.8     96   8.95    162     12  301.0  327.7  302.7
  788.0   2167   10.4    4.4     66   6.70    164     12  303.5  323.9  304.8
  783.0   2220   10.0    3.0     62   6.10    164     13  303.6  322.3  304.8
  778.0   2273   10.0   -3.0     40   3.96    165     13  304.2  316.6  304.9
  734.0   2755    7.6   -3.4     46   4.07    165     23  306.7  319.6  307.4
  731.0   2788    7.7   -6.6     36   3.21    165     24  307.2  317.5  307.8
  724.0   2868    8.0  -14.0     19   1.80    162     23  308.3  314.3  308.7
  700.0   3145    6.6   -6.4     39   3.40    150     21  309.8  320.7  310.4
  685.0   3323    5.2   -6.8     42   3.37    149     21  310.1  321.0  310.8
  626.0   4053    1.0  -19.0     21   1.37    145     20  313.4  318.1  313.7
  619.0   4143    1.6  -27.4      9   0.66    145     19  315.1  317.5  315.2
  602.0   4367    0.6  -42.4      2   0.15    144     19  316.5  317.1  316.5
  554.0   5028   -4.3  -33.3      8   0.42    140     18  318.3  319.8  318.4
  549.0   5099   -4.8  -31.1     11   0.52    140     18  318.4  320.4  318.6
  527.0   5420   -7.3  -21.3     32   1.33    156     19  319.2  323.9  319.5
  522.0   5494   -7.3  -17.3     45   1.90    160     19  320.1  326.7  320.5
  517.0   5570   -7.1  -18.1     41   1.79    164     19  321.2  327.5  321.6
  509.0   5691   -7.7  -19.6     38   1.60    170     19  322.0  327.6  322.3
  500.0   5830   -8.3  -21.3     34   1.40    170     21  322.9  327.9  323.1
  487.0   6034   -9.3  -27.3     22   0.84    165     20  324.1  327.2  324.2
  472.0   6272  -11.2  -27.7     24   0.83    160     18  324.7  327.8  324.8
  436.0   6875  -15.9  -28.8     32   0.82    155     37  326.1  329.2  326.3
  427.0   7033  -17.1  -29.1     35   0.81    160     36  326.5  329.6  326.7
  400.0   7520  -19.5  -31.5     34   0.69    175     32  329.6  332.2  329.7
  398.0   7557  -19.8  -31.8     33   0.67    175     32  329.7  332.2  329.8
  364.0   8211  -24.5  -38.0     27   0.40    165     26  331.9  333.5  332.0
  353.0   8436  -26.1  -40.1     26   0.33    170     28  332.6  334.0  332.7
  343.0   8640  -27.8  -41.9     25   0.28    175     29  333.1  334.3  333.2
  300.0   9590  -35.5  -50.5     20   0.12    170     35  335.2  335.8  335.2
  261.0  10542  -43.5  -58.5     17   0.05    166     34  337.1  337.3  337.1
  250.0  10830  -46.1  -60.1     19   0.05    165     34  337.4  337.6  337.4
  236.0  11207  -49.4  -61.5     23   0.04    165     36  338.1  338.2  338.1
  221.0  11636  -53.1  -63.1     29   0.04    176     35  338.7  338.9  338.7
  215.0  11814  -52.9  -65.5     20   0.03    180     35  341.7  341.8  341.7
  205.0  12121  -52.6  -69.8     11   0.02    175     24  346.8  346.9  346.8
  201.0  12248  -52.5  -71.5      8   0.01    187     18  349.0  349.0  349.0
  200.0  12280  -52.5  -72.5      7   0.01    190     17  349.5  349.5  349.5
  197.0  12376  -53.3  -73.2      7   0.01    205     15  349.8  349.8  349.8
  195.0  12441  -53.8  -73.6      7   0.01    215     15  349.9  350.0  349.9
  175.0  13130  -59.3  -78.4      7   0.00    215     25  351.9  351.9  351.9
  173.0  13204  -59.9  -78.9      7   0.00    212     26  352.0  352.1  352.0
  161.0  13651  -62.3                         195     34  355.3         355.3
  158.0  13768  -62.1                         190     36  357.6         357.6
  154.0  13927  -61.8                         180     33  360.7         360.7
  150.0  14090  -61.5                         180     27  363.9         363.9
  149.0  14131  -61.5                         180     25  364.6         364.6
  147.0  14213  -62.2                         180     22  364.8         364.8
  140.0  14509  -64.8                         205     15  365.5         365.5
  132.0  14865  -67.8                         230     19  366.2         366.2
  124.0  15244  -71.1                         220     28  366.9         366.9
  123.0  15293  -71.5                         220     28  367.0         367.0
  118.0  15539  -71.3                         195     27  371.8         371.8
  111.0  15901  -70.9                         195     35  379.0         379.0
  100.0  16520  -70.3                         175     26  391.6         391.6
   94.0  16886  -71.1                         165     17  397.1         397.1
   92.4  16988  -71.3                         168     15  398.6         398.6
   89.0  17211  -69.2                         175     10  407.2         407.2
   88.0  17278  -68.5                         183      9  409.8         409.8
   86.0  17414  -69.4                         200      6  410.6         410.6
   82.0  17697  -71.3                         220     10  412.3         412.3
   81.3  17748  -71.7                         217     10  412.6         412.6
   72.0  18464  -71.5                         180     10  427.6         427.6
   70.0  18630  -71.5                         155      8  431.1         431.1
   68.6  18749  -71.7                         148      9  433.2         433.2
   68.0  18802  -71.4                         145     10  434.9         434.9
   66.0  18982  -70.3                         160     15  441.0         441.0
   63.0  19262  -68.6                         120     16  450.6         450.6
   59.0  19656  -66.2                         100     18  464.5         464.5
   56.0  19970  -64.4                         105     21  475.7         475.7
   55.9  19981  -64.3                         105     21  476.1         476.1
   51.0  20540  -66.3                          80     16  484.2         484.2
   50.9  20552  -66.3                          81     16  484.4         484.4
   50.0  20660  -65.3                          85     15  489.2         489.2
   48.0  20913  -64.6                         110     19  496.6         496.6
   43.0  21596  -62.8                          70     30  517.0         517.0
   37.0  22529  -60.2                          90     27  546.1         546.1
   30.0  23830  -56.7                          80     27  589.5         589.5
   27.2  24451  -54.5                          94     31  612.4         612.4
   27.0  24499  -54.5                          95     31  613.8         613.8
   24.0  25252  -53.8                          80     34  636.8         636.8
   22.0  25809  -53.2                          90     45  654.4         654.4
   20.8  26167  -52.9                          87     43  666.0         666.0
   20.6  26229  -53.1                          87     43  667.2         667.2
   20.0  26420  -50.9                          85     42  679.6         679.6
   18.0  27112  -46.7                          85     40  713.5         713.5
   17.9  27149  -46.5                                     715.4         715.4
   17.6  27261  -46.7                                     718.2         718.2
