
-----------------------------------------------------------------------------
   PRES   HGHT   TEMP   DWPT   RELH   MIXR   DRCT   SKNT   THTA   THTE   THTV
    hPa     m      C      C      %    g/kg    deg   knot     K      K      K 
-----------------------------------------------------------------------------
 1016.0      5   25.0   19.0     69  13.80    110      6  296.8  336.9  299.3
 1012.0     40   22.6   16.6     69  11.88    112      7  294.7  329.0  296.9
 1000.0    145   21.6   17.6     78  12.82    120      9  294.8  331.7  297.0
  952.0    570   17.4   16.7     96  12.72     28      2  294.7  331.3  296.9
  938.0    697   16.9   15.7     93  12.12      0      0  295.4  330.4  297.5
  925.0    816   16.4   14.8     90  11.57    200      2  296.1  329.6  298.1
  863.0   1404   12.6   10.5     87   9.32    294      8  298.0  325.4  299.7
  850.0   1532   13.4    7.4     67   7.65    315      9  300.2  323.1  301.6
  848.0   1552   13.4    6.4     63   7.16    315     10  300.4  321.8  301.7
  847.0   1562   13.6    5.6     58   6.77    315     10  300.7  321.1  301.9
  833.0   1703   17.0   -6.0     20   2.95    301     16  305.7  315.1  306.2
  832.0   1713   16.9   -5.8     21   3.00    300     16  305.7  315.4  306.3
  823.0   1806   16.4   -3.6     25   3.58    286     16  306.1  317.5  306.8
  819.0   1847   16.1   -3.1     27   3.73    280     16  306.2  318.0  306.9
  766.0   2411   11.6    3.6     58   6.51    260     17  307.3  327.4  308.5
  717.0   2959    7.2    1.8     69   6.11    240     18  308.2  327.3  309.4
  707.0   3075    6.2    1.4     71   6.03    246     18  308.4  327.2  309.6
  700.0   3157    5.6    0.6     70   5.74    250     18  308.6  326.6  309.7
  698.0   3180    5.5    0.2     69   5.60    250     18  308.7  326.3  309.8
  676.0   3442    3.8   -4.0     57   4.23    230     25  309.7  323.2  310.5
  674.0   3466    3.6   -4.4     56   4.11    230     25  309.8  322.9  310.5
  638.0   3907   -0.6   -5.8     68   3.92    225     26  309.9  322.5  310.6
  619.0   4150   -2.9   -6.5     76   3.82    220     24  309.9  322.2  310.7
  611.0   4253   -2.3  -18.3     28   1.49    218     23  311.8  316.9  312.1
  601.0   4384   -2.5  -29.5     11   0.56    215     22  313.0  315.0  313.1
  600.0   4397   -2.5  -29.8     10   0.54    215     22  313.1  315.1  313.2
  580.0   4666   -3.3  -36.3      6   0.30    238     15  315.3  316.4  315.4
  578.0   4693   -3.5  -36.5      6   0.29    240     14  315.3  316.4  315.4
  564.0   4885   -5.1  -38.1      6   0.26    230     14  315.7  316.7  315.8
  540.0   5226   -7.9  -40.9      5   0.20    240     13  316.3  317.1  316.4
  536.0   5283   -8.3  -41.2      5   0.20    250     15  316.5  317.3  316.6
  500.0   5820  -11.7  -43.7      5   0.16    235     21  318.7  319.4  318.7
  496.0   5881  -12.0  -43.4      5   0.17    235     22  319.0  319.7  319.1
  451.0   6602  -15.9  -39.3     11   0.28    260     27  322.9  324.1  323.0
  449.0   6635  -16.1  -39.1     12   0.29    259     27  323.1  324.3  323.2
  404.0   7416  -23.4  -44.6     12   0.18    240     29  323.6  324.3  323.6
  400.0   7490  -24.1  -45.1     13   0.17    240     30  323.6  324.3  323.6
  337.0   8716  -34.5  -48.5     23   0.14    248     39  325.6  326.2  325.7
  325.0   8969  -36.0  -52.7     16   0.09    250     41  327.0  327.4  327.0
  324.0   8990  -36.1  -53.1     16   0.09    250     41  327.1  327.5  327.1
  304.0   9429  -40.1  -52.9     24   0.09    245     39  327.5  327.9  327.6
  300.0   9520  -40.9  -52.9     26   0.09    250     38  327.6  328.0  327.6
  276.0  10080  -45.9  -55.9     31   0.07    264     32  328.3  328.6  328.3
  274.0  10128  -46.2  -56.3     31   0.07    265     31  328.4  328.7  328.5
  259.0  10498  -49.0  -59.6     28   0.05    280     39  329.8  330.0  329.8
  251.0  10704  -50.5  -61.5     26   0.04    276     42  330.5  330.6  330.5
  250.0  10730  -50.5  -62.5     23   0.03    275     42  330.9  331.0  330.9
  244.0  10890  -49.7  -65.8     13   0.02    270     45  334.4  334.5  334.4
  237.0  11081  -48.7  -69.7      7   0.01    271     48  338.7  338.7  338.7
  220.0  11567  -50.6  -73.4      5   0.01    275     55  343.0  343.0  343.0
  205.0  12029  -52.5  -76.9      4   0.01    275     52  347.1  347.1  347.1
  200.0  12190  -53.1  -78.1      3   0.00    270     53  348.5  348.5  348.5
  196.0  12318  -53.7  -78.5      3   0.00    270     55  349.6  349.6  349.6
  167.0  13330  -58.4  -81.9      3   0.00    255     47  358.0  358.1  358.0
  159.0  13640  -59.9  -82.9      3   0.00    264     45  360.6  360.6  360.6
  150.0  14000  -62.9                         275     42  361.5         361.5
  148.0  14083  -63.7                         280     43  361.5         361.5
  129.0  14923  -65.1                         271     39  373.5         373.5
  128.0  14970  -65.3                         270     39  373.9         373.9
  116.0  15562  -68.1                         255     34  379.5         379.5
  107.0  16047  -70.4                         270     26  384.0         384.0
  105.0  16160  -70.9                         265     28  385.1         385.1
  100.0  16450  -70.3                         250     32  391.6         391.6
   94.0  16815  -71.9                         250     23  395.5         395.5
   93.2  16866  -72.1                         253     23  396.1         396.1
   91.0  17007  -70.9                         260     22  401.1         401.1
   88.0  17206  -69.3                         250     18  408.3         408.3
   86.3  17322  -68.3                         267     14  412.5         412.5
   86.0  17343  -68.3                         270     13  413.0         413.0
   78.0  17930  -67.6                         215     32  426.0         426.0
   74.0  18246  -67.3                         215     12  433.2         433.2
   70.0  18580  -66.9                         190     17  440.9         440.9
   69.0  18668  -66.7                         185     20  443.2         443.2
   67.0  18848  -66.2                         170      9  447.9         447.9
   66.0  18940  -66.0                           0      0  450.4         450.4
   62.0  19323  -65.0                         155      6  460.6         460.6
   60.0  19524  -64.5                         135     12  466.1         466.1
   58.0  19731  -64.0                         160     10  471.8         471.8
   57.0  19838  -63.7                         155     14  474.8         474.8
   55.0  20056  -63.2                         115     12  480.9         480.9
   54.0  20169  -62.9                         105     10  484.1         484.1
   50.0  20640  -61.7                         115     14  497.7         497.7
   49.5  20702  -61.3                         114     14  500.0         500.0
   48.0  20896  -60.9                         110     12  505.3         505.3
   46.0  21163  -60.5                         115     17  512.7         512.7
   43.0  21587  -59.7                         105     19  524.6         524.6
   41.0  21887  -59.1                         115     19  533.1         533.1
   36.0  22704  -57.6                          90     21  557.2         557.2
   34.0  23063  -57.0                          60     29  568.1         568.1
   31.0  23644  -55.9                          60     22  586.2         586.2
   30.0  23850  -55.5                          90     12  592.7         592.7
   28.0  24291  -54.6                          70     18  606.9         606.9
   27.0  24524  -54.2                          95     17  614.5         614.5
   25.0  25017  -53.3                          85     18  630.9         630.9
   23.5  25412  -52.5                         100     24  644.3         644.3
   23.0  25551  -52.6                         105     26  648.1         648.1
   22.0  25837  -52.8                          90     22  655.9         655.9
   20.0  26450  -53.1                         110     31  672.9         672.9
   19.1  26746  -53.3                         107     31  681.2         681.2
   16.4  27737  -49.1                          97     30  725.1         725.1
   16.0                                        95     30                     
