
-----------------------------------------------------------------------------
   PRES   HGHT   TEMP   DWPT   RELH   MIXR   DRCT   SKNT   THTA   THTE   THTV
    hPa     m      C      C      %    g/kg    deg   knot     K      K      K 
-----------------------------------------------------------------------------
 1014.0      5   27.6   16.6     51  11.85     10      9  299.6  334.5  301.7
 1002.0    110   25.0   16.0     57  11.54    340      7  298.0  331.8  300.1
 1000.0    127   24.8   15.8     57  11.41    335      7  297.9  331.4  300.0
  937.0    694   20.0   13.0     64  10.14    339     13  298.6  328.5  300.5
  925.0    805   19.8   10.8     56   8.86    340     14  299.6  325.9  301.1
  913.4    914   19.3   10.7     58   8.92    340     14  300.1  326.6  301.7
  899.0   1050   18.6   10.6     60   9.00    331     10  300.8  327.6  302.4
  889.0   1147   19.6   10.6     56   9.10    325      7  302.8  330.1  304.4
  881.6   1219   19.9    9.9     52   8.77    320      5  303.8  330.4  305.4
  867.0   1363   20.6    8.6     46   8.15    261      6  306.0  330.9  307.5
  850.0   1534   20.0    9.0     49   8.54    190      7  307.1  333.3  308.7
  842.0   1616   19.8    4.8     37   6.44    188      7  307.7  327.7  308.9
  823.0   1812   18.0    9.0     56   8.83    183      8  307.8  334.9  309.4
  792.3   2134   15.4    8.6     64   8.93    175     10  308.4  335.9  310.1
  755.0   2544   12.2    8.1     76   9.05    162     14  309.2  337.1  310.9
  716.0   2987    9.4    4.7     72   7.53    147     17  310.9  334.4  312.3
  713.0   3022    9.6    3.6     66   7.00    146     18  311.4  333.4  312.8
  710.8   3048   10.0   -5.6     33   3.56    145     18  312.2  323.8  312.9
  710.0   3057   10.2   -8.8     25   2.78    146     18  312.5  321.7  313.0
  704.0   3128   10.4  -18.6     11   1.26    158     14  313.5  317.8  313.7
  700.0   3175   10.4  -15.6     14   1.63    165     12  314.0  319.6  314.3
  698.0   3199   10.4  -14.6     16   1.78    166     12  314.2  320.3  314.6
  685.2   3353    9.6  -15.4     16   1.69    170     13  314.9  320.7  315.3
  683.0   3380    9.4  -15.6     15   1.67    170     13  315.1  320.8  315.4
  660.0   3658    7.9  -15.9     17   1.69    165     11  316.5  322.3  316.8
  635.7   3962    6.3  -16.2     18   1.71    150     12  318.1  324.0  318.4
  612.2   4267    4.7  -16.5     20   1.73    155     10  319.6  325.6  320.0
  589.6   4572    3.0  -16.8     22   1.75      0      0  321.2  327.3  321.5
  500.0   5910   -4.1  -18.1     33   1.85    255      7  328.0  334.6  328.3
  469.1   6401   -7.1  -19.9     35   1.69    245     10  330.3  336.4  330.6
  433.5   7010  -10.8  -22.2     38   1.50    235     12  333.2  338.7  333.5
  400.5   7620  -14.4  -24.5     42   1.32    250     16  336.0  341.0  336.3
  400.0   7630  -14.5  -24.5     42   1.32    240     17  336.1  341.0  336.3
  384.2   7925  -16.7  -27.6     39   1.04    240     17  337.0  341.0  337.2
  325.4   9144  -25.8  -40.1     25   0.36    240     18  340.9  342.3  340.9
  300.0   9740  -30.3  -46.3     19   0.20    210     18  342.6  343.4  342.6
  286.5  10058  -33.2  -46.7     25   0.20    205     19  342.9  343.8  342.9
  274.1  10363  -36.0  -47.1     31   0.20    195     23  343.2  344.1  343.2
  250.0  11000  -41.9  -47.9     52   0.20    200     41  343.6  344.5  343.7
  228.9  11582  -47.0  -52.6     53   0.13    200     50  344.7  345.3  344.7
  200.0  12470  -54.7  -59.7     54   0.06    215     45  346.0  346.3  346.0
  199.1  12497  -54.9                         220     42  346.1         346.1
  180.6  13106  -59.2                         210     40  348.9         348.9
  155.9  14021  -65.6                         210     52  353.0         353.0
  150.0  14260  -67.3                         205     46  354.0         354.0
  133.9  14935  -70.5                         195     45  360.1         360.1
  127.2  15240  -71.9                         180     20  362.8         362.8
  120.8  15545  -73.3                         185     13  365.6         365.6
  119.0  15633  -73.7                         220     20  366.4         366.4
  114.7  15850  -73.6                         225     15  370.5         370.5
  100.0  16650  -73.3                         225     30  385.9         385.9
   98.7  16727  -71.5                         227     24  390.8         390.8
   97.0  16829  -72.0                         230     15  391.7         391.7
   96.0  16889  -72.4                         240     13  392.2         392.2
   93.1  17069  -73.3                         225     30  393.8         393.8
   91.0  17202  -74.0                         270     11  394.9         394.9
   84.6  17628  -76.3                         295      8  398.7         398.7
   84.0  17669  -76.4                         300      8  399.3         399.3
   81.6  17836  -76.7                         308     10  402.0         402.0
   81.0  17879  -76.5                         310     10  403.3         403.3
   78.0  18099  -75.3                         275     17  410.1         410.1
   77.0  18174  -74.9                         250     17  412.5         412.5
   75.0  18328  -74.1                         200     12  417.3         417.3
   70.0  18730  -71.9                         170     11  430.2         430.2
   68.0  18902  -70.4                         155     10  437.1         437.1
   67.9  18910  -70.3                         153     10  437.4         437.4
   64.0  19263  -69.9                          80     10  445.7         445.7
   61.0  19548  -69.6                          85     10  452.6         452.6
   60.0  19647  -69.5                          55     13  455.0         455.0
   59.0  19747  -69.4                          50     10  457.4         457.4
   58.1  19839  -69.3                          68      6  459.6         459.6
   58.0  19849  -69.2                          70      6  460.1         460.1
   57.0  19954  -68.3                         130     10  464.4         464.4
   56.0  20061  -67.4                         135     12  468.8         468.8
   55.0  20170  -66.5                          95     11  473.3         473.3
   53.0  20394  -64.6                         115     12  482.7         482.7
   52.9  20405  -64.5                         115     12  483.2         483.2
   50.0  20750  -63.9                         110     20  492.5         492.5
   47.0  21133  -63.4                         100     24  502.5         502.5
   45.0  21402  -63.0                          90     14  509.6         509.6
   44.0  21541  -62.9                         110      9  513.4         513.4
   41.0  21978  -62.3                          85     26  525.3         525.3
   40.0  22130  -62.1                          70     24  529.5         529.5
   38.0  22448  -61.6                          75     18  538.4         538.4
   36.0  22782  -61.2                         105     18  547.9         547.9
   35.0  22956  -61.0                         110     18  553.0         553.0
   33.0  23320  -60.5                          80     24  563.6         563.6
   32.0  23511  -60.2                         110     19  569.3         569.3
   30.0  23910  -59.7                          80     19  581.3         581.3
   29.0  24124  -59.3                          80     17  588.0         588.0
   28.0  24345  -58.9                          65     16  595.0         595.0
   27.0  24575  -58.5                          80     13  602.4         602.4
   24.7  25137  -57.5                          86     24  620.8         620.8
   23.0  25594  -55.9                          90     33  638.4         638.4
   22.0  25879  -54.9                          75     25  649.5         649.5
   20.0  26490  -52.7                          90     26  674.1         674.1
   18.0  27176  -50.3                         100     33  702.3         702.3
   17.0  27548  -49.0                          80     34  718.1         718.1
   16.8  27625  -48.7                                     721.4         721.4
