
-----------------------------------------------------------------------------
   PRES   HGHT   TEMP   DWPT   RELH   MIXR   DRCT   SKNT   THTA   THTE   THTV
    hPa     m      C      C      %    g/kg    deg   knot     K      K      K 
-----------------------------------------------------------------------------
 1025.0      5   18.8   11.8     64   8.55    180      8  289.9  314.3  291.4
 1008.0    145   17.2   12.2     72   8.93    160     10  289.7  315.1  291.2
 1000.0    212   16.6   12.3     76   9.06    150     11  289.8  315.5  291.3
  997.0    237   16.4   12.2     77   9.05    150     11  289.8  315.5  291.3
  948.0    664   12.2   11.2     94   8.88    133     20  289.7  315.0  291.3
  940.0    735   12.8   11.5     92   9.14    130     21  291.1  317.2  292.6
  925.0    870   12.0   11.1     94   9.05    125     24  291.6  317.5  293.2
  873.0   1354   10.2    8.6     90   8.11    110     30  294.6  318.2  296.0
  850.0   1577    9.4    7.5     88   7.71    105     27  296.0  318.6  297.4
  842.0   1655    8.8    6.2     84   7.11    100     24  296.1  317.1  297.4
  826.0   1815    9.2    1.2     57   5.08     87     17  298.2  313.5  299.1
  821.0   1865    9.6   -6.4     32   2.90     83     15  299.1  308.2  299.7
  818.0   1895   11.4  -11.6     19   1.93     81     13  301.4  307.6  301.7
  811.0   1966   11.0  -12.4     18   1.83     75     10  301.6  307.6  302.0
  762.0   2478    7.8  -17.9     14   1.24     90      3  303.7  307.8  303.9
  700.0   3176    3.6  -25.4     10   0.70     65      5  306.4  308.9  306.6
  673.0   3493    1.6  -33.2      5   0.35     85     10  307.7  309.0  307.8
  659.0   3663    0.6  -37.4      4   0.23    107     13  308.4  309.3  308.4
  649.0   3786    1.8  -47.2      1   0.08    123     16  311.1  311.4  311.1
  648.0   3798    1.7  -47.2      1   0.08    125     16  311.1  311.5  311.2
  626.0   4076    0.0  -47.0      1   0.09    125     17  312.3  312.6  312.3
  621.0   4140   -0.2  -46.1      2   0.10    125     17  312.8  313.1  312.8
  595.0   4481   -1.3  -41.3      3   0.17    147     21  315.3  316.0  315.4
  586.0   4602   -2.3  -43.1      3   0.15    155     22  315.6  316.1  315.6
  564.0   4905   -4.7  -47.7      2   0.09    150     25  316.2  316.5  316.2
  552.0   5074   -4.7  -49.7      2   0.07    147     27  318.1  318.4  318.1
  548.0   5131   -3.5  -52.5      1   0.05    146     28  320.2  320.4  320.2
  546.0   5160   -3.7  -51.6      1   0.06    145     28  320.3  320.6  320.3
  534.0   5335   -4.8  -46.0      2   0.12    150     31  321.0  321.5  321.0
  525.0   5469   -5.7  -41.7      4   0.19    155     30  321.5  322.3  321.6
  519.0   5559   -5.1  -45.1      3   0.13    159     29  323.3  323.8  323.3
  504.0   5788   -7.5  -44.5      3   0.15    168     27  323.1  323.7  323.1
  500.0   5850   -7.9  -45.9      3   0.13    170     26  323.3  323.9  323.4
  498.0   5881   -8.1  -46.0      3   0.12    170     26  323.5  324.0  323.5
  465.0   6409  -11.5  -48.5      3   0.10    151     19  325.6  326.1  325.7
  454.0   6589  -13.1  -48.9      3   0.10    145     17  325.9  326.3  325.9
  446.0   6723  -14.2  -49.2      3   0.10    140     17  326.1  326.5  326.1
  410.0   7357  -19.7  -50.7      5   0.09    163     26  327.0  327.4  327.0
  400.0   7540  -20.3  -43.3     11   0.21    170     28  328.5  329.4  328.6
  397.0   7596  -20.7  -43.7     11   0.20    173     30  328.7  329.5  328.8
  374.0   8034  -22.6  -50.9      6   0.10    195     44  331.8  332.2  331.9
  359.0   8334  -23.9  -55.9      4   0.05    198     48  334.0  334.2  334.0
  343.0   8665  -27.1  -56.1      5   0.06    202     52  334.0  334.3  334.1
  330.0   8940  -28.5  -57.8      4   0.05    205     55  335.9  336.1  335.9
  313.0   9318  -30.4  -60.1      4   0.04    210     53  338.3  338.5  338.3
  300.0   9620  -31.9  -61.9      3   0.03    220     54  340.3  340.4  340.3
  286.0   9957  -33.3  -64.3      3   0.02    228     56  343.0  343.1  343.0
  260.0  10618  -38.5  -68.1      3   0.02    245     59  344.7  344.8  344.7
  250.0  10890  -40.7  -69.7      3   0.01    245     58  345.4  345.5  345.4
  225.0  11591  -46.9  -70.0      5   0.01    235     49  346.5  346.6  346.6
  213.0  11956  -50.1  -70.2      8   0.01    245     44  347.0  347.1  347.0
  205.0  12210  -52.3  -70.3     10   0.01    245     44  347.3  347.4  347.3
  200.0  12370  -53.1  -79.1      3   0.00    245     44  348.5  348.5  348.5
  199.0  12402  -53.7  -84.7      1   0.00    245     44  348.1  348.1  348.1
  191.0  12665  -53.3  -74.3      6   0.01    247     44  352.8  352.9  352.8
  170.0  13400  -59.9  -81.9      4   0.00    253     42  353.8  353.8  353.8
  164.0  13621  -61.6                         255     42  354.6         354.6
  159.0  13812  -63.1                         249     42  355.2         355.2
  156.0  13929  -62.5                         245     42  358.2         358.2
  153.0  14048  -61.9                         245     40  361.2         361.2
  150.0  14170  -62.9                         245     37  361.5         361.5
  137.0  14718  -65.5                         230     26  366.5         366.5
  131.0  14988  -66.8                         250     18  368.9         368.9
  127.0  15176  -67.6                         270     22  370.6         370.6
  121.0  15468  -69.0                         275     31  373.2         373.2
  119.0  15569  -69.5                         265     32  374.2         374.2
  112.0  15935  -71.2                         240     29  377.5         377.5
  107.0  16211  -72.5                         240     22  380.0         380.0
  100.0  16610  -72.7                         230     15  387.0         387.0
   98.0  16729  -71.9                         235     10  390.8         390.8
   95.1  16906  -70.7                         267      7  396.5         396.5
   87.0  17430  -71.7                           0      0  404.7         404.7
   85.0  17567  -72.0                           5     10  406.9         406.9
   82.0  17779  -72.3                         350     14  410.3         410.3
   79.0  17998  -72.8                         330     11  413.8         413.8
   75.3  18281  -73.3                         260     10  418.4         418.4
   72.0  18544  -71.8                         195     10  426.9         426.9
   70.0  18710  -70.9                         190     11  432.4         432.4
   67.9  18890  -70.3                         193     10  437.4         437.4
   67.5  18926  -69.1                         193     10  440.8         440.8
   66.0  19062  -67.5                         195     10  447.0         447.0
   64.0  19249  -65.4                         145     10  455.7         455.7
   61.0  19541  -62.0                         100     10  469.5         469.5
   60.9  19551  -61.9                          99     10  469.9         469.9
   57.0  19957  -63.0                          70     12  476.4         476.4
   55.0  20176  -63.6                          80     12  479.9         479.9
   52.0  20520  -64.5                          45     12  485.5         485.5
   50.3  20724  -65.1                          45     14  488.8         488.8
   50.0  20760  -64.5                          45     14  491.1         491.1
   48.0  21014  -63.5                          25     10  499.2         499.2
   42.0  21845  -60.3                          60     10  526.5         526.5
   39.0  22307  -58.5                          45     10  542.3         542.3
   36.0  22805  -56.6                          70     10  559.9         559.9
   35.0  22980  -55.9                          48     10  566.2         566.2
   34.0  23164  -55.8                          25     11  571.1         571.1
   33.0  23354  -55.8                          20     10  576.2         576.2
   31.0  23752  -55.6                          80     10  587.0         587.0
   30.0  23960  -55.5                          70     10  592.7         592.7
   29.8  24003  -55.5                          69      9  593.9         593.9
   28.5  24287  -56.1                          59      4  599.8         599.8
   28.0  24402  -55.5                          55      2  604.6         604.6
   25.0  25133  -51.5                          55     10  636.0         636.0
   24.6  25237  -50.9                          43     13  640.6         640.6
   24.0  25397  -51.2                          25     18  644.2         644.2
   23.0  25673  -51.7                          10     14  650.6         650.6
   22.0  25962  -52.3                          30     10  657.3         657.3
   21.0  26264  -52.8                          10      5  664.4         664.4
   20.2  26516  -53.3                          38      7  670.4         670.4
   20.0  26580  -53.1                          45      7  672.9         672.9
   18.0  27265  -51.6                          35     13  698.2         698.2
   16.0  28030  -49.9                          15     21  727.5         727.5
   15.3  28320  -49.3                                     739.0         739.0
