
-----------------------------------------------------------------------------
   PRES   HGHT   TEMP   DWPT   RELH   MIXR   DRCT   SKNT   THTA   THTE   THTV
    hPa     m      C      C      %    g/kg    deg   knot     K      K      K 
-----------------------------------------------------------------------------
 1012.0      5   27.4   19.4     62  14.22      0     10  299.5  341.3  302.1
 1000.0    111   25.4   18.4     65  13.50    355     10  298.6  338.1  301.0
  975.0    333   23.2   18.2     73  13.68    347     11  298.5  338.5  300.9
  969.0    387   22.9   17.7     73  13.35    345     11  298.7  337.8  301.1
  925.0    791   20.2   14.2     68  11.12    350     14  300.0  332.8  302.0
  870.0   1316   16.6   13.3     81  11.12    350     15  301.5  334.5  303.5
  850.0   1515   15.2   12.9     86  11.12    345     14  302.1  335.2  304.1
  798.0   2049   12.4    9.6     83   9.49    320     13  304.5  333.2  306.3
  795.0   2080   12.2    9.4     83   9.40    320     13  304.7  333.1  306.4
  779.0   2252   14.0  -10.0     18   2.31    318     13  308.4  316.0  308.8
  709.0   3038    9.4   -8.6     27   2.83    311     12  311.7  321.0  312.3
  700.0   3144    8.2    0.2     57   5.58    310     12  311.5  329.2  312.6
  694.0   3215    7.4    3.1     74   6.94    310     11  311.4  333.2  312.7
  686.0   3310    7.1    2.8     74   6.85    310     10  312.1  333.7  313.4
  643.0   3841    5.4    0.9     73   6.39    280     10  316.1  336.6  317.3
  632.0   3983    5.0    0.4     72   6.27    283     10  317.1  337.4  318.3
  595.0   4465    1.6   -2.3     75   5.46    295     11  318.7  336.6  319.8
  572.0   4780   -0.6   -4.1     77   4.97    280     14  319.8  336.1  320.7
  516.0   5604   -6.3   -8.7     83   3.86    292     13  322.4  335.4  323.1
  503.0   5803   -7.3  -11.5     72   3.16    295     13  323.6  334.4  324.2
  500.0   5850   -7.5  -12.2     69   3.02    295     12  323.8  334.2  324.4
  478.0   6201   -9.7  -15.7     62   2.37    280     13  325.3  333.6  325.8
  470.0   6332   -9.3  -20.3     40   1.63    275     14  327.4  333.2  327.7
  449.0   6686  -11.3  -25.3     30   1.10    260     16  329.2  333.2  329.4
  442.0   6806  -11.8  -25.4     31   1.10    255     16  330.0  334.1  330.2
  411.0   7364  -14.1  -26.1     36   1.11    270     14  334.0  338.2  334.2
  400.0   7570  -15.9  -26.9     38   1.06    275     13  334.2  338.2  334.4
  397.0   7626  -16.4  -26.9     40   1.07    275     12  334.2  338.3  334.5
  388.0   7798  -18.1  -27.1     45   1.08    270     12  334.3  338.3  334.5
  365.0   8251  -21.3  -29.5     47   0.91    255     12  335.9  339.4  336.1
  358.0   8394  -22.3  -30.3     48   0.86    252     14  336.4  339.7  336.6
  344.0   8686  -23.3  -35.3     32   0.55    245     19  338.9  341.1  339.0
  343.0   8707  -23.5  -35.4     33   0.55    245     19  338.9  341.1  339.1
  317.0   9276  -28.5  -39.0     36   0.42    260     26  339.7  341.4  339.8
  309.0   9460  -30.1  -40.1     37   0.38    253     25  340.0  341.5  340.0
  300.0   9670  -31.1  -55.1      8   0.07    245     24  341.4  341.8  341.4
  296.0   9765  -31.7  -64.7      2   0.02    241     26  341.9  342.0  341.9
  295.0   9789  -31.8  -64.1      3   0.02    240     26  342.1  342.2  342.1
  278.0  10206  -33.9  -54.1     11   0.09    255     23  344.9  345.3  344.9
  275.0  10282  -34.3  -52.3     14   0.11    254     23  345.4  345.9  345.4
  255.0  10804  -38.8  -55.1     16   0.09    245     21  346.3  346.7  346.3
  252.0  10886  -39.5  -55.5     17   0.08    242     22  346.4  346.8  346.4
  250.0  10940  -39.9  -55.9     16   0.08    240     23  346.6  347.0  346.6
  240.0  11216  -41.3  -63.1      8   0.03    215     24  348.5  348.7  348.6
  228.0  11563  -43.1  -72.1      3   0.01    215     27  351.0  351.0  351.0
  200.0  12430  -49.9  -79.9      2   0.00    215     34  353.6  353.6  353.6
  167.0  13582  -59.0  -81.7      4   0.00    210     38  357.1  357.1  357.1
  164.0  13698  -59.9  -81.9      4   0.00    208     36  357.4  357.5  357.4
  150.0  14250  -63.9                         200     26  359.8         359.8
  130.0  15105  -69.5                         200     18  364.9         364.9
  121.0  15534  -72.3                         230     24  367.3         367.3
  116.0  15787  -73.9                         220     28  368.7         368.7
  108.0  16202  -74.4                         190     14  375.4         375.4
  103.0  16478  -74.7                         220      4  379.9         379.9
  100.0  16650  -74.9                         315      4  382.8         382.8
   97.0  16826  -75.9                         315      6  384.2         384.2
   87.3  17433  -79.3                         240      7  389.1         389.1
   87.0  17452  -79.3                         230      5  389.4         389.4
   73.3  18427  -80.1                         128     11  407.3         407.3
   70.0  18690  -77.9                         100     12  417.4         417.4
   64.0  19215  -75.2                         100     21  434.2         434.2
   57.0  19893  -71.7                          75     26  456.8         456.8
   55.0  20102  -70.6                          90     27  463.9         463.9
   52.0  20430  -68.9                          75     34  475.4         475.4
   50.0  20660  -67.7                          65     30  483.5         483.5
   49.0  20783  -66.9                          60     27  488.2         488.2
   42.9  21595  -61.7                          62     27  519.9         519.9
   40.9  21891  -62.1                          63     28  526.1         526.1
   36.0  22691  -59.1                          65     28  553.3         553.3
   33.0  23237  -57.1                          55     20  572.6         572.6
   31.9  23449  -56.3                          62     17  580.3         580.3
   30.0  23840  -55.5                          75     12  592.7         592.7
   28.0  24281  -55.2                          95     16  605.3         605.3
   26.0  24755  -55.0                         130     10  619.0         619.0
   25.0  25006  -54.8                          90     19  626.4         626.4
   24.3  25187  -54.7                          91     19  631.8         631.8
   22.0  25832  -51.9                          95     18  658.2         658.2
   20.0  26450  -49.3                          65     14  684.5         684.5
   17.6  27295  -45.5                          96     25  722.0         722.0
   17.0  27525  -45.8                         105     28  728.2         728.2
   15.8  28012  -46.5                                     741.4         741.4
