
-----------------------------------------------------------------------------
   PRES   HGHT   TEMP   DWPT   RELH   MIXR   DRCT   SKNT   THTA   THTE   THTV
    hPa     m      C      C      %    g/kg    deg   knot     K      K      K 
-----------------------------------------------------------------------------
 1011.0      5   24.8   22.3     86  17.09    190      4  297.0  346.6  300.1
 1000.0    100   23.8   20.6     82  15.53    205      4  296.9  342.0  299.7
  947.0    574   20.7   18.9     89  14.69    135      1  298.5  341.4  301.1
  925.0    779   19.4   18.1     92  14.34     85      2  299.1  341.1  301.7
  893.0   1082   17.4   16.5     94  13.40     79      3  300.1  339.5  302.5
  850.0   1505   15.8   15.3     97  13.03     70      5  302.7  341.5  305.1
  840.0   1606   15.2   14.7     97  12.68     68      5  303.1  340.9  305.4
  719.0   2913    9.5    4.8     73   7.56     40     10  310.6  334.1  312.0
  710.0   3019    9.0    4.0     71   7.23     66      6  311.2  333.8  312.5
  703.0   3102    9.4  -10.6     23   2.44     86      3  312.5  320.6  312.9
  700.0   3137    9.2  -10.8     23   2.41     95      2  312.6  320.7  313.1
  655.0   3685    6.8  -32.2      4   0.39    174      7  315.9  317.4  316.0
  633.0   3963    5.4  -31.6      5   0.43    215     10  317.4  319.0  317.5
  621.0   4119    4.6  -31.3      5   0.46    240     12  318.2  320.0  318.3
  612.0   4239    4.0  -31.0      6   0.47    237     13  318.9  320.7  319.0
  588.0   4562    2.2  -15.8     25   1.91    229     14  320.5  327.1  320.8
  579.0   4687    1.0   -3.0     75   5.33    226     15  320.5  338.0  321.5
  565.0   4884    0.2   -1.9     86   5.93    221     16  321.8  341.3  322.9
  549.0   5115    0.4   -2.8     79   5.70    215     17  324.7  343.7  325.8
  535.0   5321   -0.8   -3.6     81   5.50    210     18  325.7  344.1  326.7
  500.0   5860   -3.9   -5.8     87   4.99    210     23  328.2  345.2  329.2
  453.0   6633   -8.7   -9.5     94   4.13    210     24  331.6  345.9  332.4
  421.0   7196  -11.1  -14.3     77   3.01    210     24  335.6  346.4  336.2
  400.0   7590  -12.7  -17.7     66   2.39    220     22  338.4  347.1  338.9
  393.0   7724  -13.3  -19.6     59   2.07    225     21  339.3  346.9  339.7
  389.0   7802  -13.7  -20.7     56   1.90    224     22  339.8  346.9  340.2
  373.0   8120  -16.7  -20.7     71   1.98    222     24  339.9  347.3  340.3
  361.0   8365  -17.5  -25.5     50   1.34    220     25  342.0  347.2  342.3
  355.0   8490  -18.7  -25.7     54   1.34    219     26  342.1  347.2  342.3
  343.0   8745  -20.3  -29.3     44   0.99    217     28  343.3  347.1  343.5
  330.0   9026  -22.7  -30.8     47   0.89    215     30  343.8  347.4  344.0
  300.0   9720  -28.5  -34.5     56   0.69    225     26  345.1  347.9  345.2
  297.0   9791  -29.1  -34.9     57   0.67    230     26  345.3  347.9  345.4
  267.0  10542  -35.2  -39.3     66   0.47    240     39  347.1  349.0  347.2
  259.0  10756  -36.9  -40.6     68   0.43    235     39  347.5  349.3  347.6
  250.0  11000  -38.9  -43.4     62   0.33    230     38  348.1  349.5  348.2
  240.0  11279  -41.1  -47.1     52   0.23    225     42  348.9  349.9  348.9
  226.0  11684  -44.9  -48.8     65   0.20    219     47  349.1  350.0  349.1
  223.0  11773  -45.1  -52.1     45   0.14    217     48  350.1  350.8  350.2
  219.0  11892  -46.1  -53.8     41   0.12    215     50  350.4  350.9  350.4
  200.0  12490  -51.1  -62.1     26   0.04    205     44  351.7  351.9  351.7
  194.0  12688  -52.9  -64.9     22   0.03    203     45  351.9  352.0  351.9
  185.0  12991  -55.6  -66.7     24   0.03    200     46  352.3  352.4  352.3
  176.0  13310  -58.5  -68.5     26   0.02    202     50  352.6  352.7  352.6
  170.0  13527  -59.9  -70.9     22   0.02    204     53  353.8  353.9  353.8
  166.0  13676  -61.1                         205     55  354.2         354.2
  150.0  14300  -65.9                         210     63  356.4         356.4
  146.0  14461  -67.3                         210     65  356.7         356.7
  130.0  15152  -73.3                         210     65  358.0         358.0
  112.0  16009  -77.0                         210     64  366.6         366.6
  100.0  16660  -79.9                         190     47  373.1         373.1
   94.0  17007  -82.7                         195     36  374.2         374.2
   92.8  17079  -83.3                         200     32  374.4         374.4
   91.0  17189  -82.7                         215     27  377.8         377.8
   88.0  17377  -81.6                         220     31  383.6         383.6
   83.0  17706  -79.7                         180     40  393.9         393.9
   80.4  17885  -78.7                         165     31  399.6         399.6
   78.0  18057  -79.0                         150     23  402.4         402.4
   76.0  18204  -79.3                         160     14  404.8         404.8
   75.0  18279  -79.5                         180     11  406.0         406.0
   73.0  18432  -79.8                         210     13  408.5         408.5
   71.0  18590  -80.0                         210     22  411.1         411.1
   70.7  18614  -80.1                         210     22  411.5         411.5
   70.0  18670  -78.7                         210     21  415.7         415.7
   69.0  18754  -78.1                         215     17  418.8         418.8
   64.0  19191  -74.8                         170     16  435.0         435.0
   62.0  19376  -73.4                         175     23  442.0         442.0
   58.0  19764  -70.5                         125     17  457.1         457.1
   56.9  19876  -69.7                         133     19  461.5         461.5
   56.0  19971  -69.3                         140     21  464.4         464.4
   55.0  20079  -69.0                         120     23  467.6         467.6
   53.0  20301  -68.2                         140     22  474.5         474.5
   50.0  20650  -66.9                         125     21  485.4         485.4
   47.6  20948  -65.5                         114     22  495.6         495.6
   43.0  21573  -62.2                          90     25  518.3         518.3
   41.0  21866  -60.7                         100     29  529.2         529.2
   40.5  21941  -60.3                          94     27  532.0         532.0
   39.0  22177  -60.0                          75     20  538.6         538.6
   38.0  22340  -59.8                          85     17  543.1         543.1
   37.0  22507  -59.6                          95     20  547.8         547.8
   36.0  22678  -59.4                          85     31  552.7         552.7
   34.0  23036  -58.9                          65     21  563.0         563.0
   32.0  23416  -58.4                          95     21  574.2         574.2
   30.1  23799  -57.9                          81     30  585.6         585.6
   30.0  23820  -57.9                          80     30  586.2         586.2
   29.0  24036  -56.7                          75     32  595.1         595.1
   28.0  24260  -55.5                          80     21  604.5         604.5
   26.0  24733  -53.0                          65     26  624.7         624.7
   25.8  24783  -52.7                          65     26  626.8         626.8
   24.3  25168  -54.3                          65     29  633.0         633.0
   24.0  25248  -53.8                          65     30  636.6         636.6
   23.0  25523  -52.2                          85     23  649.0         649.0
   22.3  25723  -51.1                          77     27  658.2         658.2
   21.0  26113  -51.4                          60     36  668.6         668.6
   20.0  26430  -51.7                          70     29  677.2         677.2
   19.8  26495  -52.1                          70     30  677.9         677.9
   19.0  26764  -50.5                          70     32  690.8         690.8
   18.2  27044  -48.9                          90     34  704.5         704.5
   18.0  27116  -49.0                          95     34  706.2         706.2
   17.0  27490  -49.8                          80     42  715.6         715.6
   16.0  27886  -50.5                         105     30  725.6         725.6
   15.5  28094  -50.9                                     731.0         731.0
