
-----------------------------------------------------------------------------
   PRES   HGHT   TEMP   DWPT   RELH   MIXR   DRCT   SKNT   THTA   THTE   THTV
    hPa     m      C      C      %    g/kg    deg   knot     K      K      K 
-----------------------------------------------------------------------------
 1017.0      5   27.0   17.0     54  12.13     75      7  298.7  334.3  300.9
 1013.0     40   25.0   15.0     54  10.69     89      8  297.1  328.3  299.0
 1007.0     93   24.4   15.4     57  11.02    110     10  297.0  329.1  299.0
 1000.0    155   23.8   15.8     61  11.41    105     10  296.9  330.2  299.0
  925.0    831   17.8   13.9     78  10.90    125     10  297.5  329.4  299.4
  906.0   1008   15.8   14.1     90  11.28    128     13  297.2  330.1  299.2
  895.0   1112   16.0   11.0     72   9.29    130     14  298.5  325.9  300.1
  865.0   1401   13.9    9.9     77   8.95    135     19  299.2  325.7  300.8
  850.0   1549   12.8    9.4     80   8.78    140     18  299.5  325.6  301.1
  825.0   1800   11.0    8.8     86   8.69    150     14  300.2  326.0  301.8
  813.0   1922   11.8    7.5     75   8.06    139     11  302.3  326.6  303.8
  808.0   1974   11.7    6.8     72   7.76    135     10  302.7  326.1  304.1
  767.0   2409   10.4    1.4     54   5.55    131      6  305.9  323.1  306.9
  754.0   2551   10.8   -7.2     28   2.97    130      4  307.8  317.4  308.4
  753.0   2562   10.7   -7.2     28   2.97    130      4  307.8  317.4  308.4
  700.0   3166    6.6   -6.4     39   3.40    140      8  309.8  320.7  310.4
  691.0   3272    5.9   -7.5     38   3.18    145     10  310.2  320.5  310.8
  655.0   3709    3.2  -11.8     32   2.38    157     12  311.9  319.8  312.3
  646.0   3820    2.5  -11.3     35   2.50    160     12  312.2  320.5  312.7
  605.0   4348   -1.1   -9.1     55   3.19    146     11  314.1  324.6  314.7
  603.0   4374   -1.2   -9.5     53   3.11    145     11  314.2  324.5  314.8
  584.0   4630   -2.1  -13.1     43   2.40    163     10  316.1  324.2  316.5
  578.0   4712   -1.7  -23.7     17   0.98    169     10  317.5  321.0  317.7
  567.0   4864   -2.8  -22.2     21   1.14    180     10  317.9  321.9  318.1
  553.0   5062   -4.3  -20.3     28   1.38    177     10  318.4  323.3  318.7
  522.0   5515   -6.7  -43.7      3   0.15    169     10  320.8  321.4  320.9
  504.0   5788   -9.0  -37.8      8   0.29    165     10  321.3  322.4  321.4
  500.0   5850   -9.5  -36.5      9   0.34    165     11  321.4  322.7  321.5
  499.0   5865   -9.7  -35.7     10   0.37    166     11  321.3  322.7  321.4
  493.0   5959   -7.9  -55.9      1   0.04    172     11  324.6  324.8  324.7
  480.0   6166   -8.8  -55.3      1   0.04    185     11  326.0  326.2  326.0
  468.0   6362   -9.7  -54.7      1   0.05    175     10  327.3  327.5  327.3
  450.0   6659  -12.2  -50.9      2   0.08    160      8  327.9  328.2  327.9
  426.0   7075  -15.6  -45.5      6   0.15    195     13  328.7  329.3  328.7
  408.0   7402  -18.3  -41.3     11   0.25    202     18  329.2  330.3  329.3
  400.0   7550  -18.9  -48.9      5   0.11    205     20  330.3  330.8  330.4
  396.0   7623  -19.5  -49.6      5   0.11    210     21  330.6  331.0  330.6
  381.0   7903  -21.6  -52.1      5   0.08    200     22  331.4  331.7  331.4
  327.0   9012  -30.1  -62.1      3   0.03    230     27  334.5  334.6  334.5
  326.0   9034  -30.3  -62.3      3   0.03    230     28  334.5  334.6  334.5
  300.0   9620  -33.3  -67.3      2   0.01    225     46  338.3  338.4  338.3
  273.0  10277  -36.5  -61.5      6   0.04    222     63  342.9  343.1  342.9
  250.0  10880  -41.7  -57.7     16   0.06    220     78  343.9  344.2  343.9
  232.0  11381  -46.3  -55.3     35   0.09    224     89  344.4  344.8  344.4
  230.0  11438  -46.8  -56.0     34   0.09    225     90  344.5  344.9  344.5
  202.0  12286  -53.7  -65.7     22   0.03    225     86  346.6  346.7  346.6
  200.0  12350  -53.9  -66.9     19   0.02    225     86  347.2  347.4  347.3
  180.0  13020  -57.8  -76.0      8   0.01    220     96  351.5  351.6  351.5
  170.0  13383  -59.9  -80.9      5   0.00    220     88  353.8  353.8  353.8
  153.0  14037  -63.1                         220     74  359.1         359.1
  150.0  14160  -63.7                         220     72  360.1         360.1
  137.0  14704  -66.6                         230     64  364.4         364.4
  120.0  15499  -71.0                         240     62  370.6         370.6
  113.0  15859  -72.9                         230     64  373.4         373.4
  108.0  16126  -70.3                         213     43  383.1         383.1
  107.0  16181  -70.7                         210     39  383.5         383.5
  100.0  16580  -73.3                         220     25  385.9         385.9
   93.0  17000  -77.0                         245     28  386.6         386.6
   92.9  17006  -77.1                         245     27  386.6         386.6
   83.5  17624  -72.7                         174     11  407.5         407.5
   83.0  17659  -72.8                         170     10  408.0         408.0
   80.0  17873  -73.3                         205      2  411.3         411.3
   78.0  18020  -73.6                         275      7  413.6         413.6
   75.0  18248  -74.2                         250     15  417.1         417.1
   73.0  18406  -74.5                         235     12  419.6         419.6
   70.0  18650  -75.1                         175     12  423.4         423.4
   69.1  18725  -75.5                         153     12  424.1         424.1
   69.0  18733  -75.4                         150     12  424.4         424.4
   67.0  18907  -74.3                         155      6  430.4         430.4
   65.0  19086  -73.1                           0      0  436.7         436.7
   62.0  19365  -71.3                         240     10  446.7         446.7
   61.0  19461  -70.7                         205     16  450.2         450.2
   55.6  20008  -67.1                         142     27  470.5         470.5
   55.0  20074  -66.9                         135     28  472.3         472.3
   54.0  20184  -66.7                         125     30  475.4         475.4
   52.0  20413  -66.1                         110     26  481.9         481.9
   50.0  20650  -65.5                         120     22  488.7         488.7
   48.2  20873  -65.9                          84     18  492.9         492.9
   48.0  20898  -65.8                          80     18  493.8         493.8
   47.0  21028  -65.0                          80     17  498.6         498.6
   46.0  21161  -64.3                         120     17  503.5         503.5
   42.0  21723  -61.1                          80     21  524.6         524.6
   41.0  21872  -60.2                          90     16  530.4         530.4
   39.0  22181  -58.5                          60     12  542.4         542.4
   38.8  22213  -58.3                          67     13  543.7         543.7
   38.0  22343  -58.7                          95     16  546.0         546.0
   35.1  22840  -60.1                          74     20  554.8         554.8
   34.0  23041  -59.2                          65     22  562.3         562.3
   33.0  23229  -58.3                          75     10  569.4         569.4
   32.0  23423  -57.4                         100     14  576.9         576.9
   31.0  23623  -56.5                          80     19  584.6         584.6
   30.0  23830  -55.5                          80     19  592.7         592.7
   29.0  24046  -55.1                          85     24  599.7         599.7
   28.2  24225  -54.7                          77     23  605.5         605.5
   27.0  24501  -55.9                          65     22  609.8         609.8
   25.8  24791  -57.1                          77     20  614.3         614.3
   25.0  24991  -56.4                          85     19  621.8         621.8
   24.0  25251  -55.6                          75     21  631.6         631.6
   23.0  25522  -54.7                          95     33  641.9         641.9
   22.6  25633  -54.3                                     646.2         646.2
