
-----------------------------------------------------------------------------
   PRES   HGHT   TEMP   DWPT   RELH   MIXR   DRCT   SKNT   THTA   THTE   THTV
    hPa     m      C      C      %    g/kg    deg   knot     K      K      K 
-----------------------------------------------------------------------------
 1013.0      5   26.6   21.6     74  16.32    120      8  298.6  346.4  301.6
 1000.0    119   24.8   20.3     76  15.24    165     16  297.9  342.4  300.7
  995.0    163   24.4   20.2     77  15.22    160     17  298.0  342.3  300.7
  985.0    251   23.5   20.0     81  15.16    145     17  297.9  342.1  300.6
  960.0    476   21.1   19.4     90  15.03    165     13  297.8  341.5  300.4
  950.0    567   20.2   19.2     94  14.97    154     12  297.7  341.2  300.4
  938.0    677   19.5   18.7     95  14.67    140     11  298.1  340.8  300.7
  925.0    798   18.8   18.1     96  14.34    130     14  298.5  340.4  301.1
  900.0   1032   17.5   16.3     93  13.11    140     14  299.5  338.0  301.9
  881.0   1215   16.5   14.9     90  12.21    110     11  300.3  336.4  302.5
  865.0   1371   15.6   13.7     88  11.49    130     14  301.0  335.0  303.1
  850.0   1521   14.8   12.5     86  10.82    125     15  301.6  333.8  303.6
  825.0   1773   13.6   10.7     82   9.88    105     10  303.0  332.6  304.8
  811.0   1917   12.9    9.7     80   9.37     80     10  303.7  332.0  305.4
  780.0   2246   11.4    7.3     76   8.29     30      4  305.5  330.7  307.0
  773.0   2321   11.6    3.6     58   6.45     18      2  306.5  326.4  307.7
  766.0   2398   11.6   -1.4     40   4.53      7      1  307.3  321.6  308.1
  762.0   2441   11.3    0.0     46   5.06      0      0  307.4  323.3  308.4
  750.0   2574   10.4    4.4     66   7.04    351      0  307.8  329.6  309.1
  747.0   2607   10.8   -0.2     47   5.07    348      0  308.6  324.6  309.6
  733.0   2765    9.8    1.8     57   5.98    337      1  309.2  327.9  310.3
  729.0   2810   10.4   -8.6     25   2.75    334      1  310.4  319.4  310.9
  725.0   2856   10.2   -9.8     23   2.52    331      1  310.6  318.9  311.1
  721.0   2902    9.6    0.6     53   5.57    327      1  310.4  328.1  311.5
  716.0   2960    9.8   -9.2     25   2.67    323      1  311.3  320.1  311.8
  714.0   2983    9.4   -9.6     25   2.60    322      2  311.1  319.6  311.6
  700.0   3147    8.0  -10.0     27   2.57    310      2  311.3  319.8  311.8
  687.0   3301    6.8  -11.2     26   2.38    309      2  311.6  319.5  312.1
  675.0   3445    5.2    1.5     77   6.36    307      3  311.4  331.5  312.6
  672.0   3482    5.0    2.2     82   6.72    307      3  311.6  332.7  312.9
  633.0   3968    2.0    0.2     88   6.17    303      3  313.6  333.2  314.7
  624.0   4083    2.2   -5.8     55   4.00    301      4  315.1  328.1  315.8
  617.0   4174    1.6   -6.4     55   3.86    301      4  315.4  328.0  316.1
  607.0   4306    0.8   -4.2     69   4.64    299      4  315.9  331.1  316.8
  597.0   4439    1.0  -14.0     32   2.18    298      4  317.7  325.1  318.1
  590.0   4534    0.4   -9.6     47   3.14    297      5  318.1  328.6  318.7
  575.0   4740    0.0  -11.0     43   2.89    295      5  319.9  329.7  320.5
  503.0   5794   -8.9  -13.9     67   2.61    285      7  321.6  330.5  322.1
  500.0   5840   -9.1  -15.1     62   2.38    285      7  321.9  330.1  322.3
  496.0   5902   -9.3  -16.3     57   2.17    275      8  322.4  329.9  322.8
  492.0   5965   -8.9  -21.2     36   1.44    265     10  323.6  328.7  323.9
  490.0   5996   -8.7  -23.7     29   1.16    260     10  324.2  328.4  324.5
  484.0   6092   -9.2  -21.1     38   1.48    245     10  324.7  330.0  325.0
  475.0   6237  -10.1  -17.1     57   2.12    242     10  325.4  332.8  325.8
  470.0   6318  -10.5  -23.5     34   1.23    241     10  325.9  330.4  326.1
  468.0   6351  -10.8  -24.0     33   1.18    240     10  326.0  330.3  326.2
  462.0   6450  -11.5  -25.5     30   1.05    245     10  326.2  330.1  326.4
  438.0   6854  -14.2  -25.2     39   1.13    265      9  327.9  332.0  328.1
  433.0   6940  -14.7  -25.1     41   1.15    270     10  328.2  332.5  328.4
  421.0   7153  -16.1  -25.0     47   1.20    260     13  329.1  333.5  329.3
  400.0   7540  -18.7  -24.7     59   1.30    280     19  330.6  335.4  330.9
  397.0   7596  -19.2  -24.8     61   1.30    285     21  330.6  335.4  330.9
  393.0   7672  -19.9  -24.9     64   1.30    277     22  330.7  335.5  331.0
  384.0   7844  -21.1  -28.1     53   0.99    257     25  331.3  335.0  331.5
  383.0   7863  -21.1  -29.5     47   0.87    255     25  331.6  334.9  331.7
  379.0   7941  -21.1  -35.1     27   0.51    258     25  332.6  334.6  332.7
  372.0   8079  -21.9  -32.9     36   0.65    262     25  333.3  335.8  333.4
  361.0   8300  -23.9  -32.9     43   0.67    269     25  333.5  336.1  333.6
  332.0   8907  -28.2  -39.6     33   0.37    290     24  335.7  337.2  335.8
  326.0   9040  -29.1  -41.1     30   0.32    285     26  336.2  337.5  336.2
  310.0   9398  -32.1  -40.1     45   0.38    271     30  336.9  338.4  336.9
  303.0   9560  -33.2  -44.7     31   0.24    265     32  337.5  338.5  337.5
  300.0   9630  -33.7  -46.7     26   0.19    265     33  337.8  338.6  337.8
  294.0   9771  -34.9  -47.9     25   0.17    265     34  338.0  338.7  338.1
  279.0  10131  -38.1  -48.9     31   0.16    265     37  338.6  339.2  338.6
  263.0  10537  -41.6  -50.0     40   0.15    260     45  339.1  339.7  339.1
  261.0  10590  -42.1  -50.1     41   0.15    261     48  339.1  339.8  339.2
  258.0  10668  -42.9  -51.9     37   0.12    262     53  339.1  339.6  339.1
  251.0  10853  -43.1  -63.1      9   0.03    265     64  341.5  341.6  341.5
  250.0  10880  -43.1  -64.1      8   0.03    265     66  341.9  342.0  341.9
  245.0  11016  -43.5  -65.5      7   0.02    267     71  343.2  343.3  343.2
  238.0  11208  -45.0  -66.8      7   0.02    270     78  343.8  343.9  343.9
  216.0  11850  -50.0  -71.1      7   0.01    280     70  345.8  345.8  345.8
  213.0  11942  -50.7  -71.7      7   0.01    279     72  346.0  346.1  346.0
  200.0  12350  -53.3  -74.3      6   0.01    275     79  348.2  348.2  348.2
  182.0  12948  -57.3  -77.1      6   0.01    275    102  351.2  351.3  351.2
  171.0  13343  -59.9  -78.9      7   0.00    272    104  353.2  353.2  353.2
  151.0  14109  -65.2                         265    107  356.9         356.9
  150.0  14150  -65.5                         265    106  357.1         357.1
  142.0  14481  -68.5                         262     95  357.4         357.4
  127.0  15146  -71.5                         255     73  363.6         363.6
  124.0  15288  -70.1                         254     69  368.7         368.7
  104.0  16336  -69.5                         245     37  388.8         388.8
  103.0  16394  -69.5                         249     36  389.9         389.9
  100.0  16570  -70.7                         260     32  390.9         390.9
   96.0  16810  -71.9                         270     35  393.2         393.2
   87.6  17348  -74.5                         255     28  398.3         398.3
   85.0  17525  -73.0                         250     25  404.9         404.9
   83.0  17665  -71.8                         240     20  410.1         410.1
   81.0  17808  -70.5                         220     15  415.5         415.5
   80.0  17881  -70.7                         210     13  416.7         416.7
   78.0  18031  -71.0                           0      0  419.0         419.0
   71.0  18586  -72.3                           0     10  427.6         427.6
   70.0  18670  -72.5                         355     13  428.9         428.9
   69.1  18746  -72.9                         336     10  429.7         429.7
   67.0  18928  -70.5                         290      3  438.7         438.7
   66.0  19017  -69.3                         288      5  443.2         443.2
   65.0  19108  -69.5                         285      7  444.6         444.6
   63.0  19293  -70.0                         270     11  447.5         447.5
   58.0  19784  -71.4                         300      4  455.1         455.1
   57.6  19825  -71.5                         266      6  455.8         455.8
   57.0  19888  -71.2                         215     10  457.9         457.9
   55.0  20101  -70.0                         205     18  465.3         465.3
   54.0  20211  -69.4                         190     15  469.1         469.1
   53.0  20322  -68.8                         125     14  473.0         473.0
   52.0  20436  -68.2                         120     15  477.0         477.0
   51.0  20552  -67.5                         145     15  481.2         481.2
   50.0  20670  -66.9                         135     15  485.4         485.4
   47.0  21044  -66.2                          55     24  495.8         495.8
   45.8  21201  -65.9                          53     20  500.1         500.1
   44.0  21449  -64.0                          50     14  510.6         510.6
   41.0  21886  -60.6                         140     10  529.5         529.5
   39.0  22196  -58.1                          95     10  543.2         543.2
   38.0  22357  -56.9                          85     12  550.5         550.5
   37.0  22525  -57.1                         110      9  554.1         554.1
   34.0  23058  -57.9                          50     26  565.8         565.8
   33.0  23246  -58.1                          40     17  569.9         569.9
   32.0  23441  -57.1                          55     12  577.5         577.5
   31.0  23642  -56.1                          50     17  585.5         585.5
   30.0  23850  -55.1                          75     17  593.8         593.8
   29.5  23958  -53.9                          87     20  600.0         600.0
   29.0  24067  -54.2                         100     24  602.2         602.2
   28.0  24292  -54.7                          90     34  606.8         606.8
   27.0  24524  -55.2                          70     29  611.6         611.6
   26.9  24548  -55.3                          72     29  612.1         612.1
   26.0  24765  -54.9                          90     29  619.2         619.2
   25.1  24991  -54.5                          93     30  626.6         626.6
   23.0  25559  -51.5                         100     33  651.1         651.1
   21.0  26151  -48.5                          80     34  677.6         677.6
   20.3  26372  -47.3                          97     35  687.7         687.7
   20.0  26470  -47.7                         105     36  689.4         689.4
   19.0  26808  -48.1                          80     36  698.5         698.5
   18.9  26843  -48.1                                     699.4         699.4
   18.0  27165  -46.9                                     713.0         713.0
