
-----------------------------------------------------------------------------
   PRES   HGHT   TEMP   DWPT   RELH   MIXR   DRCT   SKNT   THTA   THTE   THTV
    hPa     m      C      C      %    g/kg    deg   knot     K      K      K 
-----------------------------------------------------------------------------
 1019.0      5   26.2   21.6     76  16.22     95      7  297.7  345.0  300.6
 1000.0    172   24.2   20.1     78  15.05     95     10  297.4  341.1  300.0
  992.0    242   23.6   19.8     79  14.89    100     10  297.4  340.7  300.1
  975.0    392   22.3   19.2     82  14.57     80     11  297.6  340.0  300.2
  954.0    581   20.7   18.4     87  14.17     95     10  297.8  339.1  300.4
  939.0    719   19.5   17.8     90  13.88     75     10  298.0  338.5  300.5
  925.0    849   18.4   17.3     93  13.62     90      9  298.1  337.8  300.6
  916.0    933   17.6   16.8     95  13.31     89      9  298.1  337.0  300.5
  850.0   1572   14.8   12.1     84  10.54     85      7  301.6  333.0  303.6
  800.0   2084   11.8    7.6     75   8.25    103      9  303.7  328.7  305.2
  779.0   2306   11.0   10.3     95  10.20    111     10  305.2  336.0  307.0
  769.0   2414   10.4    9.6     95   9.87    115     10  305.6  335.5  307.4
  741.0   2723    8.6    7.7     94   8.98    123      9  306.9  334.4  308.6
  735.0   2791    9.2    5.9     80   7.98    125      9  308.3  332.9  309.8
  726.0   2893    8.8    4.3     73   7.22    127      9  309.0  331.4  310.3
  722.0   2939    9.2    0.2     53   5.41    128      9  309.9  326.9  310.9
  700.0   3195    7.6    0.6     61   5.74    135      8  310.9  329.0  311.9
  695.0   3254    7.0    0.0     61   5.54    133      7  310.8  328.4  311.9
  670.0   3555    5.4   -3.6     52   4.40    121      4  312.3  326.5  313.1
  658.0   3703    5.6  -13.6     24   2.05    115      2  314.1  321.1  314.5
  657.0   3716    5.6  -14.4     22   1.92    116      2  314.3  320.8  314.7
  624.0   4135    2.4  -14.6     27   1.99    133      3  315.3  322.0  315.7
  597.0   4492    1.4  -22.6     15   1.05    149      4  318.1  321.9  318.4
  571.0   4850   -0.5  -29.5      9   0.58    164      5  320.0  322.2  320.1
  560.0   5005   -1.7  -16.7     31   1.86    171      5  320.4  326.8  320.7
  558.0   5034   -1.3  -32.3      7   0.46    172      5  321.2  322.9  321.2
  518.0   5623   -5.3  -35.3      7   0.37    198      6  323.2  324.6  323.3
  500.0   5900   -6.1  -45.1      3   0.14    210      7  325.5  326.1  325.6
  453.0   6664   -9.5  -33.5     12   0.50    224     11  330.6  332.5  330.7
  450.0   6715   -9.5  -22.5     34   1.40    225     11  331.2  336.4  331.5
  431.0   7045  -12.0  -29.7     21   0.76    260     12  332.1  335.0  332.3
  426.0   7134  -12.7  -31.7     19   0.64    256     12  332.4  334.8  332.5
  403.0   7554  -15.7  -21.9     59   1.65    235     14  333.8  339.9  334.1
  400.0   7610  -16.1  -20.6     68   1.87    235     13  334.0  340.8  334.4
  393.0   7743  -17.1  -21.2     70   1.80    234     14  334.4  341.0  334.7
  350.0   8603  -23.1  -27.7     66   1.13    230     17  337.5  341.8  337.7
  346.0   8689  -23.7  -28.3     66   1.08    235     17  337.8  341.9  338.0
  331.0   9012  -25.3  -33.6     46   0.68    255     15  339.9  342.6  340.0
  324.0   9167  -26.1  -36.1     39   0.54    249     16  340.9  343.1  341.0
  303.0   9649  -30.3  -43.1     27   0.28    230     19  341.6  342.8  341.6
  302.0   9673  -30.5  -43.5     27   0.27    232     19  341.6  342.8  341.7
  300.0   9720  -30.9  -43.9     27   0.26    235     19  341.7  342.8  341.8
  275.0  10321  -36.1  -47.2     31   0.20    260     22  342.7  343.6  342.8
  250.0  10980  -41.9  -50.9     37   0.14    245     33  343.6  344.3  343.7
  217.0  11922  -50.5  -57.5     43   0.07    230     45  344.5  344.9  344.5
  216.0  11952  -50.7  -57.7     43   0.07    230     45  344.6  345.0  344.6
  200.0  12450  -54.3  -60.3     47   0.06    230     60  346.6  346.9  346.6
  193.0  12678  -56.1  -60.6     57   0.06    233     65  347.3  347.6  347.3
  188.0  12844  -57.3  -62.0     55   0.05    235     68  347.9  348.2  348.0
  184.0  12980  -58.3  -63.2     53   0.04    234     69  348.5  348.7  348.5
  178.0  13188  -59.9  -71.9     19   0.01    233     69  349.2  349.2  349.2
  171.0  13438  -61.5                         231     71  350.6         350.6
  150.0  14240  -67.7                         225     74  353.3         353.3
  146.0  14401  -68.9                         225     75  354.0         354.0
  133.0  14954  -72.9                         225     52  356.4         356.4
  124.0  15367  -71.4                         220     37  366.3         366.3
  121.0  15511  -70.9                         230     33  369.8         369.8
  114.0  15861  -72.0                         235     35  374.0         374.0
  113.0  15913  -72.2                         235     36  374.7         374.7
  100.0  16630  -74.5                         210     37  383.5         383.5
   93.0  17050  -76.6                         180     17  387.5         387.5
   92.6  17075  -76.7                         180     17  387.7         387.7
   89.0  17305  -76.2                         205     10  393.1         393.1
   87.0  17436  -76.0                         180     12  396.1         396.1
   84.0  17639  -75.6                         195     14  401.0         401.0
   82.0  17779  -75.3                         190     19  404.3         404.3
   80.0  17922  -75.0                         155     20  407.8         407.8
   78.1  18061  -74.7                         155     18  411.2         411.2
   77.0  18144  -74.5                         155     17  413.2         413.2
   74.0  18376  -74.0                         170     14  419.0         419.0
   71.0  18617  -73.5                         120     22  425.1         425.1
   70.0  18700  -73.3                         110     25  427.2         427.2
   66.9  18966  -73.1                         106     19  433.2         433.2
   66.0  19046  -72.4                         105     17  436.4         436.4
   65.0  19137  -71.7                         135     16  439.9         439.9
   63.0  19323  -70.2                         115     24  447.2         447.2
   59.7  19643  -67.5                         107     27  460.1         460.1
   57.0  19921  -69.0                         100     30  462.8         462.8
   55.8  20049  -69.7                         109     26  464.1         464.1
   55.0  20136  -69.2                         115     24  467.1         467.1
   51.0  20591  -66.6                         100     14  483.4         483.4
   50.0  20710  -65.9                         110     10  487.8         487.8
   49.0  20834  -65.0                         130     10  492.7         492.7
   45.1  21343  -61.3                         117     19  513.5         513.5
   43.0  21637  -62.2                         110     24  518.2         518.2
   42.0  21783  -62.7                         117     21  520.6         520.6
   41.0  21933  -61.9                         125     18  526.3         526.3
   40.0  22088  -61.0                          95     20  532.2         532.2
   35.2  22887  -56.5                         100     28  563.7         563.7
   35.0  22923  -56.7                         100     28  564.2         564.2
   34.2  23069  -57.3                          92     28  566.2         566.2
   33.0  23296  -56.9                          80     29  573.1         573.1
   31.0  23692  -56.2                          80     19  585.2         585.2
   30.0  23900  -55.9                         100     25  591.6         591.6
   29.0  24117  -54.6                          90     30  600.9         600.9
   28.3  24273  -53.7                          93     30  607.7         607.7
   26.9  24599  -55.3                         100     29  612.1         612.1
   26.0  24818  -54.8                         105     28  619.4         619.4
   25.0  25071  -54.3                          90     35  628.0         628.0
   24.0  25334  -53.7                          95     30  637.0         637.0
   23.0  25609  -53.1                          80     32  646.6         646.6
   20.0  26510  -51.1                          85     28  679.0         679.0
   19.0  26844  -50.1                          85     26  692.1         692.1
   18.8  26913  -49.9                                     694.9         694.9
