
-----------------------------------------------------------------------------
   PRES   HGHT   TEMP   DWPT   RELH   MIXR   DRCT   SKNT   THTA   THTE   THTV
    hPa     m      C      C      %    g/kg    deg   knot     K      K      K 
-----------------------------------------------------------------------------
 1026.0      5   18.6   15.0     80  10.55    125      6  289.6  319.4  291.5
 1010.0    139   17.4   13.8     80   9.93    115     12  289.7  317.8  291.4
 1000.0    224   16.6   13.1     80   9.56    120     15  289.8  316.9  291.4
  987.0    335   15.8   12.8     82   9.52    125     17  290.1  317.1  291.7
  964.0    534   14.4   12.4     88   9.46    110     21  290.6  317.6  292.3
  941.0    738   13.0   11.9     93   9.40     90     19  291.2  318.0  292.8
  925.0    883   12.0   11.6     97   9.35     90     21  291.6  318.3  293.2
  890.0   1206    9.8    9.1     95   8.21     79     19  292.5  316.2  294.0
  850.0   1588    7.8    7.0     95   7.44     65     16  294.3  316.0  295.6
  834.0   1744    7.0    6.2     95   7.17     85     11  295.1  316.1  296.3
  823.0   1852    6.4    5.6     95   6.99     85     13  295.6  316.1  296.8
  805.0   2033    5.5    4.7     95   6.69     50     11  296.4  316.2  297.6
  778.0   2312    4.0    3.2     95   6.25     60     14  297.8  316.4  298.9
  764.0   2461    3.3    2.5     94   6.02     35     14  298.5  316.6  299.6
  751.0   2602    2.5    1.7     94   5.81     45     12  299.2  316.7  300.2
  745.0   2667    2.2    1.4     94   5.72     25     13  299.5  316.7  300.6
  733.0   2799    3.0   -0.4     78   5.10    345     15  301.8  317.4  302.7
  730.0   2832    2.8   -0.9     76   4.91    335     15  301.9  316.9  302.8
  711.0   3045    1.3   -4.5     65   3.87    330      7  302.5  314.6  303.2
  700.0   3171    0.4   -6.6     59   3.35    335      9  302.9  313.4  303.5
  687.0   3321   -0.8   -9.1     53   2.80    310     13  303.2  312.1  303.8
  681.0   3391   -1.3  -10.3     50   2.58    321     12  303.4  311.6  303.9
  674.0   3474   -1.7  -19.7     24   1.20    333     10  303.8  307.8  304.1
  673.0   3485   -1.8  -20.5     23   1.12    335     10  303.9  307.6  304.1
  652.0   3737   -3.7  -36.7      6   0.25    340     10  304.5  305.4  304.5
  623.0   4094   -6.5  -22.5     27   1.01    320     15  305.2  308.7  305.4
  607.0   4298   -5.1  -44.1      3   0.13    272     15  309.1  309.6  309.2
  600.0   4389   -5.4  -44.4      3   0.12    250     15  309.9  310.4  309.9
  576.0   4709   -6.3  -45.3      3   0.12    260     19  312.4  312.9  312.4
  566.0   4846   -6.7  -45.7      3   0.11    253     19  313.5  313.9  313.5
  546.0   5124   -9.2  -40.4      6   0.21    240     20  313.8  314.6  313.9
  523.0   5457  -12.1  -34.1     14   0.41    245     25  314.2  315.7  314.2
  500.0   5800  -13.1  -42.1      7   0.19    250     31  317.0  317.8  317.0
  495.0   5877  -13.1  -48.2      3   0.10    250     30  317.9  318.3  317.9
  491.0   5938  -13.1  -53.1      2   0.06    250     30  318.6  318.9  318.7
  438.0   6786  -20.7  -51.2      5   0.08    250     37  319.6  320.0  319.6
  400.0   7460  -26.7  -49.7      9   0.10    240     32  320.2  320.6  320.2
  397.0   7514  -26.9  -49.9      9   0.10    240     32  320.6  321.0  320.6
  395.0   7550  -27.1  -50.1      9   0.10    241     33  320.8  321.2  320.9
  390.0   7642  -25.1  -61.1      2   0.03    243     36  324.6  324.7  324.6
  354.0   8337  -28.8  -63.3      2   0.02    260     58  328.8  328.9  328.8
  344.0   8542  -29.9  -63.9      2   0.02    258     59  330.0  330.1  330.0
  332.0   8794  -30.2  -66.1      2   0.02    255     61  332.9  333.0  332.9
  319.0   9077  -30.5  -68.5      1   0.01    251     74  336.3  336.4  336.3
  300.0   9510  -32.7  -68.7      1   0.01    245     94  339.2  339.2  339.2
  299.0   9533  -32.8  -68.4      2   0.01    245     96  339.4  339.4  339.4
  284.0   9895  -34.3  -63.1      4   0.03    250    113  342.2  342.4  342.2
  280.0   9994  -34.7  -61.7      5   0.03    251    114  343.1  343.2  343.1
  277.0  10070  -34.3  -65.3      3   0.02    252    115  344.7  344.8  344.7
  253.0  10697  -38.9  -69.0      3   0.01    260    120  346.9  347.0  346.9
  250.0  10780  -39.5  -69.5      3   0.01    255    119  347.2  347.3  347.2
  200.0  12270  -50.3  -77.3      3   0.01    250    106  352.9  353.0  353.0
  171.0  13274  -58.1  -82.1      3   0.00    246     96  356.2  356.2  356.2
  167.0  13423  -58.9  -82.0      4   0.00    245     94  357.3  357.3  357.3
  162.0  13613  -59.9  -81.9      4   0.00    250     93  358.7  358.7  358.7
  153.0  13967  -62.4                         260     90  360.3         360.3
  150.0  14090  -63.3                         255     85  360.8         360.8
  142.0  14423  -65.3                         260     72  363.1         363.1
  127.0  15100  -69.3                         265     86  367.6         367.6
  125.0  15197  -69.9                         260     85  368.2         368.2
  102.0  16412  -69.7                         260     30  390.6         390.6
  100.0  16530  -69.7                         260     34  392.8         392.8
   99.0  16590  -69.8                         260     39  393.8         393.8
   94.0  16898  -70.2                         270     26  398.8         398.8
   92.0  17025  -70.4                         285     28  400.9         400.9
   91.1  17084  -70.5                         282     29  401.8         401.8
   85.0  17498  -69.5                         260     37  411.9         411.9
   81.0  17787  -68.8                         235     25  419.0         419.0
   80.0  17861  -68.6                         245     18  420.9         420.9
   78.0  18013  -68.3                         265     22  424.7         424.7
   77.0  18090  -68.1                         265     24  426.6         426.6
   70.0  18660  -66.7                         215     11  441.4         441.4
   66.0  19020  -65.7                           0      0  451.1         451.1
   62.0  19403  -64.5                         270     10  461.7         461.7
   60.0  19604  -64.0                         295     14  467.4         467.4
   58.0  19811  -63.4                         270     23  473.3         473.3
   57.0  19918  -63.0                         250     20  476.3         476.3
   55.0  20136  -62.4                         270     11  482.7         482.7
   52.0  20480  -61.4                         255     10  492.8         492.8
   51.0  20599  -61.0                         235     16  496.4         496.4
   50.0  20720  -60.7                         245     15  500.0         500.0
   49.0  20847  -60.3                         260     14  503.8         503.8
   48.0  20976  -59.9                         250     10  507.7         507.7
   47.0  21108  -59.5                         285      3  511.7         511.7
   43.0  21667  -57.9                         250     10  529.0         529.0
   42.6  21726  -57.7                         267     10  530.8         530.8
   41.0  21966  -58.4                         335     10  534.9         534.9
   38.0  22444  -59.9                         340     20  543.0         543.0
   37.9  22461  -59.9                         335     20  543.2         543.2
   37.0  22613  -59.4                         290     16  548.4         548.4
   35.0  22964  -58.1                         290     10  560.4         560.4
   32.0  23530  -56.1                         290      4  580.2         580.2
   31.4  23650  -55.7                         309      4  584.5         584.5
   30.0  23940  -56.9                         355      5  588.9         588.9
   28.3  24307  -59.3                         334     10  592.2         592.2
   28.0  24374  -59.0                         330     11  595.0         595.0
   26.0  24842  -56.5                         340     10  614.7         614.7
   25.4  24990  -55.7                         316      9  621.0         621.0
   25.0                                       300      8                     
