
-----------------------------------------------------------------------------
   PRES   HGHT   TEMP   DWPT   RELH   MIXR   DRCT   SKNT   THTA   THTE   THTV
    hPa     m      C      C      %    g/kg    deg   knot     K      K      K 
-----------------------------------------------------------------------------
 1020.0      5   25.0   16.0     57  11.33    105      9  296.5  329.4  298.5
 1000.0    174   22.8   14.8     61  10.69    105     15  295.9  327.0  297.9
  925.0    847   16.4   13.8     85  10.83    110     18  296.1  327.5  298.0
  906.0   1023   14.6   13.1     91  10.56    106     19  296.0  326.7  297.9
  875.0   1318   13.8    5.8     58   6.65    100     19  298.1  317.9  299.3
  850.0   1561   11.6    3.6     58   5.86     95     20  298.3  315.9  299.3
  789.0   2178    6.2    4.6     89   6.78     93     15  298.9  319.2  300.1
  753.0   2561    4.6    3.7     94   6.67     92     13  301.2  321.3  302.4
  750.0   2594    6.4  -11.6     26   2.11     92     12  303.5  310.3  303.9
  746.0   2638    8.0  -23.0      9   0.81     92     12  305.7  308.5  305.9
  736.0   2749   10.2  -33.8      3   0.30     91     11  309.3  310.4  309.3
  726.0   2863   10.6  -38.4      2   0.19     91     10  310.9  311.7  311.0
  700.0   3165    9.0  -30.0      4   0.46     90      8  312.4  314.1  312.5
  624.0   4104    1.8  -16.2     25   1.74     34     10  314.6  320.6  314.9
  523.0   5516   -3.1  -51.1      1   0.07    307     13  325.0  325.3  325.0
  500.0   5870   -5.7  -44.7      3   0.14    285     14  326.0  326.6  326.1
  441.0   6836  -13.1  -45.1      5   0.16    296     21  328.6  329.2  328.6
  400.0   7570  -17.5  -52.5      3   0.07    305     26  332.2  332.5  332.2
  370.0   8151  -20.5  -54.5      3   0.06    301     33  335.6  335.9  335.7
  323.0   9143  -27.9  -36.9     42   0.50    294     45  338.7  340.7  338.8
  300.0   9670  -31.7  -40.7     41   0.37    290     52  340.6  342.1  340.7
  252.0  10885  -40.3  -50.3     33   0.15    285     62  345.2  345.9  345.3
  250.0  10940  -39.9  -50.9     30   0.14    285     62  346.6  347.2  346.6
  241.0  11190  -40.9  -56.9     16   0.07    286     63  348.8  349.1  348.8
  228.0  11565  -44.5  -52.5     40   0.13    287     64  348.8  349.4  348.9
  200.0  12430  -51.1  -58.1     43   0.07    290     68  351.7  352.0  351.7
  183.0  13000  -55.5  -62.5     41   0.05    288     70  353.6  353.8  353.6
  170.0  13463  -59.9  -65.9     45   0.03    287     72  353.8  354.0  353.8
  165.0  13648  -61.5                         287     73  354.2         354.2
  150.0  14230  -66.5                         285     75  355.3         355.3
  139.0  14684  -70.8                         280     76  355.6         355.6
  132.0  14993  -73.7                         282     70  355.7         355.7
  121.0  15500  -75.5                         286     60  361.4         361.4
  114.0  15849  -72.3                         289     53  373.5         373.5
  100.0  16610  -78.5                         295     38  375.8         375.8
   98.1  16719  -79.1                         290     37  376.7         376.7
   95.2  16891  -76.3                         274     33  385.4         385.4
   92.0  17087  -77.6                         255     28  386.7         386.7
   87.5  17374  -79.5                         231     18  388.4         388.4
   82.0  17744  -78.6                         200      6  397.4         397.4
   78.7  17978  -78.1                         221     10  403.3         403.3
   78.0  18030  -77.6                         225     11  405.4         405.4
   77.0  18105  -76.8                         215     11  408.5         408.5
   74.0  18336  -74.4                         155     10  418.2         418.2
   70.3  18635  -71.3                          81      9  431.0         431.0
   70.0  18660  -71.3                          75      9  431.5         431.5
   68.0  18832  -70.6                         105     10  436.6         436.6
   66.0  19010  -69.9                         105     15  441.8         441.8
   62.0  19381  -68.5                          70     15  453.0         453.0
   59.4  19635  -67.5                          75     18  460.8         460.8
   57.0  19883  -67.6                          80     21  466.1         466.1
   53.3  20285  -67.7                          76     17  474.8         474.8
   52.0  20434  -66.7                          75     15  480.5         480.5
   50.0  20670  -65.1                          80     11  489.7         489.7
   48.0  20920  -63.5                          90     12  499.1         499.1
   47.0  21050  -62.7                         115     18  504.1         504.1
   46.5  21115  -62.3                         111     19  506.6         506.6
   45.2  21290  -63.1                         102     22  508.8         508.8
   43.0  21604  -61.9                          85     26  519.1         519.1
   41.0  21904  -60.8                         105     28  529.0         529.0
   32.0  23464  -54.8                          95     31  583.7         583.7
   30.0  23870  -53.3                         105     32  598.7         598.7
   27.0  24555  -50.9                          85     35  623.7         623.7
   22.6  25713  -46.9                          81     38  668.1         668.1
   21.0  26198  -46.5                          80     39  683.4         683.4
   20.0  26520  -46.3                          75     34  693.7         693.7
   18.3  27110  -46.5                          75     32  710.9         710.9
   18.0  27221  -46.1                          75     32  715.5         715.5
   15.0  28446  -41.8                          90     25  768.0         768.0
   14.3  28767  -40.7                          87     29  782.3         782.3
   14.0                                        85     31                     
