
-----------------------------------------------------------------------------
   PRES   HGHT   TEMP   DWPT   RELH   MIXR   DRCT   SKNT   THTA   THTE   THTV
    hPa     m      C      C      %    g/kg    deg   knot     K      K      K 
-----------------------------------------------------------------------------
 1016.0      5   24.4   17.4     65  12.46     20      8  296.2  332.3  298.4
 1010.0     57   22.6   15.6     65  11.15     22      8  294.9  327.1  296.9
 1000.0    143   22.0   16.0     69  11.56     25      7  295.1  328.6  297.2
  925.0    815   16.6   12.9     79  10.20    330      5  296.3  326.0  298.1
  897.0   1076   14.0   12.9     93  10.53    328      4  296.2  326.8  298.1
  863.0   1402   13.2    8.7     74   8.24    326      3  298.7  323.1  300.1
  850.0   1530   12.2    8.1     76   8.03    325      2  298.9  322.8  300.4
  845.0   1579   11.8    8.1     78   8.07    300      1  299.0  323.0  300.5
  797.0   2067    8.2    7.9     98   8.45    262      6  300.2  325.4  301.7
  782.0   2225    9.0    4.7     74   6.89    250      7  302.7  323.6  303.9
  765.0   2406    7.6    3.8     77   6.61    235      9  303.1  323.2  304.3
  757.0   2493    8.6   -0.4     53   4.93    228     10  305.1  320.4  306.0
  753.0   2537    8.3   -1.1     51   4.70    225     10  305.2  319.9  306.1
  706.0   3066    4.8  -10.2     33   2.51    260      6  307.0  315.1  307.5
  700.0   3136    4.4   -7.6     41   3.10    265      6  307.3  317.3  307.9
  686.0   3300    3.5   -6.2     49   3.54    260     10  308.1  319.4  308.7
  656.0   3662    1.4   -2.9     73   4.72    240     18  309.7  324.7  310.6
  653.0   3699    1.2   -2.6     76   4.86    237     18  309.9  325.3  310.8
  631.0   3973    0.1   -5.3     67   4.11    215     17  311.6  324.9  312.4
  612.0   4217   -1.0   -7.7     60   3.53    215     16  313.2  324.7  313.9
  591.0   4497   -2.1  -10.4     53   2.95    185     13  315.0  324.8  315.5
  581.0   4633   -2.7  -11.7     50   2.70    191     13  315.8  324.9  316.4
  566.0   4840   -3.1  -18.6     29   1.57    200     14  317.8  323.2  318.1
  558.0   4953   -3.3  -22.3     21   1.15    223     16  318.8  322.9  319.0
  554.0   5009   -3.7  -22.8     21   1.11    235     17  318.9  322.9  319.1
  535.0   5282   -5.8  -25.2     20   0.93    245     13  319.6  323.0  319.8
  525.0   5429   -7.0  -26.5     19   0.84    260     11  320.0  323.0  320.1
  502.0   5779   -9.7  -29.6     18   0.66    235     16  320.8  323.3  321.0
  500.0   5810   -9.9  -29.9     18   0.64    235     16  320.9  323.3  321.0
  491.0   5950  -10.9  -30.6     18   0.62    245     14  321.3  323.6  321.4
  478.0   6156  -12.5  -31.5     19   0.58    243     16  321.9  324.0  322.0
  440.0   6786  -16.5  -42.5      9   0.21    238     21  324.5  325.3  324.5
  429.0   6977  -17.5  -31.5     28   0.64    236     23  325.6  328.0  325.7
  424.0   7065  -17.2  -37.6     15   0.36    235     24  327.0  328.4  327.1
  422.0   7100  -17.1  -40.1     12   0.28    236     24  327.6  328.7  327.7
  400.0   7500  -20.9  -39.9     16   0.30    245     29  327.7  328.9  327.8
  362.0   8227  -27.3  -40.3     28   0.32    251     40  328.7  329.9  328.7
  335.0   8780  -31.5  -37.5     55   0.46    255     49  330.3  332.1  330.4
  334.0   8801  -31.7  -38.0     53   0.43    255     49  330.4  332.0  330.4
  324.0   9016  -33.3  -43.3     36   0.26    252     48  331.0  332.0  331.0
  300.0   9550  -38.3  -45.3     48   0.22    245     46  331.3  332.2  331.3
  279.0  10045  -42.5  -49.5     46   0.15    245     52  332.2  332.8  332.2
  275.0  10143  -43.3  -50.3     46   0.14    242     53  332.4  333.0  332.4
  271.0  10242  -44.1  -52.1     41   0.11    240     54  332.6  333.1  332.6
  250.0  10780  -47.5  -60.5     21   0.04    225     58  335.3  335.5  335.3
  246.0  10886  -47.9  -61.7     19   0.04    220     61  336.3  336.4  336.3
  240.0  11048  -48.5  -63.5     16   0.03    219     63  337.7  337.9  337.8
  212.0  11849  -54.7  -63.7     32   0.03    215     71  340.3  340.4  340.3
  211.0  11879  -54.7  -64.2     30   0.03    215     71  340.8  340.9  340.8
  200.0  12220  -54.5  -69.5     14   0.02    215     55  346.3  346.4  346.3
  196.0  12349  -55.0  -71.3     11   0.01    220     51  347.5  347.5  347.5
  191.0  12514  -55.7  -73.7      9   0.01    230     46  349.0  349.0  349.0
  185.0  12719  -53.8  -77.1      4   0.01    250     50  355.2  355.3  355.2
  181.0  12859  -52.5  -79.5      2   0.00    249     54  359.6  359.6  359.6
  163.0  13524  -57.1  -82.9      2   0.00    245     72  362.8  362.8  362.8
  153.0  13927  -59.9  -84.9      2   0.00    237     60  364.6  364.6  364.6
  151.0  14009  -60.4                         235     58  365.1         365.1
  150.0  14050  -60.7                         235     58  365.3         365.3
  140.0  14476  -63.2                         255     46  368.1         368.1
  131.0  14886  -65.7                         259     55  370.8         370.8
  129.0  14979  -65.9                         260     57  372.0         372.0
  119.0  15468  -67.1                         240     35  378.5         378.5
  115.0  15675  -67.6                         255     24  381.2         381.2
  110.0  15945  -68.3                         265     34  384.9         384.9
  108.0  16055  -68.1                         260     36  387.3         387.3
  100.0  16520  -67.3                         255     24  397.4         397.4
   89.1  17212  -69.3                         247     13  406.8         406.8
   87.0  17356  -69.1                         245     11  409.9         409.9
   83.0  17638  -68.7                         280     13  416.3         416.3
   80.0  17859  -68.4                         255     10  421.3         421.3
   74.0  18327  -67.8                          30      1  432.2         432.2
   70.0  18660  -67.3                         185      7  440.1         440.1
   62.0  19399  -66.4                         105     10  457.7         457.7
   60.0  19599  -66.1                         135     16  462.6         462.6
   59.0  19702  -66.0                         135     19  465.1         465.1
   55.0  20129  -65.4                          70     25  475.7         475.7
   54.0  20241  -65.3                          60     22  478.6         478.6
   50.0  20710  -64.7                          90     12  490.6         490.6
   49.2  20808  -65.1                         110     15  491.9         491.9
   49.0  20834  -65.0                         115     16  492.7         492.7
   47.0  21094  -64.1                         105     19  500.8         500.8
   46.0  21229  -63.6                         110     25  505.1         505.1
   43.0  21650  -62.1                          80     33  518.6         518.6
   42.0  21797  -61.6                          80     31  523.4         523.4
   38.0  22423  -59.4                          90     37  544.2         544.2
   36.0  22761  -58.1                          75     35  555.8         555.8
   34.0  23118  -56.9                          85     45  568.3         568.3
   32.0  23497  -55.5                          70     37  581.8         581.8
   31.0  23695  -54.8                          80     31  589.0         589.0
   30.0  23900  -54.1                          85     33  596.6         596.6
   29.4  24030  -53.9                          88     38  600.6         600.6
   29.0                                        90     41                     
