
-----------------------------------------------------------------------------
   PRES   HGHT   TEMP   DWPT   RELH   MIXR   DRCT   SKNT   THTA   THTE   THTV
    hPa     m      C      C      %    g/kg    deg   knot     K      K      K 
-----------------------------------------------------------------------------
 1019.0      5   25.4   16.4     57  11.64    175     12  296.9  330.9  299.0
 1011.0     73   23.4   14.4     57  10.30    169     13  295.6  325.6  297.5
 1000.0    168   22.6   14.6     61  10.55    160     14  295.8  326.4  297.6
  988.0    272   21.6   14.4     64  10.56    145     13  295.8  326.5  297.7
  943.0    674   17.8   13.8     77  10.60    145     22  295.9  326.6  297.7
  925.0    840   16.2   13.5     84  10.62    145     20  295.9  326.7  297.8
  904.0   1035   14.6   12.4     87  10.10    134     16  296.2  325.6  298.0
  896.0   1110   15.2    8.2     63   7.67    129     15  297.5  320.2  298.9
  871.0   1349   13.5    8.7     73   8.19    115     10  298.2  322.4  299.6
  856.0   1496   12.4    9.1     80   8.52     85      5  298.6  323.8  300.1
  850.0   1555   12.0    9.2     83   8.66     80      5  298.7  324.3  300.3
  816.0   1897   10.0    7.7     86   8.14     92      9  300.1  324.4  301.6
  812.0   1938   11.6   -2.4     38   3.97     94     10  302.2  314.5  302.9
  809.0   1968   11.8  -20.2      9   0.96     95     10  302.7  306.0  302.9
  785.0   2220   12.4  -25.6      5   0.61    148     11  306.0  308.1  306.1
  782.0   2252   12.1  -24.4      6   0.68    155     11  306.0  308.4  306.1
  751.0   2588    9.0  -12.2     21   2.01    185     16  306.2  312.9  306.6
  733.0   2789    7.2   -4.8     42   3.67    187     16  306.4  318.0  307.1
  713.0   3016    5.3   -8.6     36   2.81    190     15  306.7  315.8  307.2
  712.0   3027    5.2   -8.8     36   2.77    188     15  306.7  315.7  307.2
  701.0   3154    4.8  -19.2     16   1.20    172     12  307.6  311.7  307.9
  700.0   3166    4.8  -19.2     16   1.20    170     12  307.8  311.9  308.0
  696.0   3212    4.6  -20.4     14   1.09    165     11  308.1  311.8  308.2
  669.0   3531    3.2  -28.4      8   0.55    145      3  310.0  312.0  310.1
  647.0   3800    2.0  -35.2      4   0.30    175     10  311.6  312.7  311.7
  614.0   4221    0.1  -45.8      2   0.10    175     10  314.2  314.6  314.2
  606.0   4327   -0.3  -48.5      1   0.08    195     12  314.8  315.1  314.8
  603.0   4367   -0.5  -49.5      1   0.07    193     12  315.0  315.3  315.1
  576.0   4730   -3.3  -14.3     42   2.21    173     12  315.9  323.4  316.3
  552.0   5065   -6.0  -16.1     45   1.99    155     12  316.6  323.4  317.0
  549.0   5108   -6.3  -16.3     45   1.96    160     12  316.7  323.4  317.1
  536.0   5293   -7.7  -17.7     45   1.78    180     12  317.2  323.3  317.5
  503.0   5784  -11.5  -21.5     43   1.37    190     14  318.4  323.1  318.6
  500.0   5830  -11.9  -21.9     43   1.33    190     14  318.5  323.1  318.7
  476.0   6204  -15.4  -24.5     45   1.11    185     13  318.7  322.6  318.9
  471.0   6284  -16.1  -25.1     46   1.06    196     12  318.7  322.5  318.9
  469.0   6316  -16.0  -26.7     39   0.92    200     11  319.2  322.6  319.4
  463.0   6413  -15.7  -31.7     24   0.59    230     12  320.8  323.0  320.9
  462.0   6429  -15.8  -32.0     23   0.57    235     12  320.9  323.0  321.0
  439.0   6810  -18.4  -39.8     13   0.28    235     12  322.3  323.4  322.3
  427.0   7017  -19.8  -44.0     10   0.18    215     16  323.0  323.8  323.1
  419.0   7158  -20.8  -46.9      8   0.14    230     20  323.5  324.1  323.6
  415.0   7230  -21.3  -48.3      7   0.12    229     20  323.8  324.3  323.8
  400.0   7500  -23.7  -47.7      9   0.13    225     19  324.1  324.6  324.1
  363.0   8198  -30.4  -51.7     11   0.09    225     15  324.3  324.7  324.4
  358.0   8298  -31.3  -52.3     11   0.08    224     18  324.4  324.7  324.4
  335.0   8765  -32.8  -60.2      5   0.03    220     31  328.5  328.7  328.5
  325.0   8978  -33.5  -63.8      3   0.02    215     27  330.4  330.5  330.4
  300.0   9540  -35.3  -73.3      1   0.01    230     28  335.5  335.5  335.5
  296.0   9633  -35.5  -73.5      1   0.01    236     27  336.5  336.5  336.5
  293.0   9703  -36.0  -73.6      1   0.01    240     27  336.9  336.9  336.9
  268.0  10314  -39.9  -74.9      1   0.01    215     43  339.9  339.9  339.9
  258.0  10574  -41.5  -75.5      1   0.01    225     49  341.1  341.1  341.1
  250.0  10790  -42.9  -75.9      1   0.01    225     47  342.1  342.2  342.1
  236.0  11173  -44.9  -77.4      1   0.00    225     37  344.8  344.8  344.8
  209.0  11980  -49.2  -80.5      1   0.00    260     34  350.2  350.2  350.2
  205.0  12108  -49.9  -81.0      1   0.00    265     37  351.1  351.1  351.1
  204.0  12141  -50.1  -81.1      1   0.00    265     38  351.3  351.3  351.3
  200.0  12270  -51.3  -81.3      2   0.00    265     41  351.4  351.4  351.4
  164.0  13533  -59.4  -83.8      3   0.00    255     76  358.3  358.3  358.3
  162.0  13611  -59.9  -83.9      3   0.00    256     75  358.7  358.7  358.7
  158.0  13767  -60.3                         259     74  360.6         360.6
  150.0  14090  -60.9                         265     71  365.0         365.0
  141.0  14473  -61.9                         255     64  369.6         369.6
  132.0  14880  -63.0                         270     68  374.7         374.7
  124.0  15267  -64.1                         265     67  379.6         379.6
  109.0  16046  -70.5                         255     65  381.7         381.7
  100.0  16560  -69.3                         240     34  393.6         393.6
   94.0  16923  -71.5                         270     25  396.2         396.2
   91.0  17113  -72.7                         290     28  397.6         397.6
   83.7  17604  -75.7                         265     35  401.1         401.1
   83.0  17653  -75.4                         255     37  402.6         402.6
   79.0  17941  -73.8                         230     32  411.7         411.7
   76.0  18168  -72.5                         245     29  419.0         419.0
   74.0  18324  -71.6                         230     20  424.1         424.1
   72.0  18484  -70.7                         265     12  429.3         429.3
   70.0  18650  -71.9                         270     15  430.2         430.2
   66.0  18996  -72.0                         240     21  437.3         437.3
   63.6  19214  -72.1                         228     14  441.8         441.8
   62.8  19289  -67.3                         224     12  453.9         453.9
   62.0  19367  -66.4                         220     10  457.5         457.5
   61.7  19396  -66.1                         214     10  458.9         458.9
   57.4  19830  -69.1                         128      5  461.7         461.7
   57.0  19872  -69.0                         120      4  462.9         462.9
   55.0  20087  -68.2                          50     10  469.5         469.5
   52.0  20424  -67.0                         175     10  479.9         479.9
   50.0  20660  -66.1                         150     11  487.3         487.3
   47.0  21037  -64.4                         100     10  500.0         500.0
   45.4  21248  -63.5                          82     10  507.2         507.2
   44.0  21438  -64.5                          65     10  509.3         509.3
   42.2  21693  -65.9                         109     10  512.0         512.0
   40.0  22022  -62.7                         165     10  527.9         527.9
   38.0  22338  -59.6                         120     17  543.5         543.5
   37.8  22370  -59.3                         119     17  545.2         545.2
   35.0  22860  -56.8                         110     14  563.9         563.9
   33.0  23234  -54.8                          50     15  578.6         578.6
   31.0  23631  -52.8                          90     12  594.6         594.6
   30.0  23840  -51.7                          85     14  603.1         603.1
   29.0  24062  -51.1                          70     14  610.6         610.6
   28.0  24292  -50.5                         105     14  618.5         618.5
   27.0  24530  -49.8                          95     21  626.8         626.8
   26.8  24579  -49.7                          84     21  628.5         628.5
   26.0  24777  -50.4                          40     20  631.8         631.8
   25.0  25034  -51.4                          90     17  636.2         636.2
   24.7  25113  -51.7                          81     16  637.5         637.5
   24.0  25300  -51.6                          60     14  643.0         643.0
   23.0  25578  -51.6                          85     23  651.1         651.1
   22.0  25868  -51.5                          70     19  659.6         659.6
   21.0  26172  -51.4                          90     16  668.7         668.7
   20.0  26490  -51.3                          70     16  678.4         678.4
   19.0  26825  -50.0                          95     15  692.5         692.5
   18.1  27142  -48.7                          91     14  706.2         706.2
   18.0                                        90     14                     
