
-----------------------------------------------------------------------------
   PRES   HGHT   TEMP   DWPT   RELH   MIXR   DRCT   SKNT   THTA   THTE   THTV
    hPa     m      C      C      %    g/kg    deg   knot     K      K      K 
-----------------------------------------------------------------------------
 1020.0      5   23.6   11.6     47   8.47      5     11  295.1  319.8  296.6
 1019.0     14   21.8    8.8     43   7.02      3     11  293.4  313.8  294.6
 1006.0    126   20.7   10.4     52   7.95    340     10  293.4  316.4  294.8
 1000.0    179   20.2   11.2     56   8.42    330     10  293.4  317.7  294.8
  958.0    547   17.0   10.0     63   8.11    319      9  293.7  317.3  295.2
  938.0    727   17.0    6.0     48   6.29    314      9  295.5  314.1  296.6
  925.0    846   16.4    6.4     52   6.56    310      9  296.1  315.5  297.2
  918.0    911   15.6    6.6     55   6.70    303      9  295.9  315.7  297.1
  897.0   1107   16.2    6.2     52   6.67    281      8  298.5  318.4  299.7
  871.0   1357   16.2    2.2     39   5.18    253      6  301.0  316.8  301.9
  850.0   1564   14.4    1.4     41   5.01    230      5  301.2  316.5  302.1
  833.0   1734   12.9    0.5     43   4.78      0      0  301.4  316.0  302.2
  821.0   1856   11.8   -0.2     44   4.61    326      3  301.5  315.6  302.3
  809.0   1979   12.0  -11.0     19   2.05    291      5  302.9  309.6  303.3
  800.0   2072   11.5  -12.8     17   1.80    265      7  303.4  309.3  303.7
  785.0   2229   10.7  -15.7     14   1.44    250     10  304.1  308.9  304.4
  753.0   2575    8.8  -22.2      9   0.86    243      9  305.8  308.7  305.9
  716.0   2990    5.8  -14.2     22   1.79    234      7  306.9  312.8  307.2
  700.0   3174    4.6  -15.4     22   1.66    230      6  307.6  313.1  307.9
  674.0   3481    2.2  -16.8     23   1.53    212      9  308.2  313.3  308.5
  664.0   3602    1.8  -21.0     17   1.09    205     10  309.1  312.8  309.3
  643.0   3861    1.0  -30.0      8   0.50    202     15  311.0  312.8  311.1
  627.0   4061   -0.7  -27.5     11   0.64    200     19  311.3  313.6  311.4
  596.0   4465   -4.2  -22.5     23   1.06    205     15  311.8  315.5  312.0
  595.0   4478   -4.3  -22.3     23   1.08    206     15  311.8  315.6  312.1
  586.0   4598   -4.9  -25.3     19   0.84    215     13  312.5  315.5  312.7
  580.0   4679   -5.3  -27.3     16   0.71    220     14  313.0  315.5  313.1
  574.0   4761   -5.2  -32.4     10   0.44    225     15  314.1  315.7  314.1
  572.0   4788   -5.1  -34.1      8   0.38    226     15  314.4  315.8  314.5
  500.0   5830  -13.1  -41.1      8   0.21    250     14  317.0  317.8  317.1
  475.0   6216  -16.0  -45.7      6   0.14    255     20  318.1  318.6  318.1
  455.0   6540  -18.5  -49.5      5   0.09    255     22  318.9  319.3  318.9
  416.0   7203  -21.7  -45.7     10   0.15    255     26  323.1  323.7  323.1
  400.0   7490  -24.1  -46.1     11   0.15    255     28  323.6  324.2  323.6
  343.0   8577  -33.4  -54.0     11   0.07    260     33  325.6  325.9  325.6
  318.0   9113  -37.9  -57.9     10   0.05    263     34  326.4  326.6  326.4
  300.0   9510  -41.3  -58.3     14   0.05    265     35  327.0  327.2  327.1
  281.0   9952  -45.2  -58.3     21   0.05    275     35  327.7  327.9  327.7
  271.0  10197  -47.3  -58.3     27   0.05    278     35  328.0  328.2  328.0
  266.0  10320  -48.1  -59.3     26   0.05    280     35  328.6  328.8  328.6
  250.0  10730  -50.7  -62.7     23   0.03    285     42  330.6  330.7  330.6
  233.0  11183  -53.9  -64.9     25   0.03    283     59  332.4  332.6  332.4
  217.0  11639  -52.1  -73.1      6   0.01    281     76  342.0  342.1  342.0
  211.0  11818  -53.4  -73.4      7   0.01    280     83  342.8  342.8  342.8
  208.0  11910  -54.1  -73.5      7   0.01    280     85  343.1  343.2  343.1
  200.0  12160  -55.9  -73.9      9   0.01    280     89  344.1  344.1  344.1
  183.0  12725  -56.4  -78.3      5   0.00    280     98  352.2  352.2  352.2
  171.0  13156  -56.7  -81.7      3   0.00    282     89  358.5  358.5  358.5
  154.0  13816  -59.9  -86.9      2   0.00    284     75  363.9  363.9  363.9
  150.0  13980  -61.1                         285     72  364.6         364.6
  144.0  14231  -63.0                         285     70  365.7         365.7
  135.0  14628  -65.9                         285     77  367.3         367.3
  131.0  14812  -65.7                         285     80  370.8         370.8
  128.0  14953  -65.5                         282     79  373.6         373.6
  121.0  15293  -67.3                         275     77  376.3         376.3
  119.0  15394  -67.9                         270     76  377.1         377.1
  111.0  15813  -68.3                         265     60  383.9         383.9
  100.0  16440  -68.9                         270     44  394.4         394.4
   91.0  17006  -66.8                         275     26  409.3         409.3
   87.4  17248  -65.9                         265     23  415.8         415.8
   84.0  17488  -65.8                         255     20  420.8         420.8
   82.0  17634  -65.7                         260     15  423.9         423.9
   77.1  18006  -65.5                         206     13  431.8         431.8
   77.0  18014  -65.5                         205     13  432.0         432.0
   76.0  18093  -65.7                         180     10  433.3         433.3
   73.0  18337  -66.1                         115      5  437.4         437.4
   70.0  18590  -66.5                          20      5  441.8         441.8
   63.6  19169  -66.9                           4      1  453.2         453.2
   62.0  19324  -65.2                           0      0  460.1         460.1
   61.1  19413  -64.3                          17      2  464.2         464.2
   57.0  19839  -63.7                         100     10  474.8         474.8
   56.0  19947  -63.6                          75     12  477.5         477.5
   55.5  20002  -63.5                                     478.9         478.9
