
-----------------------------------------------------------------------------
   PRES   HGHT   TEMP   DWPT   RELH   MIXR   DRCT   SKNT   THTA   THTE   THTV
    hPa     m      C      C      %    g/kg    deg   knot     K      K      K 
-----------------------------------------------------------------------------
 1019.0      5   23.2   16.2     65  11.49    145      5  294.8  327.9  296.8
 1000.0    167   21.0   16.0     73  11.56    105      5  294.1  327.4  296.2
  938.0    717   15.8   14.3     91  11.04     68      6  294.3  326.1  296.2
  925.0    836   15.0   13.6     91  10.69     60      6  294.6  325.5  296.5
  869.0   1362   11.1   10.2     94   9.05     65     11  295.8  322.2  297.4
  860.0   1450   10.4    9.6     95   8.80     67     14  296.0  321.7  297.6
  850.0   1548   15.0   -6.0     23   2.89     70     17  301.9  311.0  302.4
  847.0   1578   15.6   -9.4     17   2.22     69     17  302.8  309.9  303.2
  795.0   2110   13.5  -14.6     13   1.56     45     19  306.0  311.2  306.3
  767.0   2412   12.2  -17.5     11   1.26     45     17  307.9  312.2  308.1
  748.0   2622   11.4  -19.6     10   1.09     57     16  309.2  312.9  309.4
  714.0   3007    8.2  -20.7     11   1.03     80     13  309.8  313.3  309.9
  700.0   3171    6.8  -21.2     11   1.01     75     13  310.0  313.5  310.2
  678.0   3428    4.8  -23.6     11   0.85     80     13  310.6  313.6  310.8
  626.0   4070   -0.1  -29.4      9   0.54     45     15  312.2  314.1  312.3
  600.0   4411   -2.7  -32.6      8   0.42     55     12  313.0  314.5  313.1
  594.0   4492   -3.3  -33.3      8   0.39     51     12  313.1  314.6  313.2
  548.0   5120   -7.5  -38.6      6   0.25     15     14  315.4  316.4  315.5
  514.0   5619  -10.9  -42.9      5   0.17     60      9  317.2  317.8  317.2
  500.0   5830  -12.3  -45.3      5   0.13     80      7  318.0  318.5  318.0
  498.0   5860  -12.5  -45.5      5   0.13     75      7  318.1  318.6  318.1
  474.0   6233  -15.3  -47.3      5   0.11     95     10  319.1  319.6  319.1
  428.0   7002  -21.1  -51.1      5   0.08     86     16  321.2  321.6  321.2
  400.0   7500  -25.1  -34.1     43   0.54     80     20  322.3  324.3  322.4
  394.0   7610  -26.3  -34.3     47   0.53     91     19  322.1  324.1  322.2
  388.0   7721  -25.5  -29.5     69   0.86    101     18  324.6  327.7  324.7
  375.0   7967  -27.1  -31.7     65   0.73    125     15  325.7  328.4  325.8
  373.0   8006  -27.3  -32.0     64   0.71    125     14  325.9  328.5  326.0
  368.0   8103  -27.2  -31.9     64   0.72    125     11  327.2  329.9  327.4
  356.0   8342  -27.1  -31.7     65   0.76     79      4  330.5  333.4  330.7
  355.0   8362  -27.3  -31.8     65   0.75     75      3  330.5  333.4  330.7
  336.0   8750  -30.6  -34.6     68   0.61     10     10  331.2  333.6  331.3
  311.0   9296  -35.3  -38.4     73   0.45    355     12  332.1  333.8  332.1
  303.0   9480  -36.9  -39.7     75   0.40      5     13  332.3  333.9  332.4
  300.0   9550  -37.5  -40.2     76   0.39      5     15  332.4  333.9  332.5
  298.0   9596  -38.1  -40.6     77   0.37      8     17  332.2  333.7  332.3
  288.0   9826  -40.0  -43.2     71   0.29     25     26  332.7  333.9  332.7
  250.0  10780  -48.1  -54.1     50   0.10     20     45  334.4  334.8  334.4
  249.0  10806  -48.5  -54.5     50   0.09     20     46  334.2  334.6  334.2
  242.0  10991  -49.6  -57.5     39   0.07     20     54  335.3  335.6  335.3
  226.0  11433  -52.2  -64.8     20   0.03     25     43  338.0  338.1  338.0
  207.0  12001  -55.5  -74.2      8   0.01      5     18  341.3  341.4  341.3
  206.0  12032  -55.7  -74.7      8   0.01      7     15  341.5  341.5  341.5
  204.0  12094  -55.7  -75.0      7   0.01     10     10  342.5  342.5  342.5
  200.0  12220  -55.7  -75.7      7   0.01     85      5  344.4  344.4  344.4
  195.0  12382  -54.6  -77.0      5   0.01    140      3  348.7  348.7  348.7
  190.0  12549  -53.4  -78.4      3   0.00    190     10  353.1  353.1  353.1
  186.0  12685  -52.5  -79.5      2   0.00    210     15  356.8  356.8  356.8
  184.0  12753  -52.9  -79.9      2   0.00    220     17  357.3  357.3  357.3
  181.0  12858  -53.4  -80.4      2   0.00    220     17  358.1  358.1  358.1
  166.0  13407  -56.3  -83.3      2   0.00    210     10  362.2  362.2  362.2
  154.0  13883  -58.8  -85.8      2   0.00    230     11  365.8  365.8  365.8
  150.0  14050  -59.7  -86.7      2   0.00    255      6  367.0  367.0  367.0
  149.0  14092  -59.9  -86.9      2   0.00    260      7  367.4  367.4  367.4
  144.0  14301  -61.0                         285     10  369.1         369.1
  134.0  14742  -63.2                         265     10  372.8         372.8
  122.0  15316  -66.2                           0      1  377.6         377.6
  111.0  15895  -69.1                          30      8  382.4         382.4
  105.0  16228  -69.2                          35     10  388.3         388.3
  100.0  16520  -69.3                          70     13  393.6         393.6
   92.9  16958  -70.9                          67     12  398.8         398.8
   89.0  17213  -70.7                          65     12  404.1         404.1
   84.0  17556  -70.4                          10     10  411.4         411.4
   77.0  18074  -70.0                          25      1  422.7         422.7
   70.0  18640  -69.5                         145      7  435.4         435.4
   65.0  19084  -69.3                          35     10  445.2         445.2
   62.0  19368  -69.2                          95     12  451.5         451.5
   56.0  19978  -68.8                          65     14  465.5         465.5
   53.2  20286  -68.7                          79     17  472.7         472.7
   53.0  20308  -68.6                          80     17  473.5         473.5
   50.0  20660  -66.9                          70     20  485.4         485.4
   49.0  20783  -66.7                          70     20  488.8         488.8
   47.0  21035  -66.1                          95     23  495.9         495.9
   42.5  21646  -64.9                          83     25  513.4         513.4
   40.0  22019  -61.5                          75     26  530.8         530.8
   39.4  22112  -60.7                          90     25  535.2         535.2
   39.0  22176  -60.6                         100     24  537.1         537.1
   37.0  22505  -59.9                          85     33  547.0         547.0
   35.0  22853  -59.2                          70     24  557.6         557.6
   31.2  23573  -57.7                          81     20  580.2         580.2
   30.0  23820  -58.3                          85     18  585.1         585.1
   29.0  24033  -58.6                          85     18  590.0         590.0
   28.0  24252  -58.9                          65     22  595.1         595.1
   27.0  24480  -59.2                          85     21  600.4         600.4
   25.6  24814  -59.7                          82     20  608.2         608.2
   25.0  24964  -59.2                          80     20  613.8         613.8
   24.0  25221  -58.3                          60     21  623.5         623.5
   23.0  25490  -57.4                          60     23  633.8         633.8
   22.0  25770  -56.5                          90     25  644.7         644.7
   21.0  26064  -55.5                          80     30  656.3         656.3
   20.9  26094  -55.7                                     656.6         656.6
