
-----------------------------------------------------------------------------
   PRES   HGHT   TEMP   DWPT   RELH   MIXR   DRCT   SKNT   THTA   THTE   THTV
    hPa     m      C      C      %    g/kg    deg   knot     K      K      K 
-----------------------------------------------------------------------------
 1023.0      5   15.8    3.8     45   4.94    225      4  287.1  301.3  287.9
 1014.0     78   14.4    3.4     48   4.84    235      4  286.4  300.3  287.2
 1002.0    176   16.8   -0.2     32   3.78    248      5  289.8  301.0  290.4
 1000.0    193   16.8   -0.2     32   3.79    250      5  289.9  301.2  290.6
  932.0    788   13.7   -5.1     27   2.82    270     10  292.7  301.3  293.2
  925.0    852   13.4   -5.6     26   2.73    270     11  293.0  301.4  293.5
  884.0   1232   12.2  -16.4     12   1.20    265     18  295.6  299.5  295.8
  850.0   1560   11.2  -25.8      6   0.55    265     14  297.9  299.8  298.0
  846.0   1599   11.0  -29.0      4   0.41    264     13  298.1  299.5  298.1
  820.0   1857   10.0  -30.9      4   0.36    255     10  299.7  300.9  299.7
  748.0   2616    7.1  -36.6      3   0.22    275     10  304.5  305.3  304.5
  741.0   2694    6.8  -37.2      3   0.21    272     10  305.0  305.8  305.0
  707.0   3077    4.7  -36.0      3   0.25    255      8  306.7  307.7  306.8
  700.0   3158    4.2  -35.8      4   0.26    255      9  307.1  308.1  307.1
  660.0   3631    0.7  -40.4      3   0.17    270     19  308.4  309.1  308.4
  631.0   3993   -1.9  -43.9      2   0.12    289     27  309.4  309.9  309.4
  622.0   4107   -1.4  -43.4      2   0.13    295     29  311.2  311.7  311.2
  620.0   4133   -1.3  -43.3      2   0.13    294     29  311.6  312.2  311.7
  540.0   5213   -9.1  -46.7      3   0.11    270     26  314.9  315.3  314.9
  514.0   5599  -11.9  -47.9      3   0.10    280     29  316.0  316.4  316.0
  500.0   5810  -12.9  -49.9      3   0.08    285     30  317.2  317.6  317.3
  491.0   5948  -13.3  -48.5      3   0.10    290     31  318.4  318.8  318.4
  475.0   6200  -14.1  -46.1      5   0.13    288     34  320.4  321.0  320.5
  441.0   6757  -18.6  -43.9      9   0.18    285     41  321.7  322.4  321.7
  430.0   6946  -20.1  -43.1     11   0.20    284     48  322.1  322.8  322.1
  401.0   7462  -21.5  -40.5     16   0.28    280     67  326.7  327.8  326.8
  400.0   7480  -21.7  -41.7     15   0.25    280     68  326.7  327.7  326.8
  371.0   8023  -26.0  -43.5     18   0.22    280     80  328.1  329.0  328.2
  333.0   8802  -32.1  -46.1     24   0.18    280     85  330.0  330.8  330.1
  300.0   9530  -38.1  -55.1     15   0.07    280     89  331.6  331.9  331.6
  289.0   9787  -40.1  -57.1     15   0.06    280     91  332.3  332.5  332.3
  262.0  10445  -45.9  -58.9     22   0.05    280     96  333.2  333.4  333.2
  250.0  10760  -48.7  -59.7     27   0.05    280     94  333.5  333.8  333.5
  245.0  10891  -50.1  -60.1     30   0.05    278     92  333.4  333.6  333.4
  217.0  11677  -51.3  -75.3      4   0.01    269     78  343.3  343.3  343.3
  206.0  12010  -52.8  -77.5      4   0.00    265     72  346.0  346.0  346.0
  200.0  12200  -53.7  -78.7      3   0.00    265     74  347.6  347.6  347.6
  176.0  13010  -59.9  -79.9      6   0.00    261     85  350.3  350.3  350.3
  170.0  13225  -60.8                         260     88  352.3         352.3
  155.0  13798  -63.3                         255     77  357.5         357.5
  150.0  14000  -62.3                         255     68  362.6         362.6
  148.0  14083  -61.7                         258     65  365.0         365.0
  147.0  14125  -61.8                         260     64  365.5         365.5
  135.0  14646  -63.4                         275     63  371.6         371.6
  124.0  15165  -65.0                         260     65  377.9         377.9
  109.0  15954  -67.5                         265     53  387.5         387.5
  101.0  16420  -68.9                         245     58  393.2         393.2
  100.0  16480  -68.9                         245     58  394.4         394.4
   92.6  16944  -64.9                         250     37  411.0         411.0
   92.0  16984  -65.1                         250     35  411.4         411.4
   85.0  17461  -67.6                         260     34  415.8         415.8
   79.9  17834  -69.5                         235     36  419.2         419.2
   79.0  17902  -69.2                         230     36  421.2         421.2
   75.0  18215  -67.7                         245     23  430.7         430.7
   70.0  18630  -65.7                         255     20  443.5         443.5
   67.0  18896  -65.1                         280     17  450.3         450.3
   65.9  18997  -64.9                         255     19  452.9         452.9
   65.0  19082  -63.9                         235     20  456.9         456.9
   63.0  19274  -61.6                         225     18  466.0         466.0
   62.7  19303  -61.3                         226     18  467.4         467.4
   60.0  19575  -62.4                         235     18  470.8         470.8
   58.4  19742  -63.1                         219     16  472.9         472.9
   53.0  20340  -62.1                         160     10  488.5         488.5
   50.0  20700  -61.5                          55      5  498.1         498.1
   49.7  20737  -61.7                          51      4  498.5         498.5
   49.0  20827  -61.0                          40      2  502.2         502.2
   43.3  21605  -54.7                         144      8  535.7         535.7
   41.0  21953  -56.2                         190     10  540.3         540.3
   40.6  22015  -56.5                         182     12  541.2         541.2
   40.0  22110  -56.3                         170     15  543.9         543.9
   38.0  22438  -55.8                         185     10  553.3         553.3
   36.0  22783  -55.2                         175     11  563.5         563.5
   34.0  23148  -54.5                         120     15  574.4         574.4
   31.0  23738  -53.5                          80     13  592.5         592.5
   30.9  23759  -53.5                          80     13  593.2         593.2
   30.0  23950  -50.9                          85     13  605.3         605.3
   29.1  24149  -49.3                          81     17  615.0         615.0
   29.0  24171  -49.3                          80     17  615.5         615.5
   27.0  24638  -49.4                         120     16  627.9         627.9
   24.0  25408  -49.6                          80     24  648.9         648.9
   21.0  26281  -49.8                         100     26  673.5         673.5
   20.0  26600  -49.9                          95     24  682.7         682.7
   19.0  26937  -49.5                         115     18  693.9         693.9
   17.0  27667  -48.7                         115     20  718.8         718.8
   16.0  28065  -48.3                         120     19  732.8         732.8
   15.1  28445  -47.9                                     746.4         746.4
