
-----------------------------------------------------------------------------
   PRES   HGHT   TEMP   DWPT   RELH   MIXR   DRCT   SKNT   THTA   THTE   THTV
    hPa     m      C      C      %    g/kg    deg   knot     K      K      K 
-----------------------------------------------------------------------------
 1025.0      5   14.8    4.8     51   5.29    180     14  285.9  301.0  286.8
 1000.0    213   12.2    4.2     58   5.20    165     14  285.4  300.2  286.2
  999.0    221   12.2    5.2     62   5.58    164     14  285.4  301.3  286.4
  992.0    280   14.8    6.8     59   6.28    160     14  288.6  306.6  289.7
  925.0    867   10.8    7.2     78   6.93    115     10  290.4  310.3  291.6
  893.0   1158    8.6    5.3     79   6.28     90     10  291.0  309.2  292.1
  850.0   1566    5.6    2.6     81   5.46    105     16  292.0  308.0  293.0
  836.0   1702    4.6    2.2     84   5.39    109     17  292.3  308.2  293.3
  820.0   1860    4.0    0.7     79   4.93    113     18  293.3  307.9  294.2
  813.0   1930    4.6   -4.9     50   3.29    115     18  294.7  304.7  295.3
  799.0   2071    5.8  -16.2     19   1.36    136     14  297.4  301.8  297.7
  787.0   2195    6.3  -22.5     11   0.80    155     10  299.3  301.9  299.4
  785.0   2216    6.4  -23.6     10   0.73    156     10  299.6  302.0  299.7
  732.0   2786    3.2  -20.6     15   1.02    190      7  302.1  305.6  302.3
  725.0   2864    2.8  -20.2     17   1.07    201      7  302.5  306.1  302.7
  700.0   3148    2.8  -33.2      5   0.33    240      9  305.6  306.8  305.6
  692.0   3241    2.6  -37.4      3   0.22    239      9  306.3  307.2  306.4
  665.0   3552    0.5  -38.0      4   0.22    235     10  307.5  308.3  307.5
  556.0   4951   -9.1  -41.0      6   0.19    190     16  312.3  313.1  312.4
  500.0   5780  -14.7  -42.7      7   0.18    215     21  315.1  315.8  315.1
  495.0   5856  -15.5  -43.5      7   0.16    219     21  315.0  315.6  315.0
  494.0   5871  -15.5  -44.0      7   0.16    220     21  315.1  315.7  315.1
  472.0   6214  -16.5  -54.5      2   0.05    239     25  318.1  318.3  318.1
  471.0   6230  -16.6  -54.6      2   0.05    240     25  318.1  318.3  318.1
  450.0   6568  -18.7  -56.4      2   0.04    230     31  319.7  319.8  319.7
  430.0   6904  -20.8  -58.2      2   0.03    245     40  321.2  321.3  321.2
  400.0   7440  -24.1  -61.1      2   0.03    245     32  323.6  323.7  323.6
  374.0   7919  -27.2  -62.1      2   0.02    250     30  325.7  325.8  325.7
  352.0   8351  -30.0  -63.0      3   0.02    240     34  327.6  327.7  327.6
  328.0   8855  -33.3  -64.0      3   0.02    255     36  329.8  329.9  329.8
  301.0   9467  -37.3  -65.3      4   0.02    235     42  332.4  332.5  332.4
  300.0   9490  -37.3  -65.3      4   0.02    235     43  332.7  332.8  332.7
  283.0   9897  -32.3  -69.3      1   0.01    233     48  345.4  345.5  345.4
  251.0  10732  -37.7  -72.8      1   0.01    230     59  349.4  349.5  349.4
  250.0  10760  -37.9  -72.9      1   0.01    230     58  349.6  349.6  349.6
  235.0  11176  -40.9  -74.5      1   0.01    245     49  351.3  351.3  351.3
  225.0  11468  -43.0  -75.6      2   0.01    255     52  352.4  352.5  352.5
  200.0  12260  -48.7  -78.7      2   0.00    255     61  355.5  355.5  355.5
  175.0  13124  -55.5  -82.1      2   0.00    240     68  358.1  358.1  358.1
  171.0  13274  -56.7  -82.7      2   0.00    240     64  358.5  358.5  358.5
  159.0  13733  -58.6  -85.2      2   0.00    240     51  362.9  362.9  362.9
  151.0  14058  -59.9  -86.9      2   0.00    249     51  366.0  366.0  366.0
  150.0  14100  -60.1                         250     51  366.3         366.3
  146.0  14265  -61.4                         255     50  367.0         367.0
  126.0  15162  -68.3                         245     47  370.1         370.1
  124.0  15259  -69.1                         247     45  370.5         370.5
  121.0  15404  -69.5                         250     42  372.4         372.4
  118.0  15552  -69.9                         260     43  374.3         374.3
  107.0  16130  -71.4                         245     40  382.0         382.0
  100.0  16530  -72.5                         260     34  387.4         387.4
   89.1  17205  -74.3                         245     33  396.8         396.8
   81.8  17706  -71.3                         241     30  412.7         412.7
   80.0  17837  -71.7                         240     29  414.5         414.5
   75.0  18215  -72.9                         210     25  419.7         419.7
   72.0  18455  -73.7                         220     17  423.0         423.0
   71.2  18521  -73.9                         214     17  423.9         423.9
   70.0  18620  -72.5                         205     17  428.9         428.9
   67.0  18880  -70.4                         170     11  439.0         439.0
   63.7  19180  -67.9                         175     11  450.8         450.8
   60.2  19518  -68.9                         180     10  455.9         455.9
   60.0  19538  -68.2                         180     10  457.8         457.8
   59.1  19629  -65.1                         170     10  466.8         466.8
   57.0  19850  -64.8                         145      9  472.4         472.4
   55.0  20068  -64.5                           0      0  477.9         477.9
   50.3  20613  -63.7                         205      2  492.1         492.1
   50.0  20650  -63.1                         195      2  494.4         494.4
   48.0  20907  -61.5                         120     10  503.9         503.9
   47.0  21039  -60.7                         115     13  508.9         508.9
   45.0  21313  -59.0                         120     13  519.3         519.3
   43.0  21599  -57.3                         105     10  530.4         530.4
   40.0  22053  -54.5                          89     10  548.5         548.5
   36.0  22726  -56.2                          65     10  560.7         560.7
   34.6  22979  -56.9                          77     10  565.4         565.4
   30.0  23890  -53.9                         120     11  597.1         597.1
   29.0  24109  -53.3                         135     12  604.5         604.5
   27.0  24570  -52.1                         105     15  620.4         620.4
   26.4  24715  -51.7                         111     18  625.5         625.5
   26.0  24814  -52.0                         115     20  627.5         627.5
   23.0  25604  -54.1                          80     15  643.7         643.7
   22.7  25689  -54.3                          79     16  645.4         645.4
   22.0  25892  -53.1                          75     17  654.9         654.9
   20.0  26510  -49.3                          35     19  684.5         684.5
   18.0  27204  -47.2                           5     10  712.0         712.0
   17.7  27315  -46.9                         354     10  716.4         716.4
   16.1  27941  -47.9                         289      9  732.8         732.8
   16.0                                       285      9                     
