
-----------------------------------------------------------------------------
   PRES   HGHT   TEMP   DWPT   RELH   MIXR   DRCT   SKNT   THTA   THTE   THTV
    hPa     m      C      C      %    g/kg    deg   knot     K      K      K 
-----------------------------------------------------------------------------
 1019.0      5   23.8   17.8     69  12.74    125      7  295.4  332.2  297.6
 1000.0    169   21.2   16.2     73  11.71    120     12  294.4  328.1  296.4
  944.0    665   15.8   14.4     91  11.04    120     15  293.8  325.5  295.7
  925.0    838   14.8   13.0     89  10.27    120     16  294.4  324.1  296.3
  891.0   1154   13.4    9.4     77   8.37    120     14  296.2  320.7  297.6
  866.0   1393   11.5    8.4     81   8.03    120     13  296.6  320.1  298.0
  850.0   1549   10.2    7.7     84   7.81    125     12  296.8  319.8  298.2
  828.0   1767    8.6    6.7     88   7.49    142     14  297.4  319.5  298.7
  811.0   1940   10.6   -3.4     37   3.68    155     15  301.2  312.7  301.9
  761.0   2463    6.4   -5.5     42   3.34    195     19  302.2  312.7  302.9
  733.0   2770    3.9   -6.8     45   3.15    205     26  302.8  312.7  303.4
  716.0   2963    2.4   -7.6     48   3.03    200     21  303.1  312.7  303.7
  712.0   3009    2.8  -15.2     25   1.66    199     20  304.1  309.5  304.4
  700.0   3146    2.0  -20.0     18   1.12    195     17  304.7  308.4  304.9
  687.0   3297    2.1  -27.3      9   0.60    185     10  306.4  308.6  306.6
  679.0   3391    2.2  -31.8      6   0.40    224      8  307.6  309.0  307.6
  652.0   3715   -0.8  -33.7      6   0.34      0      0  307.8  309.0  307.8
  632.0   3963   -3.1  -35.1      6   0.31    302      5  307.9  309.0  307.9
  611.0   4230   -3.3  -50.3      1   0.06    240     10  310.6  310.9  310.6
  596.0   4425   -4.6  -46.0      2   0.10    255     14  311.3  311.7  311.3
  567.0   4815   -7.3  -37.3      7   0.28    258     16  312.6  313.7  312.7
  558.0   4940   -8.1  -24.1     26   0.98    259     16  313.1  316.6  313.3
  552.0   5023   -8.7  -34.7     10   0.37    259     17  313.4  314.7  313.4
  546.0   5108   -9.4  -30.0     17   0.58    260     17  313.5  315.6  313.6
  542.0   5164   -9.9  -26.9     24   0.78    259     17  313.6  316.4  313.7
  530.0   5336  -11.3  -39.3      8   0.24    256     19  313.9  314.8  314.0
  506.0   5689  -13.5  -37.5     11   0.30    250     21  315.4  316.5  315.5
  500.0   5780  -14.1  -37.1     12   0.32    250     21  315.8  317.0  315.9
  452.0   6539  -19.9  -40.9     14   0.24    272     33  317.8  318.7  317.8
  436.0   6806  -21.0  -47.1      8   0.13    280     37  319.6  320.1  319.7
  418.0   7118  -22.3  -54.3      4   0.06    280     43  321.9  322.1  321.9
  400.0   7440  -24.9  -52.9      6   0.07    280     50  322.5  322.8  322.6
  372.0   7962  -29.2  -49.7     12   0.11    280     51  323.6  324.1  323.6
  370.0   8001  -29.5  -49.5     13   0.11    280     52  323.7  324.2  323.7
  359.0   8216  -29.3  -55.3      6   0.06    282     60  326.8  327.0  326.8
  300.0   9480  -35.9  -55.9     11   0.07    290    108  334.7  334.9  334.7
  299.0   9503  -36.0  -55.9     11   0.07    290    109  334.8  335.1  334.8
  292.0   9667  -36.9  -55.9     12   0.07    290    111  335.8  336.1  335.8
  263.0  10381  -42.5  -58.5     16   0.05    290    120  337.8  338.1  337.8
  256.0  10561  -44.1  -55.8     26   0.08    290    122  338.1  338.4  338.1
  250.0  10720  -45.5  -53.5     40   0.11    290    121  338.3  338.7  338.3
  247.0  10800  -46.1  -55.1     35   0.09    290    122  338.6  338.9  338.6
  243.0  10909  -45.7  -62.7     13   0.03    291    122  340.7  340.9  340.8
  224.0  11448  -47.3  -69.3      6   0.02    293    126  346.3  346.4  346.3
  211.0  11840  -49.5  -70.5      7   0.01    295    129  348.8  348.9  348.8
  200.0  12190  -51.5  -71.5      7   0.01    295    127  351.1  351.1  351.1
  167.0  13343  -59.9  -81.9      4   0.00    289    110  355.6  355.6  355.6
  151.0  13969  -63.9                         285    101  359.1         359.1
  150.0  14010  -64.1                         285    100  359.5         359.5
  122.0  15261  -68.3                         280     82  373.7         373.7
  105.0  16165  -65.9                         284     59  394.6         394.6
  100.0  16460  -67.7                         285     51  396.7         396.7
   91.0  17033  -65.1                         275     33  412.7         412.7
   89.1  17161  -64.5                         278     32  416.4         416.4
   82.5  17628  -67.3                         289     26  419.9         419.9
   79.0  17890  -67.3                         295     23  425.1         425.1
   74.0  18285  -67.3                         265     12  433.1         433.1
   73.0  18367  -67.3                         270     10  434.8         434.8
   72.0  18450  -67.3                         300     11  436.5         436.5
   70.0  18620  -67.3                         310     12  440.1         440.1
   68.0  18794  -67.6                         325     10  443.2         443.2
   65.5  19020  -67.9                         317     12  447.2         447.2
   65.0  19066  -67.7                         315     13  448.6         448.6
   62.0  19352  -66.6                         345     10  457.1         457.1
   57.6  19798  -64.9                           7      4  470.7         470.7
   57.0  19861  -65.2                          10      3  471.5         471.5
   54.0  20189  -66.6                          30     10  475.6         475.6
   53.7  20223  -66.7                          24     12  476.1         476.1
   53.0  20303  -65.5                          10     18  480.5         480.5
   51.2  20514  -62.5                          16     23  492.4         492.4
   50.0  20660  -63.1                          20     26  494.4         494.4
   47.4  20987  -64.9                           3     15  497.7         497.7
   47.0  21039  -64.8                           0     13  499.2         499.2
   45.0  21309  -64.0                          15     11  507.3         507.3
   44.0  21448  -63.6                           0     10  511.5         511.5
   40.0  22039  -62.0                          75      4  529.8         529.8
   36.0  22691  -60.1                         110     10  550.7         550.7
   35.0  22866  -59.6                         120     10  556.4         556.4
   33.0  23230  -58.6                          90     11  568.5         568.5
   32.0  23421  -58.1                                     575.0         575.0
