
-----------------------------------------------------------------------------
   PRES   HGHT   TEMP   DWPT   RELH   MIXR   DRCT   SKNT   THTA   THTE   THTV
    hPa     m      C      C      %    g/kg    deg   knot     K      K      K 
-----------------------------------------------------------------------------
 1011.0      5   24.8   15.8     57  11.29    135      8  297.0  329.9  299.0
 1000.0    104   23.0   15.0     61  10.83    155     15  296.1  327.6  298.1
  999.0    113   22.9   14.9     61  10.77    155     15  296.1  327.5  298.1
  998.0    121   22.8   14.8     61  10.71    155     15  296.1  327.3  298.0
  925.0    775   16.8   11.9     73   9.54    145     18  296.5  324.4  298.2
  923.0    793   16.6   11.8     73   9.50    145     18  296.5  324.2  298.2
  910.0    914   15.6   11.1     75   9.20    147     19  296.6  323.5  298.3
  870.0   1295   12.6    7.6     72   7.58    154     23  297.4  319.7  298.7
  862.0   1372   12.6    3.6     54   5.78    155     24  298.1  315.5  299.2
  861.0   1382   12.5    3.6     55   5.79    155     24  298.2  315.5  299.2
  850.0   1490   11.8    3.8     58   5.95    155     24  298.5  316.3  299.6
  830.0   1689   10.2    4.2     66   6.27    161     21  298.8  317.6  300.0
  815.0   1841    9.6    3.0     63   5.84    165     19  299.7  317.4  300.8
  783.0   2173    8.2    0.2     57   4.98    135     17  301.7  317.0  302.6
  772.0   2290    8.4   -8.6     29   2.60    125     17  303.2  311.4  303.6
  762.0   2398    7.7  -11.1     25   2.17    115     16  303.5  310.5  303.9
  755.0   2474    7.2  -12.8     23   1.90    117     17  303.8  310.0  304.1
  732.0   2729    8.8  -22.2      9   0.89    123     19  308.2  311.3  308.4
  708.0   3004    8.1  -22.9      9   0.86    130     21  310.4  313.4  310.6
  705.0   3039    8.0  -23.0      9   0.86    130     22  310.7  313.7  310.8
  700.0   3098    7.4  -22.6     10   0.89    130     23  310.6  313.8  310.8
  607.0   4251   -1.7  -31.7      8   0.45    121     21  313.1  314.7  313.1
  602.0   4316   -1.9  -33.8      7   0.37    120     21  313.5  314.9  313.6
  586.0   4530   -2.7  -40.7      4   0.19    136     23  315.1  315.8  315.1
  575.0   4681   -1.7  -43.7      2   0.14    147     24  317.9  318.5  318.0
  572.0   4722   -1.6  -41.8      3   0.17    150     24  318.5  319.2  318.6
  562.0   4863   -1.3  -35.3      6   0.34    144     21  320.5  321.8  320.6
  554.0   4975   -2.3  -34.7      6   0.37    140     18  320.7  322.1  320.7
  536.0   5234   -4.5  -33.3      9   0.43    100     11  321.0  322.6  321.1
  513.0   5579   -7.5  -31.4     13   0.54     45     12  321.4  323.4  321.5
  500.0   5780   -9.3  -30.3     16   0.62     30     14  321.6  323.9  321.8
  484.0   6030  -11.7  -31.0     19   0.60     30     12  321.8  324.0  321.9
  481.0   6078  -12.1  -31.1     19   0.60     22     12  321.8  324.0  321.9
  471.0   6237  -13.4  -33.4     17   0.49    355     12  322.1  324.0  322.2
  449.0   6598  -16.2  -38.5     13   0.31     10     10  323.0  324.2  323.0
  432.0   6889  -18.5  -42.7     10   0.21      5      7  323.6  324.4  323.7
  425.0   7012  -19.5  -44.5      9   0.17      5      8  323.9  324.6  323.9
  400.0   7460  -23.3  -46.3     10   0.15      5     10  324.6  325.2  324.6
  397.0   7514  -23.8  -46.6     10   0.15     10     11  324.7  325.3  324.7
  369.0   8041  -28.6  -49.2     12   0.12    345     17  325.1  325.6  325.1
  362.0   8179  -29.9  -49.9     12   0.11    350     15  325.2  325.6  325.2
  348.0   8462  -28.5  -56.5      5   0.05      5     12  330.8  331.0  330.8
  333.0   8777  -26.9  -63.9      2   0.02    342     13  337.1  337.2  337.1
  332.0   8799  -26.9  -64.0      2   0.02    340     13  337.5  337.6  337.5
  309.0   9317  -25.7  -67.7      1   0.01    333     18  346.1  346.2  346.1
  300.0   9530  -26.7  -67.7      1   0.01    330     20  347.6  347.7  347.6
  297.0   9602  -27.1  -67.9      1   0.01    330     21  348.1  348.2  348.1
  286.0   9872  -28.4  -68.7      1   0.01    340     25  350.0  350.1  350.0
  277.0  10100  -29.5  -69.4      1   0.01    345     24  351.6  351.6  351.6
  259.0  10581  -31.9  -70.9      1   0.01    325     24  354.9  354.9  354.9
  250.0  10830  -33.5  -72.5      1   0.01    330     28  356.1  356.2  356.1
  241.0  11085  -35.4  -73.6      1   0.01    335     28  357.0  357.0  357.0
  228.0  11470  -38.3  -75.3      1   0.01    331     29  358.3  358.3  358.3
  209.0  12061  -42.4  -78.8      1   0.00    325     30  360.9  360.9  360.9
  200.0  12360  -44.5  -80.5      1   0.00    325     29  362.1  362.2  362.1
  182.0  12970  -49.4  -83.7      1   0.00    335     31  364.1  364.1  364.1
  150.0  14220  -59.3  -90.3      1   0.00    330     32  367.7  367.7  367.7
  148.0  14304  -59.9  -87.9      1   0.00    329     33  368.1  368.1  368.1
  143.0  14512  -61.4                         325     35  369.2         369.2
  113.0  15942  -71.3                         287     14  376.3         376.3
  108.0  16208  -72.0                         280     10  380.0         380.0
  100.0  16660  -73.1                          10      5  386.2         386.2
   93.6  17044  -76.1                          55      8  387.7         387.7
   93.0  17081  -76.2                          55      8  388.3         388.3
   90.0  17270  -76.4                          50     11  391.5         391.5
   86.5  17498  -76.7                          46     11  395.3         395.3
   82.3  17786  -74.3                          42     10  405.9         405.9
   81.0  17879  -74.2                          40     10  407.9         407.9
   78.0  18099  -74.0                          85     15  412.8         412.8
   74.0  18406  -73.7                          80     25  419.7         419.7
   71.6  18598  -73.5                          80     23  424.1         424.1
   70.0  18730  -74.3                          80     21  425.1         425.1
   69.2  18797  -74.7                          80     20  425.6         425.6
   66.0  19076  -71.7                          80     18  438.0         438.0
   63.2  19332  -68.9                         103     19  449.6         449.6
   63.0  19351  -68.9                         105     19  450.0         450.0
   56.0  20056  -68.7                          85     28  465.8         465.8
   54.4  20229  -68.7                          93     29  469.7         469.7
   53.0  20387  -67.2                         100     30  476.8         476.8
   51.0  20619  -64.9                          97     33  487.4         487.4
   50.0  20740  -65.5                          95     34  488.7         488.7
   48.7  20900  -66.3                          95     34  490.5         490.5
   47.0  21117  -65.7                          95     33  496.9         496.9
   45.0  21382  -65.0                          80     35  504.9         504.9
   44.0  21520  -64.6                          70     31  509.1         509.1
   41.0  21951  -63.4                          80     26  522.4         522.4
   39.3  22210  -62.7                                     530.6         530.6
