
-----------------------------------------------------------------------------
   PRES   HGHT   TEMP   DWPT   RELH   MIXR   DRCT   SKNT   THTA   THTE   THTV
    hPa     m      C      C      %    g/kg    deg   knot     K      K      K 
-----------------------------------------------------------------------------
 1029.0      5   19.2   15.4     79  10.80    140      1  290.0  320.5  291.9
 1006.0    201   17.6   14.7     83  10.55    110     12  290.3  320.2  292.1
 1000.0    253   17.2   14.5     84  10.48    110     14  290.4  320.1  292.2
  982.0    407   16.0   13.5     85  10.01    100     17  290.6  319.1  292.4
  964.0    564   14.8   12.5     86   9.54    125     16  290.9  318.1  292.6
  947.0    715   13.6   11.6     88   9.11    130     21  291.2  317.3  292.8
  925.0    914   12.0   10.3     89   8.57    130     22  291.6  316.2  293.1
  904.0   1106   10.4   10.1     98   8.65    134     20  291.9  316.7  293.4
  899.0   1152   10.2    9.9     98   8.60    135     20  292.1  316.8  293.6
  875.0   1377    9.2    9.0     99   8.32    135     23  293.4  317.4  294.8
  850.0   1618    8.2    8.1     99   8.03    110     19  294.7  318.1  296.1
  844.0   1676    7.9    7.8     99   7.89    105     19  295.0  318.0  296.4
  803.0   2085    5.7    5.2     97   6.98    100     26  296.9  317.5  298.1
  782.0   2303    4.5    3.9     96   6.53    100     21  297.9  317.3  299.1
  780.0   2324    4.4    3.8     96   6.48     97     21  298.0  317.3  299.1
  771.0   2419    4.4   -0.6     70   4.77     85     21  299.0  313.4  299.8
  761.0   2525    5.6  -14.4     22   1.66     72     20  301.4  306.8  301.7
  756.0   2579    6.4  -16.1     18   1.45     65     20  302.8  307.6  303.1
  751.0   2634    7.2  -17.8     15   1.26     73     21  304.2  308.5  304.5
  747.0   2678    7.1  -19.0     14   1.14     80     21  304.6  308.5  304.9
  727.0   2900    6.8  -25.2      8   0.68     60     15  306.6  309.0  306.8
  717.0   3014    6.6  -28.4      6   0.52     87     10  307.6  309.5  307.7
  716.0   3025    6.5  -28.4      6   0.52     90     10  307.7  309.5  307.8
  700.0   3210    5.2  -27.8      7   0.56     80     10  308.2  310.2  308.3
  699.0   3222    5.1  -27.9      7   0.56     80     10  308.2  310.2  308.3
  692.0   3303    4.4  -28.5      7   0.53    105     10  308.3  310.2  308.4
  670.0   3563    2.2  -30.3      7   0.46     90     10  308.7  310.3  308.8
  658.0   3709    0.9  -31.4      7   0.43    105     10  308.9  310.4  308.9
  643.0   3895   -0.7  -32.7      7   0.38     77      7  309.1  310.5  309.2
  604.0   4393   -1.8  -34.5      6   0.34      0      0  313.4  314.7  313.5
  598.0   4472   -1.9  -34.7      6   0.34    295     10  314.1  315.4  314.2
  593.0   4539   -2.1  -35.0      6   0.33    320     10  314.7  315.9  314.8
  586.0   4634   -2.3  -35.3      6   0.33    306     10  315.5  316.8  315.6
  576.0   4769   -3.4  -31.6      9   0.47    285     10  315.8  317.6  315.9
  573.0   4810   -3.7  -30.5     10   0.53    315     10  315.9  317.9  316.0
  555.0   5062   -5.7  -23.7     23   1.02    309     10  316.4  320.1  316.6
  542.0   5246   -7.1  -26.9     19   0.78    305     10  316.9  319.7  317.0
  537.0   5318   -7.7  -28.2     18   0.70    330     10  317.1  319.6  317.2
  528.0   5449   -8.7  -30.5     15   0.58    305     13  317.4  319.5  317.5
  517.0   5612  -10.0  -33.4     13   0.45    325     15  317.7  319.4  317.8
  508.0   5748  -11.1  -35.8     11   0.36    280     12  318.0  319.4  318.1
  506.0   5779  -11.3  -36.3     11   0.34    280     13  318.1  319.4  318.2
  500.0   5870  -11.5  -37.5     10   0.31    280     16  318.9  320.1  319.0
  480.0   6182  -12.6  -33.9     15   0.46    295     21  321.3  323.0  321.4
  479.0   6198  -12.7  -33.7     15   0.47    293     21  321.4  323.2  321.5
  470.0   6340  -14.0  -32.6     19   0.53    275     22  321.6  323.6  321.7
  451.0   6651  -16.7  -30.2     30   0.69    315     25  322.0  324.5  322.1
  435.0   6923  -19.1  -28.1     45   0.87    318     29  322.3  325.4  322.4
  426.0   7077  -20.4  -29.8     42   0.76    320     31  322.6  325.4  322.8
  403.0   7485  -23.6  -34.5     36   0.51    285     34  323.5  325.4  323.6
  400.0   7540  -24.1  -35.1     36   0.49    285     35  323.6  325.4  323.7
  395.0   7632  -24.9  -34.9     39   0.50    287     38  323.7  325.6  323.8
  349.0   8521  -30.2  -32.8     78   0.70    310     68  328.2  330.9  328.4
  343.0   8645  -30.9  -32.5     86   0.73    302     67  328.9  331.6  329.0
  340.0   8708  -29.3  -39.3     37   0.37    298     67  331.9  333.4  332.0
  338.0   8750  -26.5  -58.5      3   0.04    295     67  336.3  336.4  336.3
  332.0   8880  -25.5  -65.5      1   0.02    296     73  339.4  339.4  339.4
  313.0   9305  -27.1  -63.8      2   0.02    300     91  342.9  343.0  342.9
  304.0   9515  -27.9  -62.9      2   0.03    300     92  344.6  344.8  344.6
  300.0   9610  -28.7  -59.7      3   0.04    300     93  344.8  345.0  344.8
  284.0   9999  -32.5  -54.5      9   0.08    303     97  344.8  345.2  344.8
  272.0  10303  -33.0  -58.4      6   0.05    305    101  348.4  348.6  348.4
  270.0  10355  -33.1  -59.1      6   0.05    305    101  348.9  349.2  349.0
  250.0  10890  -38.3  -57.3     12   0.07    310    101  349.0  349.3  349.0
  245.0  11029  -39.5  -57.5     13   0.07    311    102  349.2  349.5  349.2
  220.0  11754  -46.9  -56.9     31   0.08    316    106  348.7  349.1  348.7
  212.0  11998  -48.7  -56.7     39   0.08    318    108  349.6  350.0  349.6
  205.0  12218  -49.9  -60.2     29   0.06    320    109  351.2  351.4  351.2
  200.0  12380  -50.7  -62.7     23   0.04    315    106  352.3  352.5  352.3
  194.0  12579  -51.7  -71.7      7   0.01    313    105  353.8  353.9  353.8
  167.0  13535  -59.9  -74.9     12   0.01    303    100  355.6  355.6  355.6
  160.0  13800  -61.7                         300     99  356.9         356.9
  150.0  14200  -64.5                         290     91  358.8         358.8
  136.0  14787  -67.5                         285     67  363.6         363.6
  120.0  15536  -71.4                         300     61  369.8         369.8
  118.0  15637  -71.9                         300     61  370.6         370.6
  108.0  16157  -71.9                         275     44  380.1         380.1
  100.0  16610  -71.9                         285     36  388.6         388.6
   95.0  16912  -72.3                         300     35  393.6         393.6
   88.0  17363  -72.8                         260     25  401.2         401.2
   86.8  17444  -72.9                         269     21  402.6         402.6
   86.0  17499  -72.8                         275     18  404.0         404.0
   80.0  17928  -71.5                         240     14  414.9         414.9
   77.0  18155  -70.9                         285     10  420.8         420.8
   76.0  18232  -70.7                         290     10  422.8         422.8
   70.0  18720  -69.3                         250      6  435.8         435.8
   67.0  18982  -68.3                         220     10  443.4         443.4
   65.0  19164  -67.6                         200     10  448.8         448.8
   64.1  19247  -67.3                         151      7  451.3         451.3
   63.0  19351  -67.3                          90      3  453.5         453.5
   61.0  19545  -67.4                          90     10  457.5         457.5
   56.0  20059  -67.5                          45     14  468.6         468.6
   55.0  20167  -67.5                          35     14  470.9         470.9
   53.0  20390  -67.6                         340     10  475.8         475.8
   50.0  20740  -67.7                         225     10  483.5         483.5
   48.4  20935  -68.1                         241      4  487.1         487.1
   48.0  20986  -66.8                         245      2  491.4         491.4
   47.0  21114  -63.5                         225     10  502.2         502.2
   46.4  21193  -61.5                         212     13  508.9         508.9
   45.0  21384  -61.2                         180     19  514.0         514.0
   43.0  21667  -60.8                         135     11  521.8         521.8
   40.0  22117  -60.1                         180     14  534.3         534.3
   39.0  22275  -59.9                         170     17  538.8         538.8
   38.0  22436  -59.7                         125     15  543.4         543.4
   37.0  22603  -59.5                         115     10  548.1         548.1
   36.4  22704  -59.3                                     551.1         551.1
