
-----------------------------------------------------------------------------
   PRES   HGHT   TEMP   DWPT   RELH   MIXR   DRCT   SKNT   THTA   THTE   THTV
    hPa     m      C      C      %    g/kg    deg   knot     K      K      K 
-----------------------------------------------------------------------------
 1018.0      5   21.2   16.8     76  11.96    280      5  292.9  327.1  295.0
 1000.0    161   19.2   15.7     80  11.34    260     10  292.4  324.7  294.3
  997.0    187   19.0   15.8     82  11.45    258     10  292.4  325.1  294.4
  987.0    274   21.0   13.0     60   9.62    252     10  295.2  323.2  297.0
  954.0    568   20.2   10.1     52   8.18    230     11  297.3  321.4  298.8
  925.0    834   19.4    7.4     46   7.03    185     12  299.1  320.1  300.4
  921.0    871   19.2    6.7     44   6.72    180     12  299.3  319.4  300.5
  917.0    909   19.0    6.0     43   6.43    179     12  299.5  318.8  300.6
  850.0   1553   13.0    4.0     54   6.03    165     12  299.8  317.9  300.8
  799.0   2070    8.2    4.6     78   6.70    161     18  300.0  320.1  301.2
  783.0   2237    7.3    2.3     71   5.82    160     20  300.7  318.4  301.8
  771.0   2364    6.6    0.6     66   5.21    155     19  301.3  317.2  302.3
  758.0   2504    6.8   -4.8     43   3.55    150     17  303.0  314.1  303.6
  757.0   2515    6.8   -5.2     42   3.45    151     17  303.1  313.9  303.8
  700.0   3154    2.6   -6.4     52   3.40    185     13  305.3  316.1  306.0
  688.0   3293    2.0   -7.4     50   3.20    195     14  306.1  316.3  306.7
  667.0   3543    0.8   -9.2     47   2.87    221     13  307.6  316.8  308.1
  660.0   3628    1.0  -23.0     15   0.91    230     12  308.7  311.9  308.9
  659.0   3640    1.0  -25.0     12   0.77    231     12  308.8  311.5  309.0
  645.0   3812    0.3  -19.4     21   1.28    245     15  309.9  314.3  310.2
  639.0   3887    0.0  -17.0     27   1.59    249     16  310.4  315.8  310.7
  626.0   4052    0.0  -37.0      4   0.26    257     17  312.3  313.2  312.3
  601.0   4377   -1.5  -38.5      4   0.23    272     20  314.2  315.1  314.2
  597.0   4430   -1.9  -39.6      4   0.21    275     21  314.3  315.1  314.4
  579.0   4672   -3.7  -44.7      2   0.12    275     22  315.0  315.5  315.0
  514.0   5599  -11.3  -28.3     23   0.73    275     26  316.7  319.3  316.8
  500.0   5810  -12.3  -34.3     14   0.42    275     27  318.0  319.6  318.1
  471.0   6263  -15.4  -40.5     10   0.24    275     32  319.6  320.5  319.6
  453.0   6558  -17.5  -44.5      8   0.16    279     37  320.6  321.2  320.6
  400.0   7480  -24.1  -46.1     11   0.15    290     54  323.6  324.2  323.6
  391.0   7645  -25.1  -47.1     11   0.14    290     56  324.4  325.0  324.4
  390.0   7663  -25.2  -47.2     11   0.14    290     56  324.4  325.0  324.5
  343.0   8567  -32.4  -50.0     16   0.12    300     53  326.8  327.3  326.8
  320.0   9056  -36.3  -51.5     19   0.10    290     57  328.0  328.4  328.0
  300.0   9510  -39.9  -52.9     24   0.09    290     66  329.0  329.4  329.0
  298.0   9556  -40.5  -52.5     26   0.10    290     67  328.8  329.2  328.8
  259.0  10504  -44.5  -67.5      6   0.02    286     89  336.4  336.4  336.4
  250.0  10740  -45.5  -69.5      5   0.01    285     94  338.3  338.4  338.3
  224.0  11465  -47.5  -69.5      6   0.01    285    110  346.0  346.1  346.0
  207.0  11977  -52.0  -70.5      9   0.01    285    122  346.9  347.0  346.9
  200.0  12200  -53.9  -70.9     11   0.01    285    121  347.2  347.3  347.3
  176.0  13011  -59.9  -77.9      8   0.01    287    108  350.3  350.3  350.3
  173.0  13118  -60.9                         288    106  350.4         350.4
  150.0  14000  -63.7                         290     91  360.1         360.1
  127.0  15007  -67.9                         290     73  370.1         370.1
  124.0  15152  -68.5                         285     72  371.6         371.6
  116.0  15552  -66.7                         276     59  382.0         382.0
  111.0  15816  -67.8                         270     50  384.9         384.9
  100.0  16440  -70.3                         280     47  391.6         391.6
   94.4  16785  -68.3                         272     37  402.1         402.1
   93.0  16874  -68.9                         270     35  402.6         402.6
   88.7  17156  -70.9                         283     31  404.1         404.1
   85.0  17409  -70.7                         295     28  409.4         409.4
   84.2  17465  -70.7                         294     27  410.6         410.6
   79.6  17803  -65.7                         285     21  427.5         427.5
   77.0  18004  -66.4                         280     18  430.1         430.1
   72.0  18410  -67.8                         315     22  435.5         435.5
   70.9  18503  -68.1                         312     22  436.8         436.8
   70.0  18580  -67.9                         310     22  438.8         438.8
   66.0  18936  -67.7                         265     16  446.7         446.7
   63.0  19217  -67.5                         255      9  453.1         453.1
   58.0  19717  -67.2                         255     10  464.7         464.7
   56.0  19930  -67.0                         215     12  469.7         469.7
   54.2  20127  -66.9                         184     10  474.4         474.4
   54.0  20150  -66.8                         180     10  475.2         475.2
   50.0  20620  -63.9                         160      2  492.5         492.5
   49.6  20669  -63.5                         102      2  494.6         494.6
   49.0  20744  -63.6                          15      3  495.9         495.9
   43.2  21515  -65.1                           1      0  510.5         510.5
   43.0  21543  -64.9                           0      0  511.8         511.8
   39.0  22147  -60.0                         210     10  538.6         538.6
   38.3  22259  -59.1                         193     11  543.6         543.6
   37.0  22474  -59.9                         160     14  547.1         547.1
   36.0  22644  -60.5                         130     12  549.8         549.8
   34.0  23000  -61.7                         145     11  555.6         555.6
   33.4  23111  -62.1                         132     11  557.4         557.4
   32.0  23378  -60.8                         100     10  567.7         567.7
   30.0  23780  -58.9                          90     16  583.5         583.5
   29.0  23993  -58.0                          85     12  591.7         591.7
   27.0  24443  -56.0                         120     13  609.5         609.5
   26.9  24466  -55.9                         120     13  610.4         610.4
   25.0  24934  -55.0                         110     12  626.0         626.0
   22.0  25751  -53.3                          50     10  654.1         654.1
   20.3  26264  -52.3                         347     10  672.5         672.5
   20.0  26360  -52.5                         335     10  674.7         674.7
   19.2  26623  -53.5                         339     10  679.5         679.5
   19.0  26691  -53.4                         340     10  682.0         682.0
   17.0  27412  -51.8                         255     10  709.1         709.1
   15.1  28180  -50.1                         241      8  739.1         739.1
   15.0                                       240      8                     
