
-----------------------------------------------------------------------------
   PRES   HGHT   TEMP   DWPT   RELH   MIXR   DRCT   SKNT   THTA   THTE   THTV
    hPa     m      C      C      %    g/kg    deg   knot     K      K      K 
-----------------------------------------------------------------------------
 1018.0      5   25.0   13.0     47   9.32     10      9  296.6  323.9  298.3
 1011.0     64   22.8   12.8     53   9.26      2      8  295.0  322.0  296.7
 1000.0    156   22.2   13.2     57   9.62    350      6  295.4  323.3  297.1
  986.0    278   21.2   12.5     57   9.30    325      5  295.6  322.7  297.2
  951.0    590   18.8   10.6     59   8.52    285     10  296.1  321.1  297.7
  943.0    662   18.2   10.2     60   8.35    285     12  296.3  320.8  297.8
  925.0    828   20.2    5.2     37   6.03    285     16  300.0  318.2  301.1
  923.0    847   20.6    3.6     33   5.40    285     16  300.6  317.0  301.5
  921.0    865   20.5    3.5     33   5.38    285     16  300.7  317.0  301.6
  913.0    941   20.2    3.2     32   5.30    280     17  301.1  317.3  302.0
  905.0   1016   19.7    3.1     33   5.33    275     17  301.3  317.6  302.2
  850.0   1552   15.8    2.8     42   5.54    240     12  302.7  319.6  303.7
  784.0   2227   10.4    0.8     51   5.18    175      6  303.9  319.9  304.9
  756.0   2531    7.9   -0.2     57   5.03    180     10  304.4  320.0  305.4
  737.0   2743    6.2   -0.8     61   4.92    180     12  304.8  320.1  305.7
  721.0   2923    4.4    1.2     80   5.82    180     14  304.7  322.7  305.8
  700.0   3163    2.6   -1.5     74   4.92    180     17  305.3  320.6  306.2
  687.0   3315    1.2   -3.3     72   4.39    182     20  305.4  319.1  306.2
  673.0   3481    0.6  -11.4     40   2.39    184     24  306.5  314.3  307.0
  669.0   3528    0.3  -12.0     39   2.29    185     25  306.8  314.2  307.2
  644.0   3833   -1.4  -15.7     33   1.76    185     18  308.2  314.1  308.6
  636.0   3933   -1.9  -16.9     31   1.61    199     15  308.7  314.1  309.0
  634.0   3958   -1.7  -10.7     50   2.68    203     15  309.2  317.9  309.7
  631.0   3996   -1.1  -24.1     16   0.87    208     14  310.3  313.3  310.5
  627.0   4047   -0.7  -15.7     31   1.80    216     13  311.3  317.4  311.7
  624.0   4086   -0.5  -19.5     22   1.32    221     12  312.0  316.5  312.2
  622.0   4111   -0.6  -20.3     21   1.24    225     11  312.1  316.4  312.4
  614.0   4215   -1.0  -23.4     17   0.95    240     13  312.8  316.2  313.0
  609.0   4280   -1.3  -25.3     14   0.81    242     14  313.2  316.1  313.4
  580.0   4668   -3.7  -24.7     18   0.90    251     19  314.8  318.0  315.0
  568.0   4830   -5.1  -24.8     20   0.90    255     21  315.0  318.3  315.2
  540.0   5223   -8.6  -25.1     25   0.93    230     23  315.5  318.8  315.7
  502.0   5790  -13.5  -25.5     36   0.96    230     28  316.2  319.6  316.3
  500.0   5820  -13.5  -28.5     27   0.73    230     28  316.5  319.2  316.7
  492.0   5943  -11.9  -50.9      2   0.07    229     29  319.9  320.2  319.9
  431.0   6940  -19.9  -46.9      7   0.13    223     36  322.1  322.6  322.1
  400.0   7490  -23.3  -56.3      3   0.05    220     40  324.6  324.8  324.6
  390.0   7674  -24.3  -52.6      5   0.07    215     40  325.6  325.9  325.6
  379.0   7883  -25.5  -48.5     10   0.12    217     41  326.8  327.3  326.8
  300.0   9530  -39.7  -57.7     13   0.05    235     48  329.3  329.5  329.3
  298.0   9575  -40.1  -57.9     13   0.05    235     48  329.4  329.6  329.4
  279.0  10022  -44.1  -60.1     15   0.04    235     51  329.9  330.0  329.9
  250.0  10750  -49.5  -60.5     26   0.04    235     55  332.3  332.5  332.4
  234.0  11179  -52.8  -62.2     31   0.04    230     59  333.6  333.8  333.6
  230.0  11291  -53.7  -62.7     32   0.04    232     58  334.0  334.1  334.0
  218.0  11636  -52.3  -73.3      6   0.01    237     55  341.3  341.3  341.3
  200.0  12190  -54.9  -77.9      4   0.00    245     50  345.7  345.7  345.7
  165.0  13407  -59.5  -85.2      2   0.00    270     50  357.6  357.6  357.6
  162.0  13523  -59.9  -85.9      2   0.00    267     51  358.7  358.7  358.7
  150.0  14000  -63.5                         255     55  360.5         360.5
  149.0  14041  -63.7                         255     54  360.8         360.8
  148.0  14081  -63.9                         255     53  361.3         361.3
  130.0  14860  -66.9                         265     48  369.4         369.4
  115.0  15597  -69.8                         245     42  377.2         377.2
  107.0  16030  -71.5                         245     44  381.9         381.9
  100.0  16430  -69.7                         250     36  392.8         392.8
   95.0  16738  -69.1                         245     40  399.8         399.8
   85.0  17406  -67.7                         245     22  415.5         415.5
   82.1  17615  -67.3                         234     14  420.5         420.5
   81.0  17696  -67.6                         230     11  421.5         421.5
   78.0  17922  -68.4                         275      6  424.3         424.3
   74.0  18237  -69.6                         270     10  428.3         428.3
   70.5  18528  -70.7                         253     14  431.9         431.9
   70.0  18570  -70.1                         250     15  434.1         434.1
   68.0  18745  -68.0                         230     17  442.1         442.1
   64.0  19112  -63.8                         205     10  459.2         459.2
   63.4  19169  -63.1                         212      9  461.9         461.9
   58.0  19714  -65.1                         280      1  469.2         469.2
   57.6  19756  -65.3                         269      2  469.8         469.8
   52.0  20381  -64.6                         110     10  485.4         485.4
   50.0  20620  -64.3                         120      9  491.5         491.5
   48.0  20872  -63.5                          95     11  499.3         499.3
   45.0  21271  -62.2                         115     13  511.7         511.7
   44.0  21409  -61.7                          85     15  516.1         516.1
   41.0  21845  -60.3                          90     19  530.2         530.2
   39.4  22091  -59.5                          78     17  538.3         538.3
   37.0  22482  -60.8                          60     13  544.8         544.8
   36.4  22584  -61.1                          66     14  546.5         546.5
   34.1  22992  -57.5                          89     20  566.2         566.2
   34.0  23011  -57.5                          90     20  566.5         566.5
   31.9  23411  -58.7                          73     23  573.9         573.9
   31.0  23592  -56.7                          65     25  583.9         583.9
   30.0  23800  -54.5                          65     26  595.5         595.5
   29.2  23974  -52.9                          77     26  604.5         604.5
   29.0  24018  -53.1                          80     26  605.2         605.2
   27.2  24430  -54.7                          68     27  611.8         611.8
   26.0  24720  -54.3                          60     28  620.9         620.9
   20.0  26410  -51.9                          45      5  676.6         676.6
   18.0  27095  -50.9                         100     10  700.5         700.5
   17.0  27467  -50.3                         120     15  713.9         713.9
   16.7  27583  -50.1                                     718.1         718.1
   15.8  27943  -51.1                                     726.3         726.3
