
-----------------------------------------------------------------------------
   PRES   HGHT   TEMP   DWPT   RELH   MIXR   DRCT   SKNT   THTA   THTE   THTV
    hPa     m      C      C      %    g/kg    deg   knot     K      K      K 
-----------------------------------------------------------------------------
 1017.0      5   17.8    2.8     37   4.62    225      3  289.6  303.1  290.4
 1000.0    144   15.6    0.6     36   4.01    215      3  288.8  300.5  289.4
  975.0    358   13.4    0.4     41   4.06    159      6  288.6  300.5  289.3
  957.0    514   13.6   -6.4     24   2.49    118      9  290.4  297.9  290.8
  949.0    585   12.9   -4.0     30   3.00    100     10  290.4  299.4  290.9
  936.0    700   11.8   -0.2     44   4.05     96     11  290.4  302.3  291.1
  931.0    745   11.8   -5.2     30   2.80     95     12  290.8  299.3  291.3
  929.0    763   11.8   -7.2     26   2.41     92     12  291.0  298.4  291.4
  925.0    799   11.6   -8.4     24   2.20     85     11  291.2  297.9  291.6
  920.0    844   11.4   -9.2     23   2.07     80     10  291.4  297.8  291.8
  882.0   1195   10.2  -15.8     14   1.27    335     10  293.7  297.8  293.9
  875.0   1262   10.9  -22.5      8   0.72    315     10  295.1  297.5  295.2
  868.0   1329   11.6  -29.3      4   0.39    305     13  296.5  297.9  296.6
  866.0   1348   11.8  -31.2      3   0.33    305     14  296.9  298.1  297.0
  850.0   1504   13.2  -26.8      5   0.51    305     20  300.0  301.7  300.1
  821.0   1791   11.9  -25.1      6   0.61    300     22  301.6  303.7  301.7
  799.0   2016   10.9  -23.7      7   0.71    315     24  302.9  305.3  303.0
  736.0   2696    7.9  -19.5     12   1.11    300     26  306.7  310.5  306.9
  723.0   2843    7.2  -18.6     14   1.22    290     25  307.6  311.7  307.8
  701.0   3099    6.0  -17.1     17   1.44    270     29  309.0  313.9  309.3
  700.0   3111    6.0  -17.0     17   1.45    270     30  309.1  314.0  309.4
  698.0   3134    5.8  -17.2     17   1.43    270     31  309.1  314.0  309.4
  675.0   3409    7.4  -30.6      5   0.45    270     47  313.9  315.5  314.0
  672.0   3446    7.6  -32.4      4   0.38    270     47  314.5  315.9  314.6
  616.0   4158    4.2   -9.8     35   2.96    277     52  318.5  328.5  319.1
  574.0   4728   -1.1   -9.1     55   3.36    282     56  318.8  330.1  319.5
  549.0   5083   -2.1  -12.1     46   2.77    285     59  321.7  331.2  322.2
  541.0   5200   -1.9  -23.9     17   1.03    286     60  323.3  327.0  323.5
  533.0   5318   -3.1  -26.1     15   0.86    287     61  323.2  326.4  323.4
  527.0   5407   -3.9  -13.9     46   2.49    288     61  323.3  331.9  323.8
  517.0   5558   -5.1  -25.1     19   0.97    289     62  323.6  327.2  323.8
  511.0   5650   -5.9  -24.8     21   1.01    290     63  323.8  327.5  324.0
  500.0   5820   -7.3  -24.3     24   1.08    290     61  324.1  328.0  324.3
  484.0   6072   -9.7  -37.7      8   0.31    287     63  324.1  325.4  324.2
  474.0   6233  -10.7  -35.7     11   0.39    285     64  324.9  326.3  324.9
  470.0   6298  -11.5  -19.5     52   1.75    284     64  324.6  330.8  325.0
  467.0   6348  -11.9  -18.9     56   1.85    283     64  324.7  331.3  325.1
  465.0   6381  -11.7  -32.7     16   0.53    283     64  325.4  327.4  325.5
  452.0   6598  -11.9  -24.9     33   1.13    280     66  327.8  331.9  328.0
  431.0   6960  -15.1  -21.5     58   1.61    275     68  328.1  333.9  328.5
  430.0   6978  -15.3  -21.3     60   1.63    275     68  328.2  334.0  328.5
  400.0   7520  -19.9  -23.7     72   1.42    265     70  329.0  334.2  329.3
  398.0   7557  -20.2  -23.8     73   1.41    265     70  329.1  334.2  329.3
  383.0   7840  -22.9  -24.8     84   1.34    268     71  329.2  334.1  329.5
  373.0   8035  -20.5  -41.5     13   0.27    270     72  334.9  336.0  334.9
  327.0   8995  -27.9  -42.9     22   0.27    279     75  337.5  338.6  337.6
  301.0   9586  -31.2  -52.9     10   0.09    285     77  341.0  341.4  341.0
  300.0   9610  -31.3  -53.3     10   0.09    285     77  341.1  341.5  341.2
  292.0   9801  -32.3  -57.3      6   0.06    284     77  342.4  342.6  342.4
  260.0  10604  -40.1  -58.1     13   0.06    281     75  342.4  342.7  342.5
  250.0  10870  -41.9  -60.9     11   0.04    280     74  343.6  343.8  343.6
  215.0  11871  -50.1  -67.1     12   0.02    280     77  346.1  346.1  346.1
  200.0  12340  -52.9  -72.9      7   0.01    280     78  348.8  348.9  348.8
  190.0  12666  -55.7  -74.1      8   0.01    280     84  349.5  349.5  349.5
  176.0  13154  -59.9  -75.9     11   0.01    276     83  350.3  350.4  350.3
  158.0  13821  -64.2                         270     82  354.0         354.0
  156.0  13900  -64.7                         270     81  354.4         354.4
  150.0  14140  -65.3                         270     77  357.4         357.4
  119.0  15524  -73.3                         279     62  367.1         367.1
  100.0  16540  -74.9                         285     50  382.8         382.8
   94.4  16874  -76.1                         285     48  386.8         386.8
   91.0  17089  -75.3                         285     52  392.4         392.4
   82.0  17701  -73.0                         250     35  409.0         409.0
   77.0  18070  -71.6                         250     33  419.3         419.3
   72.0  18465  -70.1                         275     21  430.6         430.6
   70.0  18630  -69.5                         295     25  435.4         435.4
   67.7  18829  -69.3                         298     27  440.0         440.0
   63.0  19254  -71.4                         305     30  444.5         444.5
   61.9  19358  -71.9                         302     33  445.6         445.6
   61.0  19445  -70.9                         300     35  449.7         449.7
   60.0  19544  -69.8                         290     37  454.3         454.3
   57.0  19851  -66.3                         250     31  468.9         468.9
   56.0  19956  -65.1                         255     31  474.1         474.1
   54.9  20076  -65.7                         260     31  475.4         475.4
   54.3  20143  -62.9                         263     31  483.3         483.3
   52.6  20338  -64.3                         272     31  484.5         484.5
   52.0  20409  -63.4                         275     31  488.3         488.3
   50.0  20650  -60.1                         260      8  501.4         501.4
   49.4  20726  -59.7                         290      4  504.1         504.1
   49.0  20776  -60.0                         310      1  504.6         504.6
   47.0  21034  -61.3                          50     10  507.4         507.4
   45.0  21303  -62.8                           5     15  510.3         510.3
   43.0  21585  -64.3                         310     14  513.3         513.3
   42.7  21628  -64.5                         313     14  513.7         513.7
   41.4  21819  -61.5                         326     16  525.7         525.7
   41.0  21880  -61.3                         330     17  527.7         527.7
   39.0  22195  -60.2                         325     28  538.0         538.0
   38.0  22358  -59.7                         305     23  543.4         543.4
   36.0  22698  -58.5                         320     19  554.9         554.9
   35.0  22876  -57.9                         300     10  561.0         561.0
   34.0  23058  -57.3                           0      0  567.3         567.3
   32.0  23440  -56.0                         330     10  580.7         580.7
   31.6  23519  -55.7                         324     13  583.5         583.5
   31.0  23641  -56.0                         315     17  585.9         585.9
   30.0  23850  -56.5                         340      6  590.0         590.0
   29.0  24065  -56.5                         320     10  595.6         595.6
   28.0  24288  -56.6                         300     23  601.5         601.5
   27.0  24519  -56.7                         255     16  607.6         607.6
   26.0  24758  -56.7                         275     14  614.0         614.0
   25.0  25007  -56.8                         255     10  620.8         620.8
   24.0  25267  -56.8                         240     10  627.9         627.9
   23.0  25537  -56.9                         300     10  635.4         635.4
   22.9  25564  -56.9                         298     10  636.2         636.2
   22.0  25821  -55.9                         280     14  646.5         646.5
   21.0  26118  -54.7                         260     17  658.7         658.7
   20.0  26430  -53.5                         255     13  671.7         671.7
   19.1  26726  -54.1                         273     13  678.7         678.7
   19.0                                       275     13                     
