
-----------------------------------------------------------------------------
   PRES   HGHT   TEMP   DWPT   RELH   MIXR   DRCT   SKNT   THTA   THTE   THTV
    hPa     m      C      C      %    g/kg    deg   knot     K      K      K 
-----------------------------------------------------------------------------
 1021.0      5   23.6   21.6     89  16.19    100     12  295.0  341.6  297.9
 1001.0    180   21.4   19.9     91  14.84     90     22  294.5  337.1  297.1
 1000.0    189   21.4   19.8     91  14.76     90     22  294.6  336.9  297.1
  984.0    329   21.6   18.7     84  13.97     80     22  296.1  336.5  298.6
  980.0    365   21.6   18.4     82  13.78     81     22  296.5  336.4  298.9
  947.0    661   20.1   17.0     82  13.02     85     19  297.8  335.8  300.1
  925.0    865   19.0   16.0     83  12.51     75     17  298.7  335.4  301.0
  889.0   1205   17.0   13.7     81  11.16     65     16  300.0  333.0  302.1
  869.0   1399   15.8   12.3     80  10.44     76     19  300.8  331.8  302.7
  862.0   1468   15.4   12.4     83  10.61     80     20  301.0  332.5  302.9
  850.0   1587   14.6   12.6     88  10.90     85     18  301.4  333.8  303.4
  779.0   2315   10.8    9.0     89   9.34     75     19  305.0  333.2  306.7
  750.0   2632    9.2    7.4     89   8.71     60     28  306.5  333.1  308.1
  721.0   2961    7.5    5.8     89   8.09     75     20  308.1  333.1  309.6
  709.0   3101    6.8    5.1     89   7.84     65     14  308.8  333.1  310.3
  700.0   3208    6.2    4.6     89   7.65     60     14  309.3  333.1  310.8
  677.0   3482    4.6    3.8     95   7.48     51     13  310.5  333.8  311.9
  664.0   3640    3.8    0.8     81   6.15     45     13  311.3  330.7  312.4
  652.0   3788    3.0   -2.0     70   5.09     53     12  312.0  328.3  313.0
  641.0   3926    2.3   -0.7     81   5.73     60     12  312.7  331.0  313.8
  631.0   4053    1.6    0.6     93   6.38     45     13  313.4  333.6  314.6
  628.0   4092    1.5   -0.8     85   5.79     40     13  313.7  332.1  314.8
  612.0   4300    0.8   -8.2     51   3.38     53     12  315.2  326.4  315.9
  608.0   4352    0.4   -2.0     84   5.46     56     12  315.3  332.9  316.4
  605.0   4392    0.4   -5.6     64   4.19     58     12  315.8  329.5  316.6
  579.0   4743   -1.7   -3.1     90   5.29     80     10  317.3  334.5  318.3
  577.0   4771   -1.9   -2.9     93   5.39     80     10  317.4  334.9  318.4
  555.0   5080   -3.2   -7.2     74   4.04     80     11  319.4  332.8  320.2
  550.0   5152   -3.5   -8.2     70   3.77     91     11  319.9  332.4  320.6
  545.0   5224   -3.9   -6.1     85   4.47    101     12  320.2  335.1  321.1
  541.0   5282   -4.2   -7.5     78   4.05    110     12  320.6  334.1  321.3
  524.0   5534   -5.5  -13.5     53   2.59    105     10  321.9  330.8  322.4
  521.0   5579   -5.3  -24.3     21   1.03    107     10  322.7  326.4  322.9
  512.0   5715   -6.3  -33.8      9   0.43    115     10  323.1  324.7  323.2
  503.0   5853   -7.3  -43.4      4   0.16    125      6  323.5  324.1  323.5
  500.0   5900   -7.7  -46.7      3   0.12    125      7  323.6  324.1  323.6
  497.0   5947   -7.9  -48.9      2   0.09    126      7  323.9  324.3  323.9
  443.0   6830  -14.3  -40.3      9   0.26    149      9  326.6  327.7  326.7
  430.0   7056  -14.5  -48.5      4   0.11    155     10  329.2  329.6  329.2
  429.0   7074  -14.6  -48.2      4   0.11    155     10  329.2  329.7  329.2
  409.0   7433  -17.4  -43.1      9   0.21    160     13  330.2  331.0  330.2
  400.0   7600  -18.7  -40.7     13   0.27    180     14  330.6  331.7  330.6
  396.0   7675  -19.1  -35.1     23   0.49    187     14  331.0  332.9  331.1
  394.0   7712  -19.4  -36.2     21   0.44    190     14  331.2  332.9  331.3
  374.0   8097  -22.0  -47.2      8   0.15    180     13  332.7  333.3  332.7
  370.0   8177  -22.5  -49.5      7   0.11    184     13  333.0  333.5  333.0
  347.0   8643  -27.1  -49.0     11   0.13    205     12  333.0  333.5  333.0
  343.0   8727  -27.9  -48.9     12   0.13    205     15  332.9  333.5  333.0
  333.0   8940  -28.1  -63.1      2   0.02    205     21  335.5  335.6  335.5
  301.0   9656  -33.5  -57.9      7   0.05    205     44  337.7  337.9  337.7
  300.0   9680  -33.7  -57.7      7   0.05    205     44  337.8  338.0  337.8
  284.0  10062  -36.9  -55.9     12   0.07    205     47  338.5  338.8  338.5
  262.0  10611  -42.1  -57.9     16   0.06    205     52  338.8  339.1  338.8
  250.0  10930  -45.1  -59.1     19   0.05    205     50  338.9  339.1  338.9
  237.0  11283  -48.7  -58.7     30   0.06    205     56  338.7  338.9  338.7
  234.0  11365  -49.1  -59.9     27   0.05    205     58  339.2  339.4  339.2
  215.0  11914  -52.2  -67.7     14   0.02    200     47  342.8  342.9  342.8
  210.0  12067  -53.0  -69.9     11   0.01    210     40  343.8  343.9  343.8
  206.0  12191  -53.7  -71.7      9   0.01    216     43  344.6  344.7  344.6
  200.0  12380  -55.1  -71.1     12   0.01    225     48  345.4  345.4  345.4
  186.0  12839  -59.3  -71.3     20   0.01    230     58  345.8  345.9  345.8
  172.0  13329  -59.9  -75.9     11   0.01    235     68  352.6  352.7  352.6
  160.0  13779  -61.7                         240     78  356.9         356.9
  159.0  13818  -61.5                         240     79  357.9         357.9
  154.0  14016  -60.5                         237     69  362.9         362.9
  150.0  14180  -61.7                         235     60  363.6         363.6
  145.0  14385  -63.2                         220     46  364.6         364.6
  132.0  14951  -67.3                         205     37  367.2         367.2
  125.0  15280  -69.6                         210     30  368.6         368.6
  116.0  15731  -72.9                         245     32  370.6         370.6
  113.0  15886  -70.3                         250     26  378.2         378.2
  105.0  16321  -71.3                         215     21  384.4         384.4
  100.0  16610  -71.9                         220     16  388.6         388.6
   89.9  17231  -74.3                         230      8  395.8         395.8
   87.0  17422  -73.5                         240     15  401.0         401.0
   85.0  17557  -73.0                         220     10  404.8         404.8
   84.0  17626  -72.7                         285      2  406.7         406.7
   81.0  17838  -71.9                         226      5  412.7         412.7
   77.0  18134  -72.7                         145     10  417.0         417.0
   74.0  18366  -73.3                         105     20  420.5         420.5
   72.2  18510  -73.7                          99     14  422.6         422.6
   71.0  18607  -73.3                          95     10  425.6         425.6
   70.0  18690  -72.9                         105      7  428.1         428.1
   68.0  18864  -72.2                         160      3  433.3         433.3
   58.0  19819  -68.1                         120     10  462.6         462.6
   55.0  20138  -66.7                         110     18  472.8         472.8
   50.0  20710  -64.3                         105     17  491.5         491.5
   48.4  20909  -63.9                         121     15  497.1         497.1
   47.0  21090  -63.4                         135     14  502.5         502.5
   44.0  21498  -62.2                          85     24  515.0         515.0
   43.0  21641  -61.8                         105     21  519.4         519.4
   42.0  21786  -61.4                         100     26  524.0         524.0
   40.0  22088  -60.5                          60     19  533.5         533.5
   38.0  22405  -59.5                          85     19  543.7         543.7
   37.9  22422  -59.5                          84     19  544.3         544.3
   36.3  22690  -60.9                          74     21  547.4         547.4
   35.0  22920  -59.8                          65     23  556.0         556.0
   34.0  23102  -58.9                          75     16  563.0         563.0
   32.0  23483  -57.1                          70     26  577.7         577.7
   30.2  23848  -55.3                          74     30  592.2         592.2
   30.0  23890  -55.3                          75     31  593.3         593.3
   29.0  24107  -55.1                          75     34  599.7         599.7
   28.0  24332  -54.8                          90     27  606.4         606.4
   27.0  24565  -54.6                          70     31  613.5         613.5
   26.0  24807  -54.3                          90     24  620.9         620.9
   25.0  25058  -54.0                         115     32  628.7         628.7
   23.0  25593  -53.4                          85     32  645.5         645.5
   21.0  26176  -52.8                         105     31  664.5         664.5
   20.7  26268  -52.7                         102     31  667.5         667.5
   20.0  26490  -51.9                          95     32  676.6         676.6
   18.0  27185  -49.4                         100     44  705.2         705.2
   14.1  28797  -43.5                          85     39  776.0         776.0
   14.0                                        85     39                     
