
-----------------------------------------------------------------------------
   PRES   HGHT   TEMP   DWPT   RELH   MIXR   DRCT   SKNT   THTA   THTE   THTV
    hPa     m      C      C      %    g/kg    deg   knot     K      K      K 
-----------------------------------------------------------------------------
 1021.0      5   21.6   14.6     64  10.33    340      6  293.0  322.7  294.8
 1000.0    183   19.0   14.0     73  10.14    355      4  292.1  321.2  293.9
  978.0    374   17.1   13.3     79   9.92    315     10  292.1  320.5  293.8
  977.0    382   17.0   13.3     79   9.91    316     10  292.1  320.5  293.8
  960.0    532   17.0   10.0     63   8.09    333     15  293.6  317.0  295.0
  958.0    550   16.9    9.9     63   8.04    335     16  293.6  316.9  295.0
  925.0    848   14.8    7.8     63   7.22    335     14  294.4  315.6  295.7
  884.0   1228   11.8    7.2     73   7.26    335     10  295.2  316.4  296.5
  850.0   1556    9.2    6.7     84   7.29    320      2  295.8  317.2  297.1
  846.0   1595    8.9    6.5     85   7.25      0      0  295.9  317.2  297.1
  829.0   1763    7.6    5.9     89   7.07    351      2  296.2  317.0  297.5
  825.0   1803    8.0    5.5     84   6.91    349      2  297.0  317.5  298.3
  820.0   1853    9.6   -3.4     40   3.64    346      2  299.2  310.5  299.9
  809.0   1965   10.4   -9.6     23   2.29    340      3  301.2  308.6  301.7
  748.0   2614    8.0  -19.0     13   1.15    304      9  305.5  309.3  305.7
  742.0   2680    7.7  -16.8     16   1.39    300     10  305.8  310.4  306.0
  718.0   2950    6.2   -7.8     36   2.97    312     15  307.1  316.6  307.6
  713.0   3008    6.2  -17.8     16   1.33    315     16  307.7  312.2  307.9
  711.0   3031    6.2  -21.8     11   0.95    314     16  307.9  311.2  308.1
  700.0   3158    5.6  -22.4     11   0.91    310     18  308.6  311.8  308.8
  676.0   3441    3.3  -14.4     26   1.86    305     19  309.2  315.4  309.6
  665.0   3574    2.3  -10.6     38   2.57    285     16  309.5  317.9  310.0
  654.0   3709    1.2   -6.8     55   3.53    293     20  309.7  321.1  310.4
  652.0   3733    1.0   -8.7     48   3.06    295     21  309.8  319.7  310.4
  648.0   3783    0.6  -12.4     37   2.29    294     21  309.9  317.4  310.3
  645.0   3820    0.6  -22.4     16   0.99    293     22  310.3  313.7  310.5
  638.0   3907   -0.3   -6.3     64   3.76    292     23  310.2  322.3  310.9
  584.0   4609   -5.3   -6.1     94   4.17    279     29  312.3  325.8  313.1
  549.0   5091   -8.9  -10.0     92   3.27    271     34  313.6  324.4  314.3
  546.0   5133   -8.5  -12.9     71   2.61    270     34  314.6  323.3  315.1
  537.0   5262   -8.7  -17.7     48   1.78    272     36  315.9  322.0  316.2
  506.0   5718  -12.7  -17.0     70   2.00    280     43  316.4  323.2  316.8
  500.0   5810  -13.5  -16.9     76   2.05    280     43  316.5  323.5  316.9
  499.0   5825  -13.7  -16.9     77   2.05    280     43  316.4  323.4  316.9
  492.0   5933  -14.3  -23.3     46   1.20    278     39  317.0  321.2  317.2
  487.0   6011  -13.5  -34.5     15   0.42    277     36  318.9  320.5  319.0
  477.0   6169  -13.8  -47.5      4   0.11    275     31  320.4  320.8  320.4
  469.0   6298  -14.1  -58.1      1   0.03    274     32  321.6  321.8  321.6
  423.0   7076  -20.1  -63.1      1   0.02    268     36  323.6  323.6  323.6
  400.0   7490  -22.1  -60.1      2   0.03    265     39  326.2  326.3  326.2
  389.0   7694  -22.7  -54.5      4   0.06    260     45  328.1  328.3  328.1
  377.0   7924  -23.3  -48.3      8   0.13    250     45  330.2  330.7  330.2
  371.0   8039  -24.3  -47.6     10   0.14    245     45  330.4  330.9  330.4
  361.0   8236  -26.0  -46.3     13   0.17    235     50  330.7  331.4  330.7
  328.0   8925  -31.9  -41.9     36   0.30    245     68  331.7  332.9  331.8
  303.0   9481  -35.3  -46.3     32   0.20    254     82  334.6  335.4  334.6
  300.0   9550  -35.9  -45.9     35   0.21    255     84  334.7  335.5  334.7
  284.0   9924  -39.5  -46.5     48   0.21    255     89  334.7  335.6  334.8
  262.0  10475  -44.9  -47.3     77   0.21    249     82  334.7  335.5  334.7
  259.0  10552  -43.5  -58.5     17   0.06    248     81  337.8  338.1  337.8
  250.0  10790  -44.7  -64.7      9   0.03    245     78  339.5  339.6  339.5
  200.0  12270  -50.1  -81.1      1   0.00    240     77  353.3  353.3  353.3
  163.0  13587  -55.5  -87.5      1   0.00    233     66  365.5  365.5  365.5
  150.0  14110  -59.7  -90.7      1   0.00    230     61  367.0  367.0  367.0
  149.0  14152  -59.9  -90.9      1   0.00    229     61  367.4  367.4  367.4
  144.0  14360  -61.4                         225     59  368.4         368.4
  123.0  15323  -68.3                         239     45  372.8         372.8
  122.0  15372  -68.5                         240     44  373.3         373.3
  118.0  15570  -69.4                         235     48  375.2         375.2
  113.0  15827  -70.5                         230     34  377.7         377.7
  109.0  16041  -71.5                         240     28  379.9         379.9
  100.0  16550  -70.3                         230     21  391.6         391.6
   92.8  16993  -72.3                         254     23  396.1         396.1
   91.0  17110  -71.9                         260     24  399.2         399.2
   88.0  17311  -71.2                         205     19  404.4         404.4
   85.0  17518  -70.5                         155     14  409.9         409.9
   78.0  18033  -68.7                         115      2  423.7         423.7
   75.0  18267  -67.9                         165     12  430.2         430.2
   71.0  18595  -66.8                         115     15  439.4         439.4
   70.0  18680  -66.5                         115     15  441.8         441.8
   66.0  19040  -65.0                         130     15  452.5         452.5
   61.0  19521  -63.0                         100     25  467.2         467.2
   59.0  19725  -62.2                          80     20  473.6         473.6
   57.9  19840  -61.7                          78     20  477.2         477.2
   54.0  20273  -61.1                          70     18  488.1         488.1
   53.0  20389  -61.0                          75     16  491.1         491.1
   52.0  20507  -60.8                          90     20  494.2         494.2
   50.0  20750  -60.5                          70     18  500.5         500.5
   48.0  21004  -60.2                          95     22  507.0         507.0
   45.0  21406  -59.8                          75     17  517.5         517.5
   43.2  21660  -59.5                          96     23  524.3         524.3
   42.0  21838  -59.2                         110     27  529.4         529.4
   41.0  21990  -58.9                          90     24  533.7         533.7
   32.0  23553  -55.9                          85     32  580.9         580.9
   31.0  23753  -55.5                         105     34  587.2         587.2
   30.0  23960  -55.1                         105     35  593.8         593.8
   25.0  25129  -54.0                          75     44  628.7         628.7
   23.0  25664  -53.5                          75     28  645.3         645.3
   22.0  25949  -53.3                          80     37  654.3         654.3
   21.0  26247  -53.0                          90     21  663.9         663.9
   20.0  26560  -52.7                          85     28  674.1         674.1
   19.2  26823  -53.1                          85     30  680.8         680.8
   19.0                                        85     31                     
