
-----------------------------------------------------------------------------
   PRES   HGHT   TEMP   DWPT   RELH   MIXR   DRCT   SKNT   THTA   THTE   THTV
    hPa     m      C      C      %    g/kg    deg   knot     K      K      K 
-----------------------------------------------------------------------------
 1016.0      5   26.2   16.2     54  11.53     40      7  298.0  331.7  300.1
 1009.0     66   24.0   15.0     57  10.73     25      7  296.4  327.6  298.3
 1000.0    144   23.4   15.4     61  11.12      5      7  296.6  328.9  298.5
  950.0    589   19.2   14.2     73  10.82    351      9  296.7  328.2  298.6
  945.0    634   19.2   12.2     64   9.53    349      9  297.1  325.0  298.8
  931.0    763   18.1   11.8     67   9.41    345     10  297.2  324.8  298.9
  925.0    818   17.6   11.6     68   9.35    350     10  297.3  324.7  299.0
  913.0    930   16.4   11.4     72   9.35    354     10  297.2  324.6  298.9
  898.0   1070   15.8    9.2     65   8.19      0     10  297.9  322.1  299.4
  894.0   1108   15.6    8.6     63   7.90      7      9  298.1  321.5  299.6
  878.0   1262   17.6    2.6     37   5.28     35      6  301.8  317.9  302.7
  867.0   1369   16.8    4.2     43   5.98     55      4  302.0  320.2  303.1
  850.0   1538   15.6    6.6     55   7.24     85      5  302.5  324.4  303.8
  833.0   1709   14.6    7.6     63   7.92     94      8  303.2  327.1  304.6
  823.0   1812   14.6    6.1     57   7.21    100     10  304.2  326.2  305.5
  820.0   1842   14.6    5.6     55   7.00     99     10  304.5  325.9  305.8
  774.0   2328   10.8    4.6     66   6.94     85     18  305.5  326.8  306.8
  772.0   2349   10.6    4.6     66   6.93     84     18  305.5  326.8  306.8
  741.0   2690    9.6   -6.4     32   3.21     71     16  308.0  318.4  308.6
  738.0   2724    9.4   -7.5     30   2.97     70     16  308.2  317.8  308.8
  715.0   2986    8.2  -15.8     17   1.57     46     13  309.6  314.9  309.9
  711.0   3032    9.0  -29.0      5   0.49     42     12  311.0  312.8  311.1
  700.0   3161    8.4  -37.6      2   0.22     30     11  311.8  312.6  311.8
  695.0   3220    8.3  -36.5      2   0.24     25     10  312.3  313.2  312.4
  687.0   3316    8.2  -34.8      3   0.29     21     10  313.2  314.3  313.3
  627.0   4061    3.7  -35.1      4   0.31    350      6  316.3  317.5  316.4
  616.0   4206    2.8  -35.2      4   0.31    349      6  316.9  318.1  317.0
  528.0   5429   -7.3  -37.3      7   0.30    336     10  319.1  320.2  319.1
  519.0   5562   -8.4  -37.4      8   0.30    335     10  319.4  320.5  319.4
  500.0   5850  -10.7  -37.7      9   0.30    340     13  319.9  321.1  320.0
  491.0   5989  -11.8  -33.5     15   0.46    335     15  320.3  322.1  320.4
  488.0   6036  -12.1  -32.1     17   0.53    330     15  320.4  322.4  320.5
  462.0   6453  -14.2  -47.1      4   0.12    290     13  322.9  323.3  322.9
  454.0   6586  -14.9  -51.9      3   0.07    292     11  323.6  323.9  323.6
  444.0   6755  -14.2  -52.1      2   0.07    295      9  326.6  326.9  326.6
  443.0   6772  -14.1  -52.1      2   0.07    293      9  326.9  327.2  326.9
  433.0   6945  -14.7  -49.1      4   0.10    270      6  328.3  328.7  328.3
  429.0   7015  -14.9  -47.9      4   0.12    262      8  328.9  329.4  328.9
  423.0   7121  -15.9  -47.5      5   0.13    250     10  329.0  329.5  329.0
  408.0   7392  -18.3  -46.3      7   0.15    260     16  329.2  329.8  329.2
  400.0   7540  -19.7  -45.7      8   0.16    260     18  329.3  330.0  329.3
  396.0   7614  -20.5  -44.5     10   0.19    256     19  329.2  330.0  329.2
  389.0   7746  -21.3  -41.4     15   0.26    250     21  329.9  330.9  329.9
  387.0   7784  -21.5  -40.5     16   0.29    250     22  330.1  331.2  330.1
  373.0   8054  -23.7  -48.7      8   0.12    253     25  330.6  331.1  330.7
  366.0   8191  -24.9  -43.5     16   0.22    255     27  330.9  331.8  330.9
  359.0   8331  -26.1  -38.1     31   0.40    258     25  331.1  332.6  331.1
  352.0   8473  -27.1  -42.1     23   0.27    261     23  331.6  332.7  331.6
  334.0   8847  -30.4  -40.5     37   0.34    270     17  332.1  333.5  332.2
  330.0   8933  -31.1  -40.1     41   0.35    263     16  332.3  333.7  332.3
  309.0   9394  -34.8  -50.7     18   0.12    225     13  333.4  333.9  333.5
  306.0   9463  -35.3  -52.3     16   0.10    225     14  333.6  334.0  333.6
  300.0   9600  -36.7  -52.7     17   0.10    225     15  333.5  333.9  333.6
  265.0  10444  -44.3  -54.2     32   0.09    250     20  334.4  334.8  334.4
  250.0  10840  -47.9  -54.9     44   0.09    245     28  334.7  335.1  334.7
  246.0  10946  -48.9  -54.9     49   0.09    244     29  334.8  335.2  334.8
  228.0  11440  -50.5  -68.5     10   0.02    240     36  339.7  339.8  339.7
  226.0  11497  -50.9  -68.9     10   0.02    240     37  340.0  340.1  340.0
  200.0  12280  -55.9  -74.9      8   0.01    240     41  344.1  344.1  344.1
  197.0  12377  -56.5  -75.5      7   0.01    241     41  344.6  344.6  344.6
  173.0  13198  -59.9  -79.9      6   0.00    248     42  352.0  352.1  352.0
  166.0  13457  -60.6                         250     42  355.1         355.1
  161.0  13648  -61.1                         252     37  357.3         357.3
  155.0  13886  -60.7                         253     31  361.9         361.9
  150.0  14090  -62.3                         255     26  362.6         362.6
  146.0  14254  -63.7                         260     24  362.9         362.9
  133.0  14820  -68.7                         260     29  363.9         363.9
  131.0  14912  -69.5                         256     31  364.0         364.0
  128.0  15050  -68.5                         250     33  368.3         368.3
  127.0  15097  -68.1                         249     32  369.8         369.8
  118.0  15532  -70.1                         235     23  374.0         374.0
  103.0  16337  -73.7                         245     15  381.8         381.8
  100.0  16510  -73.9                         255     10  384.7         384.7
   94.0  16875  -72.7                         265     10  393.9         393.9
   88.0  17263  -71.4                         290     10  404.0         404.0
   84.1  17531  -70.5                         319      9  411.1         411.1
   71.0  18527  -74.5                          66      4  423.0         423.0
   70.0  18610  -73.5                          75      4  426.8         426.8
   69.0  18695  -71.8                          70      4  432.3         432.3
   67.5  18825  -69.1                          76      6  440.8         440.8
   65.0  19052  -67.9                          85     10  448.1         448.1
   58.0  19740  -64.3                          70     19  471.1         471.1
   57.2  19824  -63.9                          64     17  473.9         473.9
   54.0  20178  -63.2                          40     11  483.4         483.4
   51.0  20528  -62.5                          85     10  492.9         492.9
   50.0  20650  -62.3                          90     13  496.2         496.2
   47.0  21038  -61.6                          95     18  506.7         506.7
   40.0  22048  -59.9                          85     28  534.8         534.8
   31.0  23645  -57.2                          70     26  582.5         582.5
   30.0  23850  -56.9                          70     27  588.9         588.9
   28.0  24291  -55.8                          75     24  603.7         603.7
   24.8  25067  -53.9                         100     24  630.5         630.5
   23.0  25551  -54.8                         115     24  641.7         641.7
   22.3  25749  -55.1                         114     26  646.4         646.4
   20.0  26450  -52.9                         110     34  673.5         673.5
   19.5  26613  -52.9                                     678.4         678.4
