
-----------------------------------------------------------------------------
   PRES   HGHT   TEMP   DWPT   RELH   MIXR   DRCT   SKNT   THTA   THTE   THTV
    hPa     m      C      C      %    g/kg    deg   knot     K      K      K 
-----------------------------------------------------------------------------
 1018.0      5   24.4   16.4     61  11.65     90      6  296.0  329.9  298.1
 1014.0     39   22.8   11.8     50   8.64     87      6  294.8  319.9  296.3
 1000.0    158   21.8   14.8     64  10.69     75      4  294.9  325.9  296.9
  925.0    828   15.4   12.8     84  10.14     20      4  295.1  324.4  296.9
  916.0    911   15.4    9.4     67   8.14     12      5  295.9  319.7  297.3
  881.0   1240   13.7   10.2     79   8.96    340     10  297.5  323.8  299.1
  854.0   1503   12.4   10.9     91   9.68    344     14  298.7  327.2  300.5
  850.0   1542   12.4   10.5     88   9.46    345     15  299.1  327.1  300.8
  849.0   1552   12.3   10.4     88   9.44    345     16  299.2  327.0  300.9
  828.0   1762   11.2    9.2     87   8.89    345     11  300.1  326.5  301.7
  790.0   2153    9.4   -3.6     40   3.73    345      1  302.2  313.9  302.9
  779.0   2270   10.2  -18.8     11   1.12    337      1  304.3  308.1  304.5
  771.0   2355    9.4   -2.6     43   4.12    331      2  304.3  317.2  305.1
  755.0   2529    8.2   -0.8     53   4.80    319      2  304.9  319.8  305.8
  715.0   2977    5.4   -0.6     65   5.15    287      3  306.6  322.6  307.5
  703.0   3115    5.8  -13.2     24   1.98    277      4  308.5  315.0  308.9
  700.0   3150    5.6  -10.4     31   2.49    275      4  308.6  316.8  309.1
  687.0   3303    4.8  -17.2     19   1.45    271      5  309.4  314.3  309.7
  657.0   3666    1.4   -3.4     70   4.55    262      8  309.6  324.0  310.4
  647.0   3789    0.8   -6.2     59   3.74    258      9  310.2  322.3  310.9
  637.0   3915    0.9  -16.0     27   1.73    255     10  311.8  317.6  312.1
  634.0   3953    1.0  -19.0     21   1.35    255     10  312.3  316.9  312.5
  613.0   4223   -0.7  -13.7     37   2.18    255     11  313.3  320.6  313.8
  603.0   4354   -1.5  -18.2     27   1.52    255     11  313.9  319.1  314.2
  581.0   4650   -3.3  -28.3     12   0.64    239     12  315.1  317.5  315.3
  571.0   4787   -4.3  -15.3     42   2.05    232     13  315.5  322.5  315.9
  568.0   4828   -4.6  -16.1     40   1.92    230     13  315.7  322.2  316.0
  540.0   5225   -7.3  -24.3     24   1.00    238     18  317.0  320.6  317.2
  500.0   5820  -11.9  -20.9     47   1.45    250     25  318.5  323.6  318.8
  481.0   6116  -13.9  -19.9     60   1.65    256     24  319.6  325.3  319.9
  457.0   6502  -16.1  -27.7     36   0.86    265     22  321.4  324.6  321.6
  439.0   6805  -17.9  -33.9     23   0.50    280     31  322.9  324.8  323.0
  436.0   6856  -17.1  -37.1     16   0.37    282     32  324.6  326.0  324.7
  433.0   6908  -17.2  -39.6     12   0.28    285     34  325.1  326.2  325.1
  431.0   6943  -17.3  -41.3     10   0.24    285     32  325.4  326.4  325.4
  413.0   7261  -18.4  -38.4     15   0.34    285     17  328.0  329.4  328.1
  404.0   7426  -18.9  -36.9     19   0.40    271     18  329.4  331.0  329.5
  400.0   7500  -19.5  -35.5     23   0.47    265     18  329.6  331.4  329.6
  371.0   8051  -24.2  -41.7     18   0.27    255     38  330.5  331.6  330.6
  362.0   8231  -25.7  -43.7     17   0.22    260     42  330.8  331.7  330.9
  358.0   8312  -24.7  -40.7     21   0.31    262     43  333.2  334.4  333.3
  343.0   8621  -26.7  -49.3     10   0.12    270     50  334.6  335.1  334.6
  340.0   8685  -27.1  -51.1      8   0.10    270     50  334.9  335.3  334.9
  303.0   9500  -34.6  -51.3     17   0.11    275     44  335.5  335.9  335.5
  300.0   9570  -35.3  -51.3     18   0.11    270     44  335.5  336.0  335.5
  274.0  10194  -41.3  -49.3     42   0.16    276     48  335.6  336.3  335.6
  259.0  10572  -44.4  -54.2     33   0.09    280     51  336.6  336.9  336.6
  250.0  10810  -46.3  -57.3     28   0.07    275     55  337.1  337.4  337.1
  224.0  11526  -52.0  -63.9     23   0.03    270     60  339.1  339.2  339.1
  221.0  11614  -52.7  -64.7     22   0.03    270     63  339.3  339.5  339.3
  200.0  12250  -56.9  -62.9     46   0.04    270     83  342.5  342.7  342.5
  189.0  12607  -59.9  -64.9     52   0.03    266     89  343.2  343.4  343.3
  187.0  12673  -60.4  -65.8     49   0.03    265     90  343.5  343.6  343.5
  181.0  12876  -61.9  -68.4     42   0.02    264     82  344.3  344.4  344.3
  171.0  13230  -59.9  -72.9     17   0.01    262     69  353.2  353.3  353.2
  158.0  13720  -63.7                         260     50  354.9         354.9
  156.0  13799  -64.3                         264     51  355.1         355.1
  150.0  14040  -64.1                         275     56  359.5         359.5
  145.0  14246  -64.7                         280     61  361.9         361.9
  119.0  15444  -68.3                         250     42  376.3         376.3
  109.0  15977  -66.0                         240     35  390.3         390.3
  100.0  16500  -63.7                         275     31  404.4         404.4
   96.0  16748  -65.7                         265     35  405.2         405.2
   92.0  17008  -63.6                         240     30  414.2         414.2
   90.2  17129  -62.7                         240     31  418.5         418.5
   84.0  17563  -65.6                         240     33  421.2         421.2
   83.4  17607  -65.9                         236     32  421.4         421.4
   80.0  17859  -65.6                         215     24  427.2         427.2
   76.0  18171  -65.2                         170     10  434.3         434.3
   74.0  18333  -64.9                         230      1  438.1         438.1
   70.0  18670  -64.5                         225     11  446.1         446.1
   67.0  18938  -64.6                         175     17  451.5         451.5
   65.0  19124  -64.7                         155     17  455.2         455.2
   57.0  19927  -65.0                         115     23  471.9         471.9
   54.0  20258  -65.1                         119     17  479.0         479.0
   53.0  20373  -64.8                         120     15  482.4         482.4
   50.0  20730  -63.7                          95     17  492.9         492.9
   48.0  20984  -62.6                         115     14  501.3         501.3
   45.0  21385  -60.9                          75     15  514.8         514.8
   43.0  21668  -59.7                         105     14  524.5         524.5
   39.3  22227  -57.3                         100     17  544.2         544.2
   39.0  22275  -57.3                         100     17  545.4         545.4
   35.0  22957  -57.5                         110     16  561.9         561.9
   34.0  23140  -57.6                          90     17  566.5         566.5
   32.0  23522  -57.7                         100     21  576.0         576.0
   31.9  23542  -57.7                          99     21  576.5         576.5
   30.0  23930  -56.5                          85     18  590.0         590.0
   28.0  24373  -55.3                          85     23  605.1         605.1
   26.0  24850  -54.0                          55     24  621.6         621.6
   25.0  25102  -53.4                          75     21  630.5         630.5
   23.0  25638  -51.9                          45     22  650.0         650.0
   22.0  25923  -51.2                          55     20  660.5         660.5
   21.4  26101  -50.7                                     667.2         667.2
