
-----------------------------------------------------------------------------
   PRES   HGHT   TEMP   DWPT   RELH   MIXR   DRCT   SKNT   THTA   THTE   THTV
    hPa     m      C      C      %    g/kg    deg   knot     K      K      K 
-----------------------------------------------------------------------------
 1005.0      5   25.6   21.9     80  16.77    215      5  298.3  347.3  301.3
 1000.0     46   24.8   21.2     80  16.13    205      5  297.9  344.9  300.8
  992.0    117   23.8   20.9     84  15.96    197      5  297.6  344.1  300.5
  928.0    698   19.8   19.5     98  15.63    133      4  299.3  345.1  302.1
  925.0    726   20.0   19.3     96  15.48    130      4  299.8  345.2  302.5
  923.0    745   20.0   19.1     95  15.32    130      4  299.9  344.9  302.7
  904.0    925   19.5   16.9     85  13.62    125      4  301.2  341.5  303.6
  901.0    953   19.4   16.6     84  13.37    133      4  301.4  341.0  303.8
  881.0   1147   18.4   15.7     84  12.90    186      4  302.3  340.6  304.6
  871.0   1245   18.8   15.1     79  12.54    213      3  303.7  341.2  306.0
  861.0   1345   18.0   15.5     85  13.03    240      3  303.9  342.9  306.2
  850.0   1455   17.6   14.3     81  12.20    270      3  304.6  341.2  306.8
  829.0   1669   17.2   13.0     76  11.48    284      4  306.3  341.1  308.4
  753.0   2482   13.6    7.8     68   8.87    340      9  310.9  338.5  312.6
  700.0   3099   10.8    3.8     62   7.23    320      6  314.4  337.4  315.8
  685.0   3280   10.2    2.2     58   6.59    317      7  315.7  336.8  316.9
  629.0   3985    5.2   -6.8     42   3.67    307      9  317.8  329.9  318.5
  616.0   4156    3.8   -6.1     48   3.95    305     10  318.1  331.2  318.9
  610.0   4235    3.2   -5.8     52   4.09    300     12  318.3  331.8  319.1
  599.0   4383    3.8  -13.2     28   2.32    290     15  320.6  328.6  321.1
  593.0   4465    3.1  -14.9     25   2.03    285     17  320.8  327.8  321.2
  588.0   4534    2.6  -16.4     23   1.82    286     17  320.9  327.3  321.3
  571.0   4772    2.6  -26.4     10   0.78    288     16  323.6  326.5  323.8
  550.0   5073    0.1  -26.0     12   0.84    290     15  324.2  327.3  324.3
  535.0   5295   -1.7  -25.7     14   0.89    281     18  324.6  327.8  324.7
  514.0   5612   -4.5  -15.5     42   2.24    269     23  324.9  332.7  325.4
  506.0   5736   -5.1  -18.1     35   1.83    264     25  325.6  332.1  326.0
  503.0   5783   -4.5  -32.5      9   0.50    262     25  326.9  328.8  327.0
  500.0   5830   -4.3  -37.3      6   0.31    260     26  327.7  329.0  327.8
  498.0   5862   -4.3  -40.0      4   0.24    260     26  328.1  329.1  328.1
  497.0   5877   -4.3  -41.3      4   0.21    260     26  328.3  329.1  328.3
  471.0   6298   -6.0  -44.0      3   0.16    270     23  331.2  331.9  331.3
  470.0   6315   -6.1  -44.1      3   0.16    269     23  331.3  332.0  331.4
  424.0   7106  -12.7  -40.5      8   0.26    245     27  332.9  333.9  332.9
  412.0   7327  -14.5  -39.5     10   0.30    252     28  333.2  334.4  333.3
  400.0   7550  -15.5  -42.5      8   0.23    260     29  334.8  335.7  334.8
  393.0   7682  -16.2  -43.4      8   0.21    265     29  335.5  336.4  335.5
  363.0   8277  -19.5  -47.5      6   0.14    263     30  338.8  339.4  338.9
  310.0   9427  -29.9  -46.9     18   0.18    260     31  339.9  340.7  340.0
  304.0   9566  -31.0  -49.2     15   0.14    260     31  340.3  340.9  340.4
  300.0   9660  -31.7  -50.7     14   0.12    260     32  340.6  341.1  340.6
  273.0  10315  -37.6  -55.1     14   0.08    250     35  341.4  341.7  341.4
  263.0  10574  -39.9  -56.9     15   0.07    246     39  341.6  341.9  341.6
  260.0  10652  -39.3  -61.3      8   0.04    244     41  343.6  343.8  343.6
  250.0  10920  -40.7  -67.7      4   0.02    240     45  345.4  345.5  345.4
  241.0  11166  -42.3  -69.6      3   0.01    240     52  346.6  346.7  346.6
  220.0  11777  -46.3  -74.3      3   0.01    243     59  349.6  349.7  349.6
  207.0  12175  -49.9  -74.7      4   0.01    245     63  350.2  350.2  350.2
  200.0  12400  -51.9  -74.9      5   0.01    245     63  350.4  350.5  350.4
  172.0  13359  -59.9  -78.9      7   0.00    241     63  352.6  352.6  352.6
  162.0  13727  -62.7                         240     63  354.0         354.0
  150.0  14200  -66.3                         235     59  355.7         355.7
  136.0  14786  -71.5                         234     56  356.6         356.6
  120.0  15519  -74.7                         232     52  363.7         363.7
  114.0  15817  -74.3                         232     50  369.8         369.8
  101.0  16513  -79.1                         230     46  373.6         373.6
  100.0  16570  -78.7                         225     45  375.4         375.4
   93.6  16952  -74.7                         207     30  390.5         390.5
   86.0  17442  -77.2                         185     11  395.0         395.0
   85.1  17503  -77.5                         179     10  395.6         395.6
   83.0  17646  -77.4                         165      6  398.7         398.7
   78.0  18004  -77.0                         135     10  406.5         406.5
   73.7  18331  -76.7                         104      7  413.8         413.8
   70.0  18630  -73.9                          75      5  426.0         426.0
   65.7  19004  -69.1                         120      7  444.2         444.2
   60.0  19554  -67.0                         185     10  460.5         460.5
   59.0  19656  -66.7                         150     15  463.5         463.5
   54.0  20193  -64.7                          65     16  480.1         480.1
   50.0  20660  -62.9                          45     12  494.8         494.8
   49.0  20785  -62.1                          40     10  499.6         499.6
   47.6  20965  -60.9                          56      9  506.6         506.6
   46.0  21178  -60.9                          75      7  511.7         511.7
   45.0  21315  -60.8                         100     10  515.0         515.0
   42.0  21746  -60.7                         100     17  525.5         525.5
   40.7  21942  -60.7                          94     16  530.3         530.3
   40.0  22051  -60.2                          90     15  534.1         534.1
   39.0  22212  -59.6                         105     17  539.7         539.7
   35.0  22897  -56.7                          80     29  564.2         564.2
   33.0  23270  -55.1                          75     27  577.9         577.9
   31.8  23505  -54.1                          79     28  586.7         586.7
   30.0  23880  -53.5                          85     29  598.2         598.2
   24.0  25329  -50.6                          65     20  645.9         645.9
   22.0  25894  -49.5                          72     20  665.5         665.5
   20.0  26520  -48.1                          80     20  688.2         688.2
   17.0  27595  -46.2                         105     23  726.9         726.9
   16.8  27674  -46.1                                     729.8         729.8
