
-----------------------------------------------------------------------------
   PRES   HGHT   TEMP   DWPT   RELH   MIXR   DRCT   SKNT   THTA   THTE   THTV
    hPa     m      C      C      %    g/kg    deg   knot     K      K      K 
-----------------------------------------------------------------------------
 1019.0      5   23.8   19.9     79  14.57    130      8  295.4  337.4  297.9
 1000.0    170   22.2   19.6     85  14.57    145      6  295.4  337.4  297.9
  963.0    497   19.0   18.8     99  14.39    102      3  295.3  336.8  297.9
  961.0    515   18.9   18.6     98  14.27    100      3  295.4  336.5  297.9
  925.0    844   17.4   15.5     89  12.11     40      5  297.1  332.4  299.3
  850.0   1561   13.4   12.7     96  10.97     45      9  300.2  332.6  302.1
  763.0   2465    9.2    5.7     79   7.58     38     10  305.0  328.2  306.4
  723.0   2909    6.7    4.3     84   7.23     35     10  307.0  329.3  308.4
  700.0   3176    5.2    3.4     88   7.03     25     12  308.2  330.0  309.5
  670.0   3532    3.0    1.9     92   6.60     21     11  309.6  330.2  310.9
  659.0   3666    2.2   -0.4     83   5.66     20     10  310.2  328.1  311.3
  653.0   3740    1.8   -1.7     78   5.20     12     10  310.6  327.0  311.5
  648.0   3802    2.6  -18.4     20   1.39      4     10  312.1  316.9  312.4
  645.0   3840    2.6  -23.4     13   0.90      0     10  312.6  315.7  312.7
  604.0   4368    0.8  -36.2      4   0.29    300     10  316.4  317.5  316.4
  601.0   4407    0.6  -36.1      4   0.29    295     10  316.6  317.7  316.7
  545.0   5179   -3.4  -35.0      7   0.36    320     11  320.9  322.2  320.9
  500.0   5860   -6.9  -33.9     10   0.44    305      9  324.6  326.2  324.6
  496.0   5923   -7.3  -31.3     13   0.57    307      8  324.8  327.0  324.9
  473.0   6284  -10.1  -31.4     16   0.59    320      4  325.8  328.0  325.9
  450.0   6663  -13.0  -31.6     19   0.61    285     10  326.8  329.1  326.9
  400.0   7560  -19.9  -31.9     34   0.66    315     22  329.0  331.6  329.2
  398.0   7597  -20.1  -32.1     34   0.65    316     22  329.2  331.7  329.4
  395.0   7653  -20.1  -35.1     25   0.49    317     23  330.0  331.9  330.1
  392.0   7710  -20.3  -29.3     44   0.87    317     23  330.4  333.7  330.6
  384.0   7862  -20.8  -30.6     41   0.79    320     24  331.7  334.7  331.9
  382.0   7901  -20.9  -30.9     40   0.77    319     24  332.1  335.0  332.2
  335.0   8852  -29.9  -39.9     37   0.36    283     20  332.5  333.9  332.5
  328.0   9002  -30.3  -53.3      9   0.08    277     19  333.9  334.3  333.9
  325.0   9067  -30.8  -53.0      9   0.09    275     19  334.2  334.5  334.2
  315.0   9287  -32.4  -52.2     12   0.10    270     27  334.9  335.3  334.9
  300.0   9630  -34.9  -50.9     18   0.12    270     41  336.1  336.6  336.1
  284.0  10010  -36.9  -52.2     19   0.11    270     50  338.6  339.0  338.6
  276.0  10208  -37.9  -52.9     19   0.10    270     51  339.8  340.3  339.9
  250.0  10880  -44.1  -55.1     28   0.09    270     55  340.4  340.8  340.4
  236.0  11266  -46.7  -59.7     21   0.05    267     62  342.1  342.3  342.1
  226.0  11553  -48.7  -56.7     39   0.08    265     68  343.3  343.6  343.3
  210.0  12034  -52.1  -61.1     33   0.05    262     77  345.3  345.5  345.3
  200.0  12350  -52.9  -66.9     17   0.02    260     83  348.8  348.9  348.8
  199.0  12382  -53.3  -67.3     17   0.02    260     83  348.7  348.8  348.7
  172.0  13306  -59.9  -72.9     17   0.01    255     91  352.6  352.7  352.6
  170.0  13379  -60.5                         255     92  352.9         352.9
  162.0  13678  -62.7                         255     85  354.0         354.0
  150.0  14150  -64.1                         255     74  359.5         359.5
  143.0  14441  -65.1                         253     73  362.7         362.7
  132.0  14919  -67.5                         250     71  366.8         366.8
  119.0  15539  -70.6                         255     41  372.1         372.1
  114.0  15795  -71.9                         272     31  374.3         374.3
  113.0  15847  -72.1                         275     29  374.8         374.8
  110.0  16004  -72.8                         285     31  376.4         376.4
  103.0  16388  -74.5                         264     36  380.3         380.3
  100.0  16560  -73.1                         255     38  386.2         386.2
   97.4  16715  -73.5                         245     33  388.4         388.4
   96.0  16800  -73.6                         240     30  389.7         389.7
   90.0  17178  -74.2                         255     20  395.9         395.9
   86.8  17390  -74.5                         253     16  399.4         399.4
   82.0  17728  -72.5                         250     10  410.0         410.0
   79.0  17950  -71.2                         285      2  417.1         417.1
   72.0  18502  -67.9                         320      1  435.3         435.3
   70.0  18670  -66.9                          45      3  440.9         440.9
   67.8  18863  -65.5                          40      5  448.0         448.0
   65.7  19054  -66.7                          36      7  449.4         449.4
   63.0  19310  -66.0                          30     10  456.4         456.4
   60.0  19607  -65.2                           0     11  464.6         464.6
   58.0  19814  -64.6                         345     10  470.4         470.4
   51.0  20599  -62.4                          60      4  493.1         493.1
   50.0  20720  -62.1                          85      7  496.7         496.7
   49.2  20820  -61.3                          85      9  500.9         500.9
   49.0  20845  -61.3                          85     10  501.4         501.4
   48.0  20973  -61.4                          75     13  504.2         504.2
   45.0  21374  -61.6                         105     14  513.0         513.0
   42.0  21801  -61.9                          85     16  522.6         522.6
   41.7  21846  -61.9                          87     16  523.6         523.6
   40.0  22110  -60.5                         100     19  533.5         533.5
   36.0  22780  -56.9                          90     29  559.1         559.1
   34.0  23143  -54.9                          70     21  573.4         573.4
   33.0  23332  -53.9                          80     19  581.0         581.0
   32.0  23528  -52.9                          95     24  589.0         589.0
   30.4  23854  -51.1                          79     30  602.4         602.4
   30.0  23940  -51.3                          75     32  604.2         604.2
   29.0  24160  -51.9                          70     27  608.4         608.4
   28.4  24296  -52.3                          73     23  611.0         611.0
   28.0  24388  -52.2                          75     20  613.8         613.8
   25.0  25125  -51.1                         100     22  637.0         637.0
   23.9  25417  -50.7                         116     23  646.5         646.5
   23.0  25670  -49.8                         130     24  656.1         656.1
   21.0  26269  -47.8                         105     29  679.6         679.6
   20.0  26590  -46.7                         115     27  692.5         692.5
   18.0  27295  -42.7                         109     27  726.2         726.2
   17.0  27679  -43.3                         105     27  736.4         736.4
   16.6  27840  -43.5                                     740.6         740.6
