
-----------------------------------------------------------------------------
   PRES   HGHT   TEMP   DWPT   RELH   MIXR   DRCT   SKNT   THTA   THTE   THTV
    hPa     m      C      C      %    g/kg    deg   knot     K      K      K 
-----------------------------------------------------------------------------
 1023.0      5   16.6    9.6     63   7.38    200      8  287.9  308.8  289.2
 1012.0     97   15.4    9.4     67   7.36    138      8  287.6  308.4  288.9
 1007.0    139   17.2   10.2     63   7.81    110      8  289.8  312.1  291.1
 1000.0    199   17.2    8.2     55   6.86     70      8  290.4  310.1  291.6
  998.0    216   17.4    8.4     55   6.97     67      8  290.7  310.8  291.9
  997.0    225   17.4    8.3     55   6.94     65      8  290.8  310.8  292.0
  985.0    328   17.2    7.2     52   6.51     58      9  291.6  310.5  292.8
  980.0    371   16.8    7.2     53   6.55     55     10  291.6  310.6  292.8
  931.0    805   12.9    7.5     70   7.02     45     12  291.9  312.3  293.2
  925.0    860   12.4    7.5     72   7.08     40     12  292.0  312.5  293.2
  911.0    988   11.0    7.5     79   7.19     32     12  291.8  312.6  293.1
  874.0   1332    8.6    1.8     63   5.02     10     13  292.8  307.6  293.6
  860.0   1467    7.6   -0.4     57   4.34     10     15  293.1  306.0  293.9
  850.0   1563    6.6    0.6     66   4.72     10     16  293.1  307.0  293.9
  825.0   1807    4.4    2.4     87   5.54      8     19  293.2  309.5  294.2
  787.0   2189    1.6    0.4     92   5.03      5     25  294.2  309.1  295.1
  767.0   2397    0.0   -0.7     95   4.76      3     20  294.7  308.9  295.5
  760.0   2470    0.6   -7.4     55   2.90      2     18  296.1  305.0  296.6
  757.0   2502    2.4  -22.6     14   0.83      2     18  298.4  301.1  298.5
  751.0   2566    3.8  -45.2      1   0.09      1     16  300.6  300.9  300.6
  743.0   2653    3.4  -44.5      2   0.10      0     14  301.1  301.4  301.1
  731.0   2784    2.8  -43.5      2   0.11    350     13  301.8  302.2  301.8
  700.0   3134    1.2  -40.8      3   0.16    315     13  303.8  304.4  303.8
  649.0   3739   -1.3  -31.3      8   0.43    309     17  307.6  309.1  307.7
  645.0   3788   -1.7  -22.7     18   0.96    308     18  307.7  311.0  307.9
  621.0   4084   -3.9  -26.5     15   0.71    305     20  308.6  311.1  308.7
  555.0   4960  -10.2  -37.6      9   0.27    290     28  311.1  312.1  311.1
  535.0   5246  -12.3  -41.3      7   0.19    294     33  311.9  312.6  311.9
  500.0   5760  -14.9  -41.9      8   0.19    300     41  314.8  315.6  314.9
  465.0   6307  -17.9  -38.9     14   0.28    300     50  317.7  318.8  317.7
  455.0   6470  -18.5  -44.5      8   0.16    300     52  318.9  319.5  318.9
  405.0   7328  -25.0  -48.3     10   0.12    300     66  321.3  321.8  321.3
  400.0   7420  -25.7  -48.7     10   0.11    295     68  321.5  322.0  321.5
  393.0   7548  -26.5  -49.5     10   0.11    293     70  322.1  322.5  322.1
  370.0   7982  -27.3  -58.3      4   0.04    288     77  326.6  326.8  326.6
  356.0   8258  -28.8  -59.3      4   0.04    285     82  328.2  328.3  328.2
  345.0   8482  -30.1  -60.1      4   0.03    285     86  329.4  329.6  329.4
  316.0   9097  -35.0  -57.5      8   0.05    285     98  331.0  331.2  331.0
  300.0   9460  -37.9  -55.9     13   0.07    285    101  331.8  332.1  331.9
  298.0   9506  -38.3  -55.3     15   0.07    285    101  331.9  332.2  331.9
  272.0  10126  -44.3  -52.3     41   0.11    282    107  332.0  332.4  332.0
  253.0  10610  -45.5  -68.5      6   0.01    280    111  337.1  337.2  337.1
  250.0  10690  -45.7  -68.7      6   0.01    280    112  338.0  338.1  338.0
  235.0  11095  -47.3  -71.7      4   0.01    275    117  341.6  341.6  341.6
  200.0  12150  -51.5  -79.5      2   0.00    275    121  351.1  351.1  351.1
  191.0  12442  -53.1  -80.8      2   0.00    275    125  353.1  353.1  353.1
  158.0  13647  -59.9  -85.9      2   0.00    271     85  361.3  361.3  361.3
  150.0  13970  -60.7                         270     74  365.3         365.3
  145.0  14180  -61.7                         275     64  367.2         367.2
  135.0  14621  -63.7                         280     65  371.2         371.2
  127.0  14997  -62.9                         285     57  379.1         379.1
  125.0  15094  -62.7                         284     56  381.2         381.2
  115.0  15606  -64.3                         280     48  387.4         387.4
  114.0  15660  -64.5                         281     47  388.0         388.0
  107.0  16047  -64.7                         290     43  394.8         394.8
  100.0  16460  -64.9                         275     42  402.1         402.1
   94.0  16835  -66.5                         280     29  406.1         406.1
   92.0  16966  -67.1                         290     25  407.5         407.5
   89.0  17167  -67.9                         305     28  409.7         409.7
   87.0  17305  -68.5                         300     30  411.2         411.2
   85.0  17446  -66.1                         295     33  418.7         418.7
   83.8  17532  -64.7                         287     32  423.3         423.3
   80.0  17815  -65.3                         260     27  427.7         427.7
   75.4  18177  -66.1                         283     23  433.3         433.3
   75.0  18209  -66.0                         285     23  434.2         434.2
   70.0  18630  -64.9                         255     17  445.2         445.2
   69.0  18718  -64.3                         265     16  448.2         448.2
   67.9  18816  -63.7                         281     18  451.7         451.7
   67.0  18898  -63.7                         295     20  453.4         453.4
   64.0  19179  -63.7                         290     20  459.4         459.4
   62.0  19374  -63.7                         255     12  463.6         463.6
   57.7  19814  -63.7                         333     10  473.2         473.2
   56.0  19999  -62.2                           5      9  480.6         480.6
   54.7  20144  -61.1                           2      8  486.4         486.4
   54.0  20223  -61.3                           0      8  487.7         487.7
   51.3  20541  -62.3                         327      5  492.6         492.6
   50.0  20700  -60.5                         310      3  500.5         500.5
   45.5  21288  -59.1                          35      7  517.5         517.5
   44.0  21497  -59.6                          65      9  521.2         521.2
   42.0  21787  -60.4                          70     11  526.4         526.4
   41.6  21847  -60.5                          80     10  527.5         527.5
   41.0  21937  -60.5                          95      8  529.7         529.7
   39.0  22248  -60.5                          95     10  537.3         537.3
   38.0  22409  -60.5                          65     16  541.3         541.3
   36.2  22711  -60.5                          52     21  548.9         548.9
   36.0  22746  -60.4                          50     22  550.1         550.1
   35.0  22922  -59.7                          35     15  556.2         556.2
   31.0  23683  -56.9                          40     11  583.6         583.6
   30.8  23724  -56.7                          54     10  585.1         585.1
   30.0  23890  -57.5                         110      6  587.3         587.3
   29.0  24104  -57.5                         105      8  593.0         593.0
   28.0  24326  -57.5                          85     10  599.0         599.0
   27.0  24556  -57.5                          75     12  605.2         605.2
   26.6  24650  -57.5                          85     11  607.8         607.8
   26.0  24795  -57.2                         100      9  612.5         612.5
   25.0  25044  -56.8                         125     11  620.7         620.7
   24.0  25303  -56.4                          95     14  629.2         629.2
   23.0  25573  -55.9                         102     16  638.3         638.3
   20.9  26181  -57.1                         118     19  652.4         652.4
   20.0  26460  -56.3                         125     21  663.1         663.1
   19.0  26793  -54.9                         115     24  677.2         677.2
   16.0  27908  -50.3                         125     27  726.3         726.3
   14.0  28774  -46.7                                     766.7         766.7
