
-----------------------------------------------------------------------------
   PRES   HGHT   TEMP   DWPT   RELH   MIXR   DRCT   SKNT   THTA   THTE   THTV
    hPa     m      C      C      %    g/kg    deg   knot     K      K      K 
-----------------------------------------------------------------------------
 1016.0      5   18.6   17.2     92  12.30    105      9  290.4  325.2  292.6
 1011.0     47   18.7   17.0     90  12.19    120     27  290.9  325.4  293.0
 1000.0    140   18.8   16.5     86  11.94    115     31  291.9  326.0  294.0
  995.0    183   19.0   16.8     87  12.24    112     32  292.6  327.5  294.7
  944.0    633   16.1   14.4     90  11.05     75     37  294.1  325.9  296.0
  925.0    807   15.0   13.5     91  10.62     75     39  294.6  325.3  296.5
  887.0   1161   12.2   11.9     98   9.96     77     40  295.3  324.2  297.1
  850.0   1518    9.8    9.3     97   8.72     80     40  296.4  321.9  298.0
  839.0   1626    9.4    6.0     79   7.03     81     40  297.1  317.9  298.3
  818.0   1836    7.6    7.0     96   7.74     82     41  297.3  320.2  298.7
  791.0   2113    7.2    3.3     76   6.17     83     41  299.8  318.3  300.9
  756.0   2482    5.3    2.7     84   6.19     85     42  301.6  320.4  302.7
  720.0   2880    3.2    2.1     92   6.21     80     37  303.5  322.5  304.7
  700.0   3110    2.0    1.7     98   6.22     60     34  304.7  323.8  305.8
  695.0   3168    1.8    1.4     97   6.13     57     34  305.1  323.9  306.2
  674.0   3409    0.3   -0.2     96   5.63     45     34  306.1  323.6  307.2
  611.0   4178   -4.3   -5.3     93   4.24     30     37  309.4  322.9  310.2
  563.0   4820   -8.2   -9.5     90   3.31     35     44  312.2  322.9  312.8
  538.0   5176  -10.4  -11.9     89   2.87     40     37  313.6  323.1  314.2
  527.0   5338  -11.4  -13.0     88   2.69     25     31  314.3  323.3  314.8
  500.0   5750  -13.9  -15.7     86   2.26     25     32  316.0  323.7  316.5
  482.0   6027  -15.8  -17.6     86   2.00     30     34  317.0  323.8  317.4
  468.0   6250  -17.3  -19.2     85   1.80     41     30  317.8  324.0  318.2
  456.0   6443  -18.5  -20.9     81   1.59     50     26  318.7  324.2  319.0
  446.0   6608  -19.5  -22.4     78   1.43     65     29  319.4  324.5  319.7
  431.0   6863  -21.1  -24.6     73   1.22     65     31  320.6  324.9  320.8
  427.0   6931  -21.6  -25.2     73   1.16     65     31  320.8  324.9  321.0
  414.0   7158  -23.4  -27.4     70   0.99     45     31  321.4  324.9  321.6
  408.0   7265  -24.2  -28.4     68   0.91     70     31  321.6  324.9  321.8
  405.0   7319  -24.6  -28.9     68   0.88     80     28  321.8  325.0  322.0
  401.0   7392  -25.2  -29.5     67   0.83     70     24  322.0  325.0  322.1
  400.0   7410  -25.3  -29.7     67   0.82     75     25  322.0  325.0  322.2
  386.0   7661  -27.4  -31.9     66   0.69     90     18  322.5  325.1  322.7
  382.0   7735  -28.0  -32.5     65   0.65     75     14  322.7  325.1  322.8
  377.0   7828  -28.8  -33.4     65   0.61     55     18  322.9  325.1  323.0
  370.0   7960  -29.9  -34.5     64   0.56     55     27  323.1  325.2  323.2
  335.0   8661  -35.9  -40.7     61   0.33     45     15  324.3  325.6  324.4
  326.0   8853  -37.5  -42.4     60   0.28     15     20  324.6  325.7  324.7
  312.0   9163  -40.1  -45.1     59   0.22    355     25  325.1  325.9  325.1
  304.0   9340  -41.5  -46.3     60   0.20    355     32  325.5  326.3  325.6
  300.0   9430  -41.9  -46.9     58   0.19    355     36  326.2  326.9  326.2
  293.0   9586  -43.5  -48.8     55   0.15    355     39  326.2  326.8  326.2
  287.0   9723  -44.8  -50.5     53   0.13    350     43  326.2  326.7  326.2
  280.0   9886  -46.4  -52.5     50   0.11    335     41  326.2  326.6  326.2
  264.0  10275  -50.3  -57.3     43   0.06    335     44  326.0  326.3  326.1
  255.0  10501  -49.3  -71.3      6   0.01    338     52  330.8  330.8  330.8
  250.0  10630  -49.7  -72.7      5   0.01    340     56  332.1  332.1  332.1
  235.0  11036  -48.5  -75.5      3   0.01    348     58  339.8  339.8  339.8
  224.0  11350  -49.6  -77.5      2   0.00    355     59  342.8  342.9  342.8
  213.0  11679  -50.7  -79.5      2   0.00    345     64  346.1  346.1  346.1
  206.0  11897  -51.4  -80.9      2   0.00    335     60  348.2  348.2  348.2
  200.0  12090  -52.1  -82.1      2   0.00    340     58  350.1  350.1  350.1
  169.0  13161  -58.8  -87.0      2   0.00    340     53  356.2  356.2  356.2
  167.0  13237  -59.3  -87.3      2   0.00    335     53  356.6  356.6  356.6
  163.0  13389  -58.3  -86.3      2   0.00    325     52  360.8  360.8  360.8
  151.0  13868  -58.9  -87.8      1   0.00    330     58  367.8  367.8  367.8
  150.0  13910  -58.9  -87.9      1   0.00    330     58  368.4  368.4  368.4
  146.0  14079  -59.9  -88.9      1   0.00    324     56  369.5  369.5  369.5
  129.0  14847  -62.6                         295     46  377.9         377.9
  123.0  15142  -63.7                         295     46  381.2         381.2
  120.0  15294  -63.6                         295     46  383.9         383.9
  118.0  15397  -63.6                         280     39  385.9         385.9
  111.0  15773  -63.5                         295     53  392.9         392.9
  106.0  16059  -60.7                         288     46  403.4         403.4
  100.0  16420  -62.9                         280     37  405.9         405.9
   91.0  16997  -64.1                         280     48  414.6         414.6
   85.9  17350  -64.9                         267     40  419.9         419.9
   85.0  17415  -64.6                         265     39  421.9         421.9
   82.0  17635  -63.4                         235     30  428.6         428.6
   77.0  18022  -61.3                         225     18  440.6         440.6
   76.0  18103  -60.9                         195     10  443.2         443.2
   75.5  18143  -60.7                         198      9  444.5         444.5
   71.0  18522  -63.0                         225      3  447.5         447.5
   70.0  18610  -63.5                         310      5  448.2         448.2
   68.0  18788  -63.3                                     452.4         452.4
