
-----------------------------------------------------------------------------
   PRES   HGHT   TEMP   DWPT   RELH   MIXR   DRCT   SKNT   THTA   THTE   THTV
    hPa     m      C      C      %    g/kg    deg   knot     K      K      K 
-----------------------------------------------------------------------------
 1016.0      5   22.6   17.6     73  12.62    175      7  294.4  330.7  296.6
 1000.0    143   21.0   16.0     73  11.56    150     17  294.1  327.4  296.2
  993.0    203   20.6   15.7     74  11.40    145     19  294.3  327.1  296.3
  971.0    396   19.1   14.6     75  10.90    140     20  294.7  326.2  296.7
  925.0    812   16.0   12.4     79   9.87    120     23  295.7  324.4  297.4
  867.0   1360   11.8   11.3     97   9.79    100     18  296.8  325.4  298.6
  850.0   1526   12.6   10.0     84   9.15     70     12  299.3  326.4  301.0
  846.0   1566   12.6    8.4     76   8.24     60     11  299.7  324.2  301.2
  829.0   1737   13.0   11.3     89  10.25     20     15  301.9  332.5  303.8
  821.0   1819   13.2   12.7     97  11.36     16     16  302.9  336.9  305.0
  810.0   1933   13.8   12.3     91  11.22     10     17  304.8  338.5  306.8
  764.0   2421   11.2    9.9     91  10.09    345     23  307.1  337.9  309.0
  721.0   2906    8.7    7.4     92   9.06    340     27  309.5  337.4  311.1
  700.0   3153    7.4    6.2     92   8.57    335     25  310.6  337.3  312.2
  672.0   3489    5.6    5.1     97   8.26    331     22  312.3  338.1  313.8
  626.0   4060    2.5    1.4     93   6.82    325     17  315.1  336.9  316.4
  548.0   5131   -3.3   -5.5     85   4.66    310     18  320.4  335.9  321.4
  523.0   5498   -5.4  -21.7     26   1.29    305     18  322.2  326.8  322.5
  515.0   5620   -6.1  -27.1     17   0.81    312     20  322.8  325.8  323.0
  505.0   5773   -7.5  -10.4     80   3.45    321     22  322.9  334.6  323.6
  500.0   5850   -7.5   -9.2     88   3.83    325     23  323.8  336.8  324.6
  492.0   5975   -8.1  -11.3     78   3.30    330     25  324.6  335.8  325.2
  461.0   6479  -10.7  -19.7     48   1.75    330     28  327.4  333.7  327.8
  459.0   6513  -10.7  -15.5     68   2.51    330     28  327.9  336.6  328.4
  445.0   6751  -12.5  -16.5     72   2.38    330     29  328.5  336.9  329.0
  444.0   6768  -12.6  -17.6     66   2.17    330     29  328.6  336.3  329.0
  441.0   6820  -12.9  -20.9     51   1.65    332     29  328.8  334.8  329.2
  437.0   6889  -12.9  -16.1     77   2.51    334     29  329.7  338.6  330.2
  427.0   7066  -13.5  -18.5     66   2.09    340     30  331.1  338.6  331.5
  418.0   7227  -14.5  -19.9     64   1.90    345     30  331.8  338.7  332.2
  400.0   7560  -16.7  -22.7     60   1.55    335     33  333.2  338.9  333.5
  386.0   7828  -19.1  -25.1     59   1.30    334     32  333.4  338.3  333.7
  375.0   8043  -20.1  -37.1     20   0.42    333     32  334.9  336.6  335.0
  358.0   8387  -22.9  -33.9     36   0.61    331     31  335.6  338.0  335.7
  350.0   8551  -24.2  -37.5     28   0.44    330     30  336.0  337.8  336.1
  328.0   9024  -27.9  -47.9     13   0.15    330     35  337.2  337.9  337.3
  300.0   9660  -33.7  -42.7     40   0.30    330     41  337.8  339.0  337.8
  283.0  10065  -37.5  -45.5     43   0.23    328     48  338.0  338.9  338.0
  278.0  10187  -38.1  -44.1     53   0.28    327     50  338.9  340.0  338.9
  261.0  10617  -40.2  -46.8     49   0.22    325     58  342.0  342.9  342.0
  254.0  10802  -41.0  -48.0     47   0.20    335     63  343.4  344.2  343.4
  252.0  10856  -41.3  -48.3     47   0.19    337     64  343.7  344.6  343.8
  250.0  10910  -41.7  -48.7     46   0.18    340     64  343.9  344.7  344.0
  227.0  11546  -47.3  -54.8     42   0.10    350     62  345.0  345.4  345.0
  200.0  12380  -54.7  -62.7     36   0.04    350     65  346.0  346.2  346.0
  185.0  12873  -59.3  -66.4     39   0.03    345     72  346.4  346.5  346.4
  183.0  12941  -59.9  -66.9     40   0.03    344     72  346.4  346.6  346.4
  155.0  13955  -69.5                         337     69  346.9         346.9
  150.0  14150  -69.9                         335     69  349.5         349.5
  140.0  14556  -71.6                         330     67  353.5         353.5
  128.0  15084  -73.7                         310     64  358.8         358.8
  122.0  15367  -74.9                         310     58  361.6         361.6
  110.0  15972  -73.7                         285     38  374.8         374.8
  100.0  16530  -72.5                         300     21  387.4         387.4
   96.0  16770  -73.3                         295     20  390.3         390.3
   94.4  16868  -73.7                         279     18  391.5         391.5
   92.0  17020  -72.1                         255     16  397.5         397.5
   91.0  17085  -71.5                         250     10  400.0         400.0
   89.0  17216  -70.1                         315      2  405.3         405.3
   85.0  17487  -71.5                          35     10  407.9         407.9
   82.0  17699  -72.5                          45     14  409.9         409.9
   79.0  17919  -73.7                          30     17  412.0         412.0
   77.3  18047  -74.3                          17     15  413.2         413.2
   77.0  18070  -74.2                          15     15  413.9         413.9
   75.0  18224  -73.4                         355     10  418.7         418.7
   70.0  18630  -71.3                          35      5  431.5         431.5
   68.0  18804  -70.5                         115      3  436.9         436.9
   63.0  19261  -68.2                          85     10  451.4         451.4
   57.3  19830  -65.5                          71     18  470.1         470.1
   53.0  20305  -64.8                          60     25  482.2         482.2
   50.0  20660  -64.3                          65     15  491.5         491.5
   48.0  20911  -63.4                          65     14  499.4         499.4
   45.0  21308  -62.0                          55     10  512.2         512.2
   44.0  21447  -61.5                          70      9  516.7         516.7
   43.0  21589  -61.6                          85      8  519.8         519.8
   40.0  22036  -61.9                         130     10  529.9         529.9
   38.1  22337  -62.1                         105     13  536.8         536.8
   37.0  22521  -60.8                          90     14  544.7         544.7
   33.3  23181  -56.1                          79     23  573.7         573.7
   32.0  23433  -57.1                          75     27  577.7         577.7
   31.7  23493  -57.3                                     578.7         578.7
