
-----------------------------------------------------------------------------
   PRES   HGHT   TEMP   DWPT   RELH   MIXR   DRCT   SKNT   THTA   THTE   THTV
    hPa     m      C      C      %    g/kg    deg   knot     K      K      K 
-----------------------------------------------------------------------------
 1016.0      5   26.0   21.8     78  16.48     10     16  297.8  345.8  300.7
 1000.0    144   23.6   20.2     81  15.14      5     17  296.8  340.6  299.4
  994.0    197   23.0   19.9     83  14.95      3     18  296.7  340.0  299.3
  945.0    636   20.0   16.9     82  12.98    347     22  297.9  335.8  300.2
  939.0    691   20.3   14.3     68  11.02    345     23  298.8  331.2  300.8
  931.0    765   20.8   10.8     53   8.81    348     22  300.0  326.2  301.6
  925.0    821   20.4   11.4     56   9.23    350     22  300.2  327.6  301.8
  887.0   1184   21.2    6.2     38   6.74    350     17  304.6  325.3  305.9
  864.0   1411   20.0   11.1     57   9.71     20     14  305.6  335.1  307.4
  850.0   1552   19.2   14.2     73  12.12      0     10  306.2  342.9  308.5
  831.0   1747   18.8   14.6     77  12.73    330     11  307.8  346.6  310.2
  806.0   2007   17.6   12.6     72  11.48    325      9  309.2  344.4  311.3
  748.0   2644   14.6    7.6     63   8.83    288     15  312.6  340.3  314.3
  728.0   2872   12.8    6.8     67   8.57    275     17  313.1  340.0  314.7
  700.0   3201   10.2    5.6     73   8.21    265     18  313.8  339.6  315.3
  638.0   3966    4.3    1.4     81   6.66    245     26  315.5  336.8  316.7
  629.0   4083    3.4    0.7     82   6.44    245     26  315.7  336.4  316.9
  562.0   4989   -2.3   -8.3     63   3.66    245     28  319.3  331.5  320.0
  555.0   5088   -2.9   -8.7     64   3.58    245     28  319.8  331.7  320.5
  514.0   5693   -6.5  -11.4     68   3.13    235     23  322.5  333.1  323.1
  501.0   5894   -7.7  -12.3     70   2.99    249     20  323.4  333.6  324.0
  500.0   5910   -7.5  -12.5     67   2.94    250     20  323.8  333.9  324.4
  486.0   6130   -8.5  -26.5     22   0.91    258     18  325.2  328.6  325.4
  482.0   6194   -8.9  -27.6     20   0.83    260     18  325.6  328.6  325.7
  453.0   6670  -11.7  -35.7     12   0.40    265     20  327.8  329.4  327.9
  450.0   6721  -11.9  -36.5     11   0.37    265     20  328.1  329.6  328.2
  438.0   6927  -12.9  -39.9      8   0.27    249     19  329.5  330.6  329.5
  435.0   6979  -13.3  -40.4      8   0.26    245     19  329.7  330.7  329.7
  407.0   7480  -16.8  -44.7      7   0.18    260     22  331.5  332.2  331.5
  406.0   7499  -16.9  -44.9      7   0.17    259     22  331.5  332.2  331.6
  400.0   7610  -17.7  -41.7     10   0.25    250     21  331.9  332.9  331.9
  374.0   8101  -21.4  -39.3     18   0.34    245     24  333.4  334.8  333.5
  355.0   8481  -24.3  -37.4     29   0.43    260     21  334.5  336.2  334.6
  341.0   8775  -26.6  -36.0     41   0.52    235     17  335.4  337.4  335.4
  320.0   9239  -30.1  -33.7     71   0.70    225     13  336.6  339.3  336.8
  313.0   9400  -31.3  -32.9     86   0.77    205     10  337.0  340.0  337.2
  300.0   9700  -33.5  -36.0     78   0.59    220      8  338.0  340.4  338.2
  286.0  10033  -36.3  -42.3     54   0.32    227     10  338.7  340.0  338.8
  277.0  10254  -37.9  -42.6     61   0.32    232     12  339.5  340.8  339.6
  271.0  10403  -39.3  -44.0     61   0.29    235     13  339.6  340.8  339.7
  250.0  10950  -44.3  -49.2     58   0.17    210     11  340.1  340.8  340.1
  247.0  11031  -44.9  -49.9     57   0.16    206     11  340.4  341.0  340.4
  237.0  11306  -46.1  -55.1     35   0.09    191     10  342.6  343.0  342.6
  236.0  11334  -46.3  -55.4     35   0.09    190     10  342.6  343.0  342.7
  213.0  12006  -52.1  -62.1     29   0.04    203     22  343.9  344.1  343.9
  210.0  12097  -53.0  -62.7     29   0.04    205     24  343.9  344.1  343.9
  200.0  12410  -55.9  -64.9     31   0.03    200     27  344.1  344.2  344.1
  187.0  12834  -59.6  -67.7     34   0.02    200     34  344.8  344.9  344.8
  186.0  12868  -59.9  -67.9     34   0.02    200     36  344.8  344.9  344.8
  167.0  13536  -63.3                         200     71  349.9         349.9
  165.0  13611  -63.7                         200     68  350.5         350.5
  152.0  14110  -67.5                         200     49  352.3         352.3
  151.0  14150  -67.7                         200     47  352.6         352.6
  150.0  14190  -67.9                         200     46  352.9         352.9
  138.0  14684  -70.7                         220     36  356.4         356.4
  126.0  15222  -73.8                         230     48  360.2         360.2
  125.0  15270  -74.1                         228     46  360.6         360.6
  120.0  15509  -71.9                         217     33  368.8         368.8
  115.0  15757  -73.1                         205     20  371.1         371.1
  109.0  16069  -74.6                         250      3  373.9         373.9
  100.0  16570  -77.1                         250     10  378.5         378.5
   95.7  16821  -78.7                         245     15  380.2         380.2
   93.0  16986  -78.2                         235     15  384.2         384.2
   90.0  17174  -77.7                         270     15  388.9         388.9
   86.0  17435  -77.0                         230     16  395.5         395.5
   81.0  17779  -76.0                         275     14  404.3         404.3
   77.0  18070  -75.2                         340     13  411.9         411.9
   76.7  18093  -75.1                         343     13  412.5         412.5
   76.0  18145  -75.3                         350     14  413.1         413.1
   74.0  18300  -75.9                         305     13  415.0         415.0
   72.1  18450  -76.5                         264     13  416.9         416.9
   71.0  18538  -76.4                         240     13  418.9         418.9
   70.0  18620  -76.3                         220     12  420.8         420.8
   68.0  18787  -76.3                         140     14  424.3         424.3
   67.7  18812  -76.3                         133     15  424.9         424.9
   67.0  18873  -75.6                         115     16  427.7         427.7
   65.0  19050  -73.4                         115      9  436.1         436.1
   63.0  19232  -71.2                         120     14  444.9         444.9
   62.0  19325  -70.1                         112     17  449.4         449.4
   58.0  19724  -69.2                          80     27  460.1         460.1
   55.0  20041  -68.4                          45     24  468.9         468.9
   53.0  20262  -67.9                          40     10  475.1         475.1
   52.0  20376  -67.7                          50      6  478.3         478.3
   50.0  20610  -67.1                          80     10  484.9         484.9
   49.0  20732  -66.6                          85     10  488.8         488.8
   48.7  20769  -66.5                          78     11  490.0         490.0
   48.0  20857  -66.3                          60     13  492.6         492.6
   46.0  21117  -65.6                          85     11  500.3         500.3
   45.0  21251  -65.2                          70     13  504.3         504.3
   43.0  21529  -64.5                         100     15  512.7         512.7
   41.0  21819  -63.7                          65     16  521.6         521.6
   38.0  22283  -62.5                         100     14  536.2         536.2
   36.0  22616  -62.6                          80     14  544.4         544.4
   34.0  22968  -62.6                         110     13  553.2         553.2
   33.0  23152  -62.6                          95     14  557.9         557.9
   32.0  23341  -62.7                         135     16  562.7         562.7
   31.6  23419  -62.7                         130     18  564.7         564.7
   30.0  23740  -61.1                         110     26  577.5         577.5
   26.0  24640  -55.7                         105     32  617.0         617.0
   25.2  24837  -54.5                          87     29  625.9         625.9
   24.0  25152  -53.4                          60     24  637.7         637.7
   23.0  25427  -52.5                          45     18  648.3         648.3
   22.0  25714  -51.5                          75     13  659.4         659.4
   21.0  26014  -50.5                          65     17  671.3         671.3
   20.2  26265  -49.7                          33     13  681.3         681.3
   20.0  26330  -49.9                          25     12  682.7         682.7
   19.0  26665  -50.2                          25      7  691.7         691.7
   18.8  26734  -50.3                                     693.6         693.6
