
-----------------------------------------------------------------------------
   PRES   HGHT   TEMP   DWPT   RELH   MIXR   DRCT   SKNT   THTA   THTE   THTV
    hPa     m      C      C      %    g/kg    deg   knot     K      K      K 
-----------------------------------------------------------------------------
 1019.0      5   13.2    3.2     51   4.75    230      7  284.8  298.4  285.6
 1001.0    157   10.4    1.4     54   4.25    183      5  283.5  295.6  284.2
 1000.0    165   10.4    1.4     54   4.25    180      5  283.6  295.7  284.3
  992.0    232   11.2   -2.8     37   3.15    171      5  285.0  294.2  285.6
  979.0    342   11.8    2.8     54   4.80    156      5  286.7  300.5  287.5
  925.0    815    8.4    7.6     95   7.13     90      6  287.9  308.1  289.1
  921.0    851    8.2    7.7     97   7.21     83      6  288.0  308.5  289.3
  880.0   1227    6.8   -1.2     57   4.00      4      7  290.4  302.2  291.1
  866.0   1359    7.8  -18.2     14   1.06    337      7  292.7  296.1  292.9
  850.0   1513    6.8  -23.2     10   0.70    305      7  293.3  295.6  293.4
  819.0   1816    4.7  -26.1      9   0.56    255      3  294.2  296.1  294.3
  809.0   1916    4.0  -27.0      8   0.52    246      6  294.4  296.2  294.6
  794.0   2068    4.4  -36.6      3   0.21    233     10  296.5  297.2  296.5
  779.0   2222    3.9  -38.9      3   0.17    220     15  297.5  298.1  297.5
  726.0   2792    1.8  -47.2      1   0.08    257     40  301.3  301.6  301.3
  715.0   2915    1.1  -47.9      1   0.07    265     45  301.9  302.1  301.9
  700.0   3085    0.2  -48.8      1   0.06    270     43  302.7  302.9  302.7
  669.0   3444   -2.0  -47.4      2   0.08    270     33  304.1  304.4  304.1
  641.0   3783   -4.1  -46.1      2   0.10    270     37  305.5  305.9  305.5
  597.0   4342   -5.1  -49.1      2   0.07    270     43  310.6  310.9  310.6
  500.0   5710  -13.3  -50.3      3   0.08    270     59  316.8  317.1  316.8
  429.0   6858  -20.3  -50.8      5   0.08    265     73  322.0  322.4  322.1
  414.0   7125  -21.9  -50.9      5   0.09    265     84  323.2  323.6  323.3
  404.0   7306  -20.1  -56.1      2   0.05    265     91  327.9  328.1  327.9
  400.0   7380  -20.1  -57.1      2   0.04    265     94  328.8  329.0  328.8
  385.0   7664  -20.3  -52.3      4   0.08    265    108  332.1  332.5  332.1
  384.0   7683  -20.4  -52.2      4   0.08    265    109  332.2  332.6  332.2
  334.0   8704  -26.5  -44.5     17   0.22    283    123  337.4  338.3  337.4
  330.0   8791  -27.3  -44.8     17   0.22    285    124  337.5  338.4  337.5
  306.0   9330  -32.3  -46.3     24   0.20    285    123  337.8  338.6  337.9
  300.0   9470  -33.3  -48.3     21   0.16    285    123  338.3  339.0  338.4
  290.0   9706  -34.5  -60.5      5   0.04    282    124  339.9  340.1  339.9
  261.0  10429  -40.5  -60.5     10   0.04    274    129  341.5  341.7  341.5
  250.0  10720  -41.9  -60.9     11   0.04    270    131  343.6  343.8  343.6
  236.0  11107  -43.9  -65.5      7   0.02    270    135  346.3  346.4  346.3
  224.0  11457  -45.7  -69.7      5   0.01    273    132  348.8  348.8  348.8
  200.0  12200  -52.7  -71.7      8   0.01    280    126  349.1  349.2  349.2
  175.0  13050  -59.9  -74.9     12   0.01    280    127  350.9  350.9  350.9
  162.0  13529  -64.1                         280    128  351.6         351.6
  158.0  13682  -64.4                         280    128  353.7         353.7
  150.0  14000  -64.9                         280    124  358.1         358.1
  125.0  15096  -70.3                         280    109  367.5         367.5
  124.0  15144  -70.5                         280    108  367.9         367.9
  116.0  15545  -65.5                         275     94  384.3         384.3
  109.0  15920  -66.8                         270     80  388.8         388.8
  100.0  16440  -68.5                         290     73  395.1         395.1
   90.0  17078  -67.9                         275     49  408.3         408.3
   81.0  17716  -67.4                         290     40  421.9         421.9
   75.0  18182  -67.0                         255     36  432.2         432.2
   72.0  18429  -66.8                         255     26  437.7         437.7
   71.2  18496  -66.7                         267     24  439.2         439.2
   71.0  18513  -66.5                         270     23  440.1         440.1
   70.0  18600  -65.3                         275     23  444.4         444.4
   68.5  18733  -63.5                         282     26  451.0         451.0
   67.0  18868  -64.1                         290     29  452.5         452.5
   64.1  19139  -65.3                         267     28  455.7         455.7
   62.0  19345  -64.2                         250     27  462.5         462.5
   57.0  19865  -61.4                         255     33  480.0         480.0
   55.0  20087  -60.2                         245     22  487.6         487.6
   53.0  20316  -59.0                         260     14  495.6         495.6
   52.8  20339  -58.9                         264     13  496.5         496.5
   52.0  20435  -59.4                         280     10  497.4         497.4
   51.0  20556  -60.0                         315      6  498.7         498.7
   50.0  20680  -60.7                         350      8  500.0         500.0
   48.3  20895  -62.5                         358     16  500.7         500.7
   48.0  20933  -62.5                           0     17  501.6         501.6
   45.0  21332  -62.7                         295     15  510.5         510.5
   44.4  21415  -62.7                         294     16  512.4         512.4
   42.0  21763  -61.9                         290     19  522.6         522.6
   40.0  22069  -61.2                         265     16  531.6         531.6
   38.0  22390  -60.5                         255     13  541.4         541.4
   37.0  22557  -60.1                         265      8  546.5         546.5
   36.0  22728  -59.7                         295      6  551.8         551.8
   35.0  22905  -59.3                         325     10  557.3         557.3
   30.0  23870  -57.1                         260     17  588.4         588.4
   28.0  24307  -55.8                         305     21  603.8         603.8
   27.0  24537  -55.0                         300     24  612.1         612.1
   26.8  24584  -54.9                         298     23  613.8         613.8
   26.0  24776  -55.2                         290     17  618.2         618.2
   25.0  25025  -55.7                         275     10  623.9         623.9
   24.0  25283  -56.2                         220      4  629.9         629.9
   22.1  25805  -57.1                         348     10  642.1         642.1
   22.0  25834  -56.9                         355     10  643.5         643.5
   21.0  26130  -55.1                         305     20  657.7         657.7
   20.3  26345  -53.7                         277     19  668.2         668.2
   20.0  26440  -54.1                         265     18  669.8         669.8
   19.0  26768  -55.5                         265     10  675.4         675.4
   18.0  27116  -52.9                         260      3  694.0         694.0
   17.4  27334  -51.3                         177      8  705.9         705.9
   17.0  27484  -51.9                         120     11  708.6         708.6
   16.9  27523  -52.1                         117     12  709.3         709.3
   16.0  27883  -48.9                          90     17  730.9         730.9
   15.0  28307  -45.1                         120      7  757.1         757.1
   14.9  28351  -44.7                                     759.9         759.9
