
-----------------------------------------------------------------------------
   PRES   HGHT   TEMP   DWPT   RELH   MIXR   DRCT   SKNT   THTA   THTE   THTV
    hPa     m      C      C      %    g/kg    deg   knot     K      K      K 
-----------------------------------------------------------------------------
 1015.0      5   25.4   18.4     65  13.30    145      7  297.3  336.0  299.6
 1000.0    132   24.0   17.0     65  12.34    150     15  297.1  333.1  299.4
  925.0    809   17.8   16.0     89  12.51    135     22  297.5  334.0  299.7
  907.0    977   17.3   15.6     90  12.45    130     23  298.6  335.1  300.9
  852.0   1511   15.6   14.4     93  12.25    106     13  302.3  338.7  304.5
  850.0   1531   15.6   14.3     92  12.20    105     13  302.5  338.8  304.7
  838.0   1652   16.2   12.9     81  11.31    100     10  304.4  338.4  306.4
  835.0   1683   16.4   12.6     78  11.10    104      9  304.9  338.3  306.9
  808.0   1962   14.3   12.9     92  11.72    140      2  305.5  340.9  307.6
  802.0   2025   13.8   13.0     95  11.87    163      4  305.6  341.4  307.8
  787.0   2185   14.3   11.3     83  10.83    220     10  307.8  340.8  309.8
  783.0   2228   14.4   10.9     79  10.56    220     11  308.4  340.7  310.3
  768.0   2391   13.2   10.3     83  10.37    220     17  308.8  340.6  310.8
  718.0   2956    9.2    8.4     95   9.73    227     16  310.4  340.4  312.2
  700.0   3167    9.2    6.7     84   8.87    230     16  312.6  340.4  314.3
  658.0   3680    8.2    1.3     62   6.44    235     18  317.1  337.9  318.4
  648.0   3807    8.0    0.0     57   5.94    236     18  318.2  337.6  319.4
  611.0   4290    4.8   -5.2     48   4.27    241     20  320.0  334.1  320.8
  585.0   4644    3.2  -16.8     21   1.76    244     20  322.1  328.3  322.4
  551.0   5127    0.0  -19.0     22   1.55    249     22  323.9  329.4  324.2
  541.0   5273   -0.6  -21.2     19   1.31    250     22  324.8  329.6  325.1
  508.0   5774   -2.7  -28.7     12   0.71    269     25  328.2  330.9  328.3
  506.0   5806   -2.9  -28.4     12   0.73    270     25  328.3  331.1  328.5
  500.0   5900   -3.5  -27.5     14   0.80    265     24  328.7  331.7  328.9
  487.0   6108   -4.3  -23.3     21   1.21    263     24  330.2  334.7  330.4
  481.0   6206   -5.3  -21.3     27   1.46    263     25  330.1  335.5  330.4
  477.0   6271   -5.7  -15.7     45   2.37    262     25  330.4  338.9  330.9
  467.0   6437   -7.1  -20.1     35   1.67    261     25  330.7  336.8  331.0
  458.0   6589   -8.1  -15.1     57   2.60    260     26  331.3  340.5  331.8
  447.0   6778   -9.5  -15.5     62   2.57    259     26  331.9  341.0  332.4
  439.0   6917  -10.1  -20.1     44   1.78    258     26  332.8  339.3  333.2
  425.0   7167  -11.5  -19.5     52   1.93    256     27  334.1  341.1  334.5
  420.0   7258  -11.9  -23.8     37   1.34    255     27  334.7  339.7  334.9
  416.0   7331  -12.3  -27.3     27   0.99    257     26  335.1  338.9  335.3
  401.0   7611  -14.1  -41.1      8   0.26    264     23  336.3  337.4  336.4
  400.0   7630  -14.1  -40.1      9   0.29    265     23  336.6  337.8  336.6
  379.0   8036  -17.9  -33.9     23   0.58    275     22  336.8  339.1  336.9
  365.0   8316  -18.1  -43.1      9   0.23    282     22  340.2  341.1  340.2
  339.0   8863  -22.4  -44.6     11   0.21    295     21  341.6  342.5  341.7
  337.0   8906  -22.7  -44.7     12   0.21    294     21  341.7  342.6  341.8
  314.0   9421  -25.3  -55.3      4   0.07    286     19  345.1  345.4  345.1
  300.0   9750  -28.3  -55.3      6   0.07    280     18  345.4  345.7  345.4
  290.0   9991  -30.5  -55.7      7   0.07    275     16  345.6  345.9  345.6
  273.0  10419  -34.5  -56.5      9   0.07    283     16  345.8  346.1  345.8
  250.0  11030  -38.9  -61.9      7   0.04    295     15  348.1  348.3  348.1
  239.0  11335  -41.5  -63.7      7   0.03    300     11  348.7  348.8  348.7
  223.0  11804  -45.5  -66.5      8   0.02    350     12  349.5  349.6  349.5
  209.0  12230  -49.3  -67.3     10   0.02      5     12  350.1  350.2  350.1
  200.0  12520  -51.9  -67.9     13   0.02     10     11  350.4  350.5  350.4
  190.0  12845  -54.9  -69.7     14   0.02     15     10  350.9  350.9  350.9
  174.0  13402  -59.9  -72.9     17   0.01     28      9  351.5  351.5  351.5
  153.0  14190  -66.1                          47      7  354.0         354.0
  150.0  14310  -65.9                          50      7  356.4         356.4
  142.0  14643  -66.3                         120      9  361.3         361.3
  136.0  14903  -68.0                         175     10  362.8         362.8
  129.0  15221  -70.1                         162     10  364.5         364.5
  120.0  15644  -73.3                         145      9  366.3         366.3
  111.0  16101  -76.7                         119      8  368.1         368.1
  100.0  16700  -78.7                          85      7  375.4         375.4
   91.0  17234  -81.3                          85      6  380.5         380.5
   85.6  17579  -81.1                          67      5  387.6         387.6
   85.0  17619  -80.7                          65      5  389.1         389.1
   79.2  18021  -77.1                         113      9  404.6         404.6
   79.0  18035  -77.1                         115      9  404.9         404.9
   74.0  18411  -77.3                          90     15  412.1         412.1
   70.0  18730  -77.5                         105     19  418.3         418.3
   66.3  19042  -76.3                         112     20  427.4         427.4
   62.0  19433  -74.5                         120     22  439.8         439.8
   58.0  19823  -72.6                         100     27  452.4         452.4
   54.5  20186  -70.9                          98     27  464.4         464.4
   50.0  20700  -67.7                          95     28  483.5         483.5
   48.0  20948  -66.0                          95     31  493.2         493.2
   44.9  21354  -63.3                          80     33  509.3         509.3
   44.0  21478  -63.2                          75     33  512.6         512.6
   39.8  22096  -62.5                          79     37  529.2         529.2
   39.0  22222  -61.1                          80     38  535.9         535.9
   37.2  22517  -57.7                          65     30  551.8         551.8
   36.0  22726  -56.9                          55     25  559.0         559.0
   32.0  23478  -54.1                          85     23  585.8         585.8
   30.0  23890  -52.5                          75     27  600.9         600.9
   29.5  23999  -51.7                          77     24  606.0         606.0
   29.0  24109  -52.0                          80     21  608.3         608.3
   26.0  24814  -53.5                          80     26  623.1         623.1
   25.7  24889  -53.7                                     624.7         624.7
