
-----------------------------------------------------------------------------
   PRES   HGHT   TEMP   DWPT   RELH   MIXR   DRCT   SKNT   THTA   THTE   THTV
    hPa     m      C      C      %    g/kg    deg   knot     K      K      K 
-----------------------------------------------------------------------------
 1004.0      5   26.6   15.6     51  11.22      5      8  299.4  332.5  301.4
 1001.0     31   25.0   14.0     50  10.13      1      8  298.1  327.8  299.9
 1000.0     40   25.0   14.0     50  10.14      0      8  298.1  328.0  300.0
  936.0    615   20.2   12.6     62   9.91    310     14  299.0  328.2  300.8
  925.0    718   19.4   12.4     64   9.87    310     17  299.1  328.3  300.9
  909.0    868   18.4   12.4     68  10.05    306     23  299.6  329.3  301.4
  888.0   1069   18.6   10.6     60   9.11    299     30  301.8  329.1  303.5
  861.0   1335   19.4   10.4     56   9.28    292     40  305.3  333.5  307.0
  856.0   1385   19.3   10.3     56   9.27    290     42  305.7  333.9  307.4
  850.0   1446   19.2   10.2     56   9.27    285     42  306.2  334.5  307.9
  817.0   1784   17.1    9.4     60   9.16    275     37  307.6  335.6  309.2
  775.0   2234   14.4    8.4     67   9.00    287     33  309.3  337.1  310.9
  703.0   3050    7.8    4.9     82   7.78    309     24  310.7  335.0  312.2
  700.0   3085    7.6    4.6     81   7.65    310     24  310.9  334.8  312.3
  677.0   3359    5.7    1.8     76   6.46    315     22  311.8  332.1  313.0
  654.0   3642    3.8   -1.2     70   5.39    320     24  312.7  329.9  313.7
  648.0   3716    4.2   -9.8     35   2.82    317     25  313.9  323.3  314.5
  641.0   3805    4.2  -20.8     14   1.14    314     27  314.9  318.9  315.1
  604.0   4285    1.0   -3.9     70   4.76    295     34  316.6  332.1  317.5
  602.0   4312    0.8   -3.0     76   5.12    295     34  316.7  333.3  317.7
  587.0   4514   -0.3   -7.3     59   3.78    299     36  317.7  330.2  318.4
  582.0   4583    0.2  -14.8     31   2.09    300     37  319.1  326.3  319.5
  569.0   4763   -0.7   -9.7     51   3.24    303     38  320.1  331.0  320.7
  567.0   4791   -0.7   -8.7     55   3.51    304     38  320.4  332.2  321.1
  562.0   4862    0.4  -12.6     37   2.60    305     39  322.5  331.4  323.0
  551.0   5020   -0.7   -8.7     55   3.62    301     39  323.0  335.3  323.7
  526.0   5389   -2.6  -10.7     54   3.25    290     40  325.0  336.1  325.6
  513.0   5588   -3.7  -11.7     54   3.06    292     39  326.1  336.6  326.7
  500.0   5790   -4.5  -14.5     46   2.50    295     38  327.5  336.3  328.0
  480.0   6111   -6.3  -22.3     27   1.34    295     33  329.1  334.0  329.4
  470.0   6273   -7.6  -22.6     29   1.33    295     31  329.5  334.4  329.8
  439.0   6798  -11.7  -23.5     37   1.32    305     38  330.9  335.7  331.1
  413.0   7268  -15.3  -24.3     46   1.30    295     41  332.0  336.8  332.2
  408.0   7360  -14.1  -35.1     15   0.48    293     42  334.7  336.6  334.8
  400.0   7510  -15.1  -37.1     13   0.40    290     43  335.3  336.9  335.4
  355.0   8401  -23.3  -40.3     20   0.32    288     46  335.9  337.2  335.9
  320.0   9152  -30.5  -38.5     45   0.43    286     49  336.0  337.7  336.1
  303.0   9539  -32.7  -38.2     58   0.47    285     51  338.2  340.1  338.3
  300.0   9610  -33.1  -38.1     61   0.48    285     51  338.6  340.5  338.7
  293.0   9774  -34.7  -38.3     70   0.48    283     50  338.6  340.6  338.7
  285.0   9966  -35.7  -41.8     54   0.34    280     49  339.9  341.3  339.9
  279.0  10113  -36.5  -44.5     43   0.26    278     52  340.8  341.9  340.9
  255.0  10727  -41.1  -52.1     29   0.12    272     67  342.9  343.4  342.9
  250.0  10860  -42.3  -52.3     33   0.12    270     70  343.0  343.6  343.1
  240.0  11136  -44.9  -53.9     36   0.10    268     73  343.2  343.6  343.2
  226.0  11536  -47.0  -64.2     12   0.03    265     77  345.9  346.0  345.9
  218.0  11776  -48.3  -70.3      6   0.01    265     75  347.5  347.5  347.5
  200.0  12340  -52.7  -72.7      7   0.01    265     71  349.1  349.2  349.2
  196.0  12470  -53.7  -73.7      7   0.01    266     71  349.6  349.6  349.6
  163.0  13636  -59.9  -83.9      3   0.00    276     69  358.1  358.1  358.1
  150.0  14150  -63.7                         280     68  360.1         360.1
  129.0  15039  -69.6                         275     66  365.5         365.5
  115.0  15716  -74.0                         295     50  369.4         369.4
  107.0  16141  -76.9                         295     45  371.7         371.7
  100.0  16540  -79.5                         300     46  373.9         373.9
   99.8  16551  -79.3                         299     46  374.5         374.5
   93.0  16953  -77.9                         275     37  384.9         384.9
   90.0  17140  -77.2                         300     26  389.8         389.8
   89.3  17185  -77.1                         303     27  390.9         390.9
   87.0  17333  -78.2                         315     29  391.6         391.6
   83.2  17587  -80.1                         307     33  392.8         392.8
   82.0  17669  -80.0                         305     34  394.8         394.8
   79.9  17816  -79.7                         300     28  398.2         398.2
   78.7  17902  -75.5                         297     24  408.6         408.6
   76.6  18058  -76.1                         292     18  410.6         410.6
   74.5  18220  -71.3                         286     12  423.9         423.9
   74.0  18260  -71.1                         285     10  425.2         425.2
   73.0  18341  -70.6                         275      5  427.9         427.9
   71.0  18506  -69.6                         315      9  433.4         433.4
   70.0  18590  -69.1                         320     12  436.2         436.2
   69.0  18676  -68.6                         330     10  439.1         439.1
   67.3  18826  -67.7                          21     10  444.2         444.2
   67.0  18853  -67.8                          30     10  444.6         444.6
   65.0  19035  -68.4                          40     19  447.2         447.2
   64.0  19128  -68.7                          30     25  448.5         448.5
   62.5  19270  -69.1                          23     25  450.6         450.6
   61.0  19417  -68.6                          15     24  454.9         454.9
   52.0  20383  -65.1                          35     16  484.1         484.1
   50.0  20620  -64.3                          30     12  491.5         491.5
   48.0  20871  -63.0                          45      6  500.3         500.3
   47.5  20935  -62.7                          45      7  502.6         502.6
   45.0  21270  -62.3                          45     10  511.4         511.4
   44.0  21410  -62.2                          35     18  515.0         515.0
   42.0  21698  -61.9                          55     14  522.7         522.7
   38.0  22319  -61.2                          45     13  539.6         539.6
   37.0  22485  -61.0                          75     13  544.2         544.2
   35.0  22829  -60.6                          45     12  554.0         554.0
   34.0  23009  -60.4                          75     11  559.1         559.1
   32.0  23385  -60.0                         100     14  570.0         570.0
   31.7  23444  -59.9                          99     15  571.7         571.7
   30.0  23790  -57.1                          90     18  588.4         588.4
   28.0  24228  -55.0                         100     18  606.1         606.1
   27.6  24320  -54.5                          97     20  609.8         609.8
   26.0  24704  -54.1                          85     29  621.6         621.6
   24.0  25218  -53.5                          60     17  637.7         637.7
   21.0  26076  -52.5                          50     10  665.5         665.5
   20.0  26390  -52.1                          65      6  675.9         675.9
   19.2  26655  -51.3                          81      8  686.4         686.4
   18.0  27076  -50.4                         105     10  702.1         702.1
   16.3  27724  -48.9                                     727.0         727.0
