
-----------------------------------------------------------------------------
   PRES   HGHT   TEMP   DWPT   RELH   MIXR   DRCT   SKNT   THTA   THTE   THTV
    hPa     m      C      C      %    g/kg    deg   knot     K      K      K 
-----------------------------------------------------------------------------
 1016.0      5   26.6   18.6     61  13.45     30      8  298.4  337.7  300.8
 1000.0    142   24.6   15.6     57  11.26    350      6  297.8  330.7  299.8
  925.0    820   18.6   13.6     73  10.69    345      5  298.3  329.7  300.2
  898.0   1074   16.4   13.8     85  11.16    350      4  298.6  331.3  300.6
  850.0   1540   14.0    9.6     75   8.90      0      1  300.8  327.3  302.4
  849.0   1550   14.0    9.5     75   8.86      0      0  300.9  327.3  302.5
  821.0   1831   12.7    7.2     69   7.79    190     10  302.4  325.9  303.8
  786.0   2195   11.1    4.1     62   6.56    185     10  304.4  324.5  305.7
  740.0   2700    8.8   -0.2     53   5.12    278      5  307.3  323.3  308.2
  702.0   3135    5.4   -0.8     65   5.18      0      0  308.2  324.4  309.1
  700.0   3158    5.2   -0.8     65   5.18      0      0  308.2  324.5  309.2
  680.0   3394    3.2   -0.7     76   5.38    306      3  308.5  325.4  309.5
  675.0   3454    3.4   -8.6     41   2.97    293      4  309.4  319.1  310.0
  664.0   3588    2.2   -1.9     74   5.04    262      6  309.5  325.4  310.5
  653.0   3723    1.2   -3.0     74   4.72    231      8  309.9  324.9  310.8
  642.0   3860    2.1  -22.3     14   1.00    200     10  312.4  316.0  312.6
  639.0   3897    2.4  -27.6      9   0.62    201     11  313.2  315.4  313.3
  582.0   4640   -3.0  -36.1      6   0.30    215     21  315.3  316.4  315.4
  550.0   5090   -6.3  -41.3      4   0.19    229     18  316.6  317.3  316.6
  536.0   5290   -7.4  -41.0      5   0.20    235     16  317.6  318.4  317.6
  502.0   5799  -10.1  -40.1      7   0.23    273     17  320.3  321.2  320.3
  500.0   5830  -10.1  -33.1     13   0.47    275     17  320.7  322.4  320.8
  496.0   5892  -10.7  -26.7     26   0.87    271     18  320.7  323.8  320.8
  476.0   6208  -12.5  -55.5      1   0.04    250     26  322.2  322.4  322.2
  440.0   6807  -14.7  -45.7      5   0.15    263     30  326.8  327.4  326.8
  434.0   6910  -15.7  -45.4      6   0.15    265     31  326.8  327.4  326.8
  400.0   7520  -21.7  -43.7     12   0.20    250     29  326.7  327.5  326.7
  397.0   7575  -22.2  -43.3     13   0.21    250     29  326.7  327.5  326.7
  385.0   7799  -24.5  -41.5     19   0.26    258     31  326.6  327.6  326.7
  368.0   8122  -26.9  -39.7     29   0.33    270     34  327.6  328.9  327.7
  354.0   8399  -29.0  -38.1     41   0.41    265     39  328.4  330.0  328.5
  337.0   8751  -31.7  -36.1     65   0.52    278     39  329.4  331.5  329.6
  329.0   8919  -33.0  -37.4     65   0.47    285     39  329.9  331.7  330.0
  318.0   9157  -34.9  -39.2     65   0.40    279     43  330.5  332.1  330.6
  300.0   9560  -37.9  -58.9      9   0.05    270     51  331.8  332.0  331.9
  297.0   9629  -38.3  -62.3      6   0.03    266     52  332.2  332.4  332.2
  296.0   9652  -38.5  -62.4      6   0.03    265     53  332.3  332.4  332.3
  255.0  10659  -46.9  -64.9     11   0.02    265     58  334.3  334.4  334.3
  250.0  10790  -47.5  -65.5     11   0.02    265     59  335.3  335.4  335.3
  228.0  11393  -51.1  -70.1      9   0.01    263     63  338.8  338.8  338.8
  200.0  12230  -58.7  -70.7     20   0.01    260     68  339.6  339.7  339.6
  196.0  12357  -59.9  -70.9     22   0.01    260     69  339.7  339.8  339.7
  188.0  12615  -62.1                         260     72  340.2         340.2
  181.0  12851  -61.0                         255     81  345.6         345.6
  180.0  12885  -60.9                         255     80  346.4         346.4
  169.0  13274  -62.5                         255     64  350.1         350.1
  160.0  13612  -63.9                         255     69  353.2         353.2
  154.0  13848  -62.3                         255     73  359.8         359.8
  151.0  13969  -61.5                         251     68  363.2         363.2
  150.0  14010  -61.9                         250     66  363.2         363.2
  145.0  14215  -62.8                         250     59  365.3         365.3
  138.0  14515  -64.0                         255     66  368.2         368.2
  119.0  15412  -67.9                         260     54  377.1         377.1
  108.0  15999  -70.4                         260     69  383.0         383.0
  105.0  16170  -71.1                         255     63  384.7         384.7
  100.0  16460  -69.5                         250     48  393.2         393.2
   95.0  16764  -70.5                         255     29  397.1         397.1
   93.0  16890  -70.8                         270     25  398.8         398.8
   90.0  17085  -71.5                         285     29  401.3         401.3
   87.0  17286  -72.1                         280     32  403.9         403.9
   85.1  17416  -72.5                         284     31  405.7         405.7
   82.0  17637  -71.5                         290     29  411.9         411.9
   78.0  17935  -70.3                         255     24  420.5         420.5
   76.0  18090  -69.6                         265     22  425.0         425.0
   73.0  18330  -68.6                         250     13  432.1         432.1
   72.0  18412  -68.2                         270      8  434.6         434.6
   70.0  18580  -67.5                         305      8  439.6         439.6
   69.0  18667  -67.0                         270     10  442.4         442.4
   66.0  18936  -65.7                         235     12  451.1         451.1
   65.2  19010  -65.3                         207     10  453.5         453.5
   65.0  19029  -65.3                         200     10  453.9         453.9
   61.0  19417  -64.7                         165      6  463.6         463.6
   58.0  19726  -64.2                          90     11  471.4         471.4
   52.0  20393  -63.1                          85     15  488.7         488.7
   51.7  20429  -63.1                                     489.7         489.7
