
-----------------------------------------------------------------------------
   PRES   HGHT   TEMP   DWPT   RELH   MIXR   DRCT   SKNT   THTA   THTE   THTV
    hPa     m      C      C      %    g/kg    deg   knot     K      K      K 
-----------------------------------------------------------------------------
 1024.0      5   21.6   15.6     69  11.00    185     11  292.8  324.2  294.7
 1000.0    213   19.2   14.2     73  10.28    160     16  292.4  321.8  294.2
  989.0    308   18.2   13.9     76  10.19    154     17  292.3  321.4  294.1
  956.0    598   16.4   13.0     80   9.93    137     21  293.3  321.9  295.1
  925.0    878   14.6   11.0     79   8.98    120     25  294.2  320.3  295.8
  885.0   1251   12.4    5.4     62   6.39    117     27  295.7  314.6  296.8
  850.0   1588   10.0    5.0     71   6.47    115     29  296.6  315.8  297.8
  765.0   2455    3.6    2.5     93   6.03    123     22  298.8  316.8  299.9
  750.0   2616    3.8    2.8     93   6.28    125     21  300.7  319.6  301.8
  742.0   2703    4.2    1.4     82   5.74    126     20  302.0  319.5  303.1
  735.0   2780    4.6   -8.4     38   2.77    126     19  303.3  312.1  303.8
  728.0   2858    4.4  -22.6     12   0.86    127     19  303.9  306.8  304.1
  715.0   3004    3.4  -25.6     10   0.67    128     17  304.4  306.7  304.5
  700.0   3176    3.4  -27.6      8   0.57    130     16  306.2  308.2  306.3
  629.0   4032   -2.5  -31.5      9   0.44    136     13  309.0  310.6  309.1
  591.0   4524   -4.5  -32.5      9   0.42    140     12  312.2  313.8  312.3
  549.0   5098   -9.3  -35.3     10   0.35    144     10  313.2  314.4  313.2
  500.0   5810  -16.1  -38.1     13   0.29    150      8  313.4  314.4  313.4
  482.0   6085  -18.9  -38.9     15   0.27    169      8  313.2  314.2  313.2
  463.0   6385  -18.9  -50.9      4   0.08    190      9  316.8  317.1  316.8
  400.0   7460  -26.7  -56.7      4   0.04    265     11  320.2  320.4  320.2
  398.0   7496  -27.1  -57.1      4   0.04    265     12  320.1  320.3  320.1
  382.0   7791  -27.7  -62.7      2   0.02    266     20  323.1  323.2  323.1
  364.0   8137  -29.1  -64.1      2   0.02    267     29  325.8  325.8  325.8
  316.0   9131  -36.9  -63.9      4   0.02    269     57  328.3  328.4  328.3
  300.0   9490  -36.7  -66.7      3   0.02    270     67  333.5  333.6  333.5
  288.0   9773  -35.9  -67.9      2   0.01    272     71  338.6  338.6  338.6
  250.0  10740  -42.5  -69.5      4   0.01    280     85  342.7  342.8  342.8
  206.0  12024  -50.5  -76.6      3   0.01    285     95  349.7  349.7  349.7
  200.0  12220  -51.7  -77.7      3   0.00    285     94  350.7  350.8  350.7
  184.0  12757  -55.7  -77.7      5   0.01    284     88  352.7  352.7  352.7
  163.0  13523  -59.9  -80.9      5   0.00    281     78  358.1  358.1  358.1
  150.0  14040  -62.9                         280     72  361.5         361.5
  114.0  15694  -71.3                         270     57  375.4         375.4
  100.0  16470  -70.3                         250     48  391.6         391.6
   93.0  16901  -70.8                         245     33  398.8         398.8
   89.0  17162  -71.1                         255     24  403.2         403.2
   85.0  17436  -71.5                         270     24  407.9         407.9
   78.0  17946  -72.1                         260     19  416.7         416.7
   75.0  18180  -71.3                         255     17  423.1         423.1
   70.0  18590  -69.9                         215     12  434.5         434.5
   66.5  18895  -68.3                         171     10  444.4         444.4
   66.0  18940  -68.3                         165     10  445.4         445.4
   63.0  19218  -68.3                         180      1  451.3         451.3
   58.7  19640  -68.3                         233      5  460.5         460.5
   54.8  20054  -64.7                         284      9  477.9         477.9
   54.0  20144  -62.6                         295     10  484.8         484.8
   53.6  20190  -61.5                         294     10  488.3         488.3
   51.0  20497  -60.6                         285     10  497.3         497.3
   50.0  20620  -60.3                         305      6  500.9         500.9
   49.7  20658  -60.1                         308      6  502.3         502.3
   47.0  21006  -61.7                         337      2  506.5         506.5
   45.0  21278  -61.0                           0      0  514.5         514.5
   40.3  21968  -59.3                          98      9  535.3         535.3
   40.0  22015  -58.5                         105     10  538.5         538.5
   39.5  22094  -57.1                          90     12  543.9         543.9
   39.0  22175  -57.5                          75     14  544.9         544.9
   37.2  22474  -58.9                          71     10  548.7         548.7
   37.0  22508  -58.8                          70      9  549.8         549.8
   36.0  22682  -58.3                         125     10  555.5         555.5
   31.4  23549  -55.7                          93     23  584.5         584.5
   31.0  23631  -56.0                          90     24  585.9         585.9
   30.0  23840  -56.7                          85     24  589.5         589.5
   29.0  24054  -56.7                          75     18  595.2         595.2
   28.9  24076  -56.7                          76     18  595.8         595.8
   27.0  24510  -53.9                          90     15  615.4         615.4
   25.6  24850  -51.7                          66     12  631.0         631.0
   25.0  25004  -51.3                          55     10  636.6         636.6
   24.0  25271  -50.5                          75      4  646.3         646.3
   20.0  26460  -47.1                          90      8  691.2         691.2
   19.5  26628  -46.7                          97      8  697.5         697.5
   18.0  27155  -47.8                         120     10  710.2         710.2
   16.1  27890  -49.3                          44      7  728.3         728.3
   16.0                                        40      7                     
