
-----------------------------------------------------------------------------
   PRES   HGHT   TEMP   DWPT   RELH   MIXR   DRCT   SKNT   THTA   THTE   THTV
    hPa     m      C      C      %    g/kg    deg   knot     K      K      K 
-----------------------------------------------------------------------------
 1024.0      5   18.8   11.8     64   8.56    210     10  290.0  314.4  291.5
 1005.0    163   16.9   11.5     70   8.54    170     12  289.6  313.9  291.1
 1000.0    205   16.4   11.4     72   8.53    165     12  289.6  313.8  291.0
  995.0    248   16.0   11.1     73   8.40    163     12  289.6  313.5  291.0
  978.0    394   16.2   11.2     72   8.61    158     11  291.2  315.9  292.7
  969.0    473   15.7   10.5     71   8.29    155     11  291.4  315.2  292.9
  925.0    866   13.0    7.0     67   6.84      0      0  292.6  312.5  293.8
  886.0   1227   10.2    7.4     83   7.34    356      7  293.3  314.7  294.6
  874.0   1340    9.4    6.5     82   7.02    355      9  293.7  314.1  294.9
  858.0   1493    8.4    5.4     81   6.59      8      8  294.1  313.5  295.3
  850.0   1571    8.6    2.6     66   5.46     15      8  295.1  311.3  296.1
  821.0   1857    6.6   -8.4     33   2.48      1      7  296.0  303.7  296.4
  799.0   2079    4.6  -11.4     30   2.01    351      6  296.1  302.5  296.5
  786.0   2213    5.8  -29.2      6   0.44    344      5  298.8  300.3  298.9
  737.0   2737    5.0  -38.0      3   0.20    319      3  303.5  304.2  303.5
  711.0   3029    3.3  -41.1      2   0.15    305      2  304.8  305.3  304.8
  700.0   3155    2.6  -42.4      2   0.13    303      4  305.3  305.8  305.4
  659.0   3640   -0.7  -37.7      4   0.23    294     13  306.9  307.8  307.0
  621.0   4113   -2.3  -51.3      1   0.05    285     21  310.4  310.6  310.4
  595.0   4451   -3.9  -25.9     16   0.78    279     27  312.3  315.1  312.4
  570.0   4788   -6.9  -19.9     35   1.39    273     33  312.6  317.4  312.9
  554.0   5010   -7.7  -52.7      1   0.05    269     37  314.2  314.5  314.2
  547.0   5109   -8.3  -45.3      3   0.12    267     39  314.7  315.2  314.7
  535.0   5280   -9.5  -15.5     62   2.15    264     42  315.2  322.5  315.6
  522.0   5470  -10.9  -15.0     72   2.29    260     45  315.7  323.4  316.2
  510.0   5649  -12.3  -14.6     83   2.43    257     47  316.2  324.4  316.6
  500.0   5800  -13.1  -15.9     79   2.23    255     49  317.0  324.6  317.4
  473.0   6221  -15.7  -19.3     74   1.77    255     55  318.9  325.0  319.2
  468.0   6302  -14.9  -21.9     55   1.42    255     56  320.8  325.8  321.1
  461.0   6414  -15.7  -23.0     54   1.32    255     58  321.2  325.9  321.4
  414.0   7218  -21.5  -30.5     44   0.73    251     53  323.8  326.5  323.9
  400.0   7470  -23.9  -31.9     48   0.66    250     52  323.8  326.3  324.0
  362.0   8186  -30.6  -34.2     71   0.59    250     52  324.3  326.5  324.4
  355.0   8326  -31.9  -34.6     77   0.58    251     54  324.3  326.5  324.4
  340.0   8630  -34.3  -41.3     49   0.30    254     58  325.1  326.3  325.1
  306.0   9354  -40.9  -44.7     67   0.23    260     68  325.8  326.7  325.8
  301.0   9467  -41.9  -45.2     70   0.23    255     72  325.9  326.8  325.9
  300.0   9490  -41.7  -45.4     67   0.22    255     73  326.5  327.4  326.5
  294.0   9628  -39.5  -58.5     11   0.05    251     79  331.5  331.7  331.5
  275.0  10091  -37.1  -71.1      2   0.01    236     97  341.4  341.4  341.4
  268.0  10269  -37.9  -71.3      2   0.01    230    104  342.8  342.8  342.8
  250.0  10750  -39.9  -71.9      2   0.01    235    112  346.6  346.6  346.6
  244.0  10912  -40.8  -73.0      2   0.01    235    112  347.6  347.7  347.6
  200.0  12240  -48.5  -82.5      1   0.00    235     78  355.8  355.8  355.8
  197.0  12339  -48.5  -81.0      1   0.00    240     76  357.3  357.4  357.4
  196.0  12373  -48.5  -80.5      1   0.00    240     76  357.9  357.9  357.9
  174.0  13134  -53.8  -82.6      2   0.00    245     80  361.4  361.5  361.4
  161.0  13630  -57.3  -83.9      2   0.00    240     57  363.7  363.7  363.7
  154.0  13914  -59.3  -84.7      2   0.00    245     47  364.9  364.9  364.9
  152.0  13998  -59.9  -84.9      2   0.00    247     46  365.3  365.3  365.3
  150.0  14080  -60.5                         250     45  365.6         365.6
  142.0  14419  -63.5                         254     45  366.2         366.2
  131.0  14906  -65.7                         260     45  370.8         370.8
  124.0  15238  -67.2                         265     48  374.0         374.0
  113.0  15800  -69.7                         250     43  379.3         379.3
  105.0  16237  -69.8                         255     31  387.1         387.1
  102.0  16410  -69.9                                     390.2         390.2
