
-----------------------------------------------------------------------------
   PRES   HGHT   TEMP   DWPT   RELH   MIXR   DRCT   SKNT   THTA   THTE   THTV
    hPa     m      C      C      %    g/kg    deg   knot     K      K      K 
-----------------------------------------------------------------------------
 1019.0      5   26.2   18.2     61  13.07    150      7  297.7  335.9  300.1
 1003.0    143   23.8   16.8     65  12.14    133     11  296.7  332.0  298.9
 1000.0    169   23.4   16.4     65  11.87    130     12  296.6  331.0  298.7
  925.0    845   17.2   15.0     87  11.72    130     17  296.9  331.0  299.0
  922.0    873   16.8   14.8     88  11.61    130     17  296.8  330.5  298.8
  864.0   1425   13.2    8.3     72   8.01    130     23  298.6  322.3  300.0
  850.0   1562   12.2    9.2     82   8.66    130     25  298.9  324.5  300.5
  793.0   2141    8.4    6.5     88   7.71    143     19  300.8  323.9  302.2
  758.0   2515    7.4    2.4     71   6.04    151     14  303.7  322.1  304.8
  749.0   2613    8.6   -5.4     37   3.43    153     13  306.0  316.9  306.6
  733.0   2792    9.8  -28.2      5   0.51    157     11  309.2  311.1  309.3
  700.0   3173    7.8  -29.2      5   0.49    165      7  311.1  312.9  311.2
  574.0   4786    1.6  -37.4      4   0.27    248      7  322.0  323.0  322.0
  500.0   5880   -6.3  -36.3      7   0.35    305      7  325.3  326.6  325.4
  488.0   6069   -8.1  -37.1      8   0.33    302      9  325.4  326.6  325.4
  477.0   6246   -9.5  -25.5     26   1.01    299     12  325.8  329.5  325.9
  472.0   6328   -9.7  -21.7     37   1.44    297     13  326.5  331.7  326.8
  467.0   6410   -9.9  -30.9     16   0.63    296     14  327.2  329.6  327.4
  463.0   6476   -9.5  -35.5     10   0.40    295     15  328.5  330.1  328.6
  452.0   6662  -10.9  -28.9     21   0.78    291     17  329.0  332.0  329.2
  400.0   7590  -17.5  -41.5     10   0.25    275     29  332.2  333.2  332.2
  379.0   7992  -20.3  -45.3      9   0.18    274     31  333.6  334.4  333.7
  357.0   8435  -21.9  -52.9      4   0.08    273     33  337.2  337.6  337.2
  300.0   9690  -32.7  -58.7      6   0.05    270     38  339.2  339.4  339.2
  275.0  10293  -38.1  -63.1      5   0.03    272     43  339.9  340.0  339.9
  250.0  10940  -42.3  -66.3      6   0.02    275     49  343.0  343.1  343.1
  201.0  12378  -53.5  -72.5      8   0.01    275     66  347.4  347.4  347.4
  200.0  12410  -53.3  -71.3      9   0.01    275     66  348.2  348.3  348.2
  186.0  12874  -56.7  -63.7     41   0.04    271     76  350.0  350.2  350.0
  183.0  12977  -57.2  -65.9     32   0.03    270     78  350.8  350.9  350.8
  169.0  13478  -59.9  -76.9      9   0.01    272     63  354.4  354.4  354.4
  150.0  14220  -62.5                         275     41  362.2         362.2
  147.0  14345  -62.9                         276     40  363.6         363.6
  113.0  15920  -74.3                         292     28  370.7         370.7
  100.0  16630  -75.5                         300     23  381.6         381.6
   96.3  16848  -77.1                         290     22  382.6         382.6
   94.0  16988  -75.6                         285     15  388.2         388.2
   92.3  17093  -74.5                         297     13  392.4         392.4
   89.0  17304  -75.7                         320     10  394.2         394.2
   83.5  17673  -77.7                         297     11  397.3         397.3
   83.0  17708  -77.6                         295     11  398.1         398.1
   75.0  18292  -76.4                           0      0  412.5         412.5
   70.0  18690  -75.5                          55      2  422.5         422.5
   62.0  19402  -73.2                         105     10  442.6         442.6
   58.0  19793  -71.9                         105     20  454.0         454.0
   57.0  19897  -71.4                         105     23  457.3         457.3
   52.0  20446  -69.0                         105     20  475.2         475.2
   50.0  20680  -67.9                          80     18  483.1         483.1
   48.0  20930  -66.6                          90     23  491.9         491.9
   37.8  22394  -58.9                          82     29  546.2         546.2
   36.0  22699  -58.9                          80     30  553.9         553.9
   32.0  23436  -58.9                          85     27  572.8         572.8
   30.3  23778  -58.9                          72     30  581.8         581.8
   30.0  23840  -58.7                          70     31  584.0         584.0
   28.0  24279  -57.9                          90     30  597.8         597.8
   24.0  25260  -56.2                          85     48  629.8         629.8
   20.0  26420  -54.1                          85     48  669.8         669.8
   18.5  26920  -53.9                          90     49  685.5         685.5
   17.0  27469  -51.0                          95     50  711.6         711.6
   16.0  27863  -48.9                          90     43  730.8         730.8
   15.8  27945  -48.5                                     734.8         734.8
