
-----------------------------------------------------------------------------
   PRES   HGHT   TEMP   DWPT   RELH   MIXR   DRCT   SKNT   THTA   THTE   THTV
    hPa     m      C      C      %    g/kg    deg   knot     K      K      K 
-----------------------------------------------------------------------------
 1017.0      5   25.0   14.0     50   9.97    100     16  296.7  325.9  298.5
 1010.0     65   24.2   12.2     47   8.91    102     18  296.5  322.6  298.1
 1000.0    151   23.2   12.2     50   9.00    105     21  296.4  322.7  298.0
  993.0    212   22.6   12.0     51   8.93    105     21  296.4  322.5  298.0
  925.0    824   16.8    9.8     63   8.28    105     21  296.5  320.8  298.0
  868.0   1362   11.6    9.2     85   8.48    109     19  296.5  321.4  298.0
  850.0   1538   10.8    8.4     85   8.20    110     19  297.4  321.6  298.9
  807.0   1968    7.7    6.5     92   7.55    105     19  298.6  321.1  300.0
  789.0   2155    6.4    5.6     95   7.28     90     19  299.1  320.8  300.4
  785.0   2197    7.4    5.1     85   7.06     87     19  300.6  321.9  301.9
  784.0   2207    7.8    1.8     66   5.59     86     19  301.2  318.2  302.2
  782.0   2228   11.2   -8.8     24   2.53     85     19  305.1  313.2  305.5
  774.0   2314   13.6  -33.4      2   0.30     78     19  308.5  309.6  308.6
  766.0   2402   15.4  -32.6      2   0.32     71     19  311.4  312.6  311.4
  753.0   2546   14.7  -33.5      2   0.30     60     19  312.1  313.3  312.2
  700.0   3158   11.6  -37.4      2   0.22     60     22  315.3  316.1  315.3
  689.0   3290   10.8  -38.2      2   0.21     59     22  315.8  316.6  315.9
  644.0   3847    6.4  -42.6      2   0.14     57     23  317.0  317.6  317.0
  629.0   4040    6.6  -42.4      2   0.15     56     24  319.4  320.0  319.4
  609.0   4299    4.9  -44.0      1   0.13     55     24  320.3  320.9  320.4
  506.0   5784   -5.1  -53.1      1   0.05     50     12  325.7  325.9  325.7
  500.0   5880   -5.7  -53.7      1   0.05     45     12  326.0  326.2  326.0
  470.0   6361   -9.1  -56.1      1   0.04     30     14  327.6  327.8  327.6
  461.0   6510   -9.4  -56.2      1   0.04     25     14  329.1  329.2  329.1
  442.0   6833  -10.1  -56.6      1   0.04     75     15  332.2  332.4  332.2
  426.0   7117  -10.6  -56.9      1   0.04     65     21  335.0  335.2  335.0
  413.0   7356  -11.1  -57.1      1   0.04     26     16  337.4  337.6  337.4
  411.0   7393  -11.3  -57.3      1   0.04     20     15  337.6  337.8  337.6
  404.0   7524  -12.1  -58.1      1   0.04      0     15  338.3  338.4  338.3
  400.0   7600  -12.5  -58.5      1   0.04    355     15  338.6  338.8  338.7
  394.0   7714  -13.2  -59.0      1   0.03      0     15  339.2  339.3  339.2
  381.0   7967  -14.8  -60.0      1   0.03     10     14  340.4  340.5  340.4
  366.0   8270  -16.7  -61.3      1   0.03     25     13  341.7  341.9  341.7
  354.0   8522  -18.3  -62.3      1   0.02     21     13  342.9  343.0  342.9
  308.0   9538  -27.4  -66.3      1   0.02      5     15  344.1  344.1  344.1
  300.0   9730  -29.1  -67.1      1   0.02      0     13  344.2  344.3  344.2
  295.0   9848  -30.1  -67.5      1   0.01      0     12  344.5  344.6  344.5
  267.0  10551  -36.1  -70.1      2   0.01    315     12  345.7  345.8  345.7
  259.0  10766  -37.9  -70.9      2   0.01    313     11  346.1  346.1  346.1
  250.0  11010  -38.9  -70.9      2   0.01    310     10  348.1  348.1  348.1
  249.0  11037  -39.1  -71.0      2   0.01    310     10  348.2  348.3  348.2
  238.0  11345  -40.9  -71.9      2   0.01    319      9  350.0  350.1  350.0
  226.0  11688  -43.6  -73.7      2   0.01    330      8  351.0  351.1  351.0
  218.0  11928  -45.5  -75.0      2   0.01    315     10  351.7  351.8  351.7
  203.0  12401  -49.3  -77.6      2   0.00    310     15  353.0  353.0  353.0
  200.0  12500  -50.1  -78.1      2   0.00    300     14  353.3  353.3  353.3
  189.0  12863  -52.9  -79.3      3   0.00    280     16  354.5  354.5  354.5
  173.0  13431  -57.3  -81.3      3   0.00    272     18  356.3  356.4  356.3
  168.0  13615  -58.5  -81.6      4   0.00    270     18  357.4  357.4  357.4
  162.0  13843  -59.9  -81.9      4   0.00    279     19  358.7  358.7  358.7
  152.0  14238  -62.4                         295     21  361.0         361.0
  150.0  14320  -62.9                         300     20  361.5         361.5
  137.0  14873  -67.5                         300     11  362.9         362.9
  135.0  14959  -68.0                         300     10  363.5         363.5
  100.0  16720  -78.5                         165      2  375.8         375.8
   98.3  16818  -78.9                          75      2  376.9         376.9
   93.0  17132  -79.4                           0      0  381.9         381.9
   91.0  17255  -79.6                         200      5  383.8         383.8
   83.1  17770  -80.5                         141     21  392.1         392.1
   81.0  17916  -79.3                         125     25  397.6         397.6
   78.4  18101  -77.7                         135     23  404.5         404.5
   76.0  18279  -77.8                         145     21  408.0         408.0
   70.8  18685  -77.9                         106     31  416.1         416.1
   70.0  18750  -77.3                         100     33  418.7         418.7
   69.0  18833  -76.7                          95     33  421.6         421.6
   65.0  19179  -74.4                          85     33  433.9         433.9
   64.1  19260  -73.9                          83     32  436.8         436.8
   60.0  19646  -74.1                          75     27  444.7         444.7
   55.9  20059  -74.3                          86     28  453.3         453.3
   53.0  20375  -71.2                          95     28  467.4         467.4
   50.0  20720  -67.9                          90     29  483.1         483.1
   47.2  21070  -63.7                          83     27  501.1         501.1
   46.0  21230  -63.2                          80     26  506.1         506.1
   36.0  22752  -58.1                          85     19  555.9         555.9
   35.6  22822  -57.9                          91     21  558.2         558.2
   35.0  22928  -58.3                         100     24  559.8         559.8
   34.0  23109  -59.1                          90     35  562.5         562.5
   32.0  23488  -60.7                          80     34  568.1         568.1
   31.7  23547  -60.9                          81     34  569.0         569.0
   30.0  23890  -59.9                          85     34  580.8         580.8
   29.1  24080  -60.1                          89     30  585.3         585.3
   29.0  24102  -59.9                          90     30  586.5         586.5
   28.0  24325  -57.6                         100     31  598.7         598.7
   25.7  24870  -52.1                          89     41  629.2         629.2
   25.0  25050  -51.6                          85     44  635.5         635.5
   22.0  25883  -49.5                          89     38  665.5         665.5
   21.0  26189  -48.4                          90     36  677.7         677.7
   20.0  26510  -47.3                          90     41  690.6         690.6
   17.0  27588  -46.0                          85     42  727.6         727.6
   16.8  27666  -45.9                                     730.4         730.4
