
-----------------------------------------------------------------------------
   PRES   HGHT   TEMP   DWPT   RELH   MIXR   DRCT   SKNT   THTA   THTE   THTV
    hPa     m      C      C      %    g/kg    deg   knot     K      K      K 
-----------------------------------------------------------------------------
 1021.0      5   27.0   17.0     54  12.08     65     10  298.4  333.8  300.5
 1014.0     65   24.6   14.6     54  10.40                296.6  326.9  298.4
 1000.0    184   23.4   15.4     61  11.12                296.6  328.9  298.5
  925.0    858   17.0   14.6     86  11.42                296.7  329.9  298.7
  911.0    988   15.8   13.1     84  10.50                296.8  327.4  298.6
  850.0   1574   12.0    7.7     75   7.81                298.7  321.9  300.1
  821.0   1864   10.2    7.2     82   7.82                299.8  323.1  301.2
  807.0   2008   10.0    3.0     62   5.92                301.0  319.0  302.1
  748.0   2638    7.6    4.4     80   7.06                305.0  326.6  306.3
  720.0   2953    7.6    1.6     66   6.00                308.4  327.1  309.5
  700.0   3185    8.0  -26.0      7   0.66                311.3  313.7  311.4
