
-----------------------------------------------------------------------------
   PRES   HGHT   TEMP   DWPT   RELH   MIXR   DRCT   SKNT   THTA   THTE   THTV
    hPa     m      C      C      %    g/kg    deg   knot     K      K      K 
-----------------------------------------------------------------------------
 1022.0      5   23.4   17.4     69  12.38    180     12  294.7  330.4  296.9
 1016.0     57   21.6   15.6     69  11.08    173     13  293.4  325.2  295.4
 1000.0    195   20.4   15.7     74  11.34    155     17  293.6  326.1  295.6
  997.0    221   20.2   15.6     75  11.30    155     17  293.6  326.1  295.6
  944.0    690   17.0   13.9     82  10.70    125     19  295.0  325.9  296.9
  925.0    864   15.8   13.3     85  10.48    120     19  295.5  325.8  297.3
  924.0    873   15.7   13.2     85  10.45    120     20  295.5  325.8  297.3
  854.0   1537   10.7    9.1     90   8.53    120     18  296.9  322.0  298.5
  850.0   1577   10.4    8.8     90   8.43    120     18  297.0  321.8  298.5
  848.0   1597   10.2    8.8     91   8.45    119     18  297.0  321.8  298.5
  834.0   1735    9.4    8.8     96   8.59    111     17  297.6  322.9  299.1
  815.0   1926    8.4    7.6     95   8.10    100     16  298.5  322.5  299.9
  784.0   2247    8.4    3.6     72   6.36     82     13  301.8  321.1  303.0
  780.0   2290    8.1    3.7     74   6.43     80     13  301.9  321.4  303.1
  750.0   2613    5.6    4.4     92   7.04     93     11  302.6  323.9  303.9
  738.0   2745    6.0    1.3     72   5.73     99     10  304.5  322.1  305.5
  735.0   2778    5.8    0.5     69   5.41    100     10  304.6  321.3  305.6
  713.0   3026    4.2   -5.8     48   3.50    119      6  305.5  316.6  306.1
  704.0   3130    4.8  -13.2     26   1.97    127      5  307.3  313.8  307.6
  700.0   3176    4.4  -13.6     26   1.92    130      4  307.3  313.7  307.7
  695.0   3234    4.2  -14.8     24   1.75    141      4  307.7  313.6  308.1
  689.0   3305    5.2  -36.8      3   0.24    155      4  309.6  310.5  309.6
  669.0   3546    6.4  -41.6      2   0.15    202      3  313.6  314.2  313.6
  647.0   3818    5.2  -33.4      4   0.36    255      2  315.2  316.6  315.3
  632.0   4010    4.4  -27.6      8   0.63    256      4  316.4  318.7  316.6
  575.0   4768   -1.7  -30.5      9   0.53    260     10  317.9  319.9  318.0
  563.0   4937   -3.1  -31.1      9   0.51    261     11  318.2  320.1  318.3
  509.0   5731   -6.1  -30.1     13   0.62    264     16  323.9  326.2  324.0
  500.0   5870   -7.1  -31.1     13   0.57    265     17  324.3  326.5  324.4
  494.0   5964   -7.7  -32.8     11   0.49    265     18  324.8  326.6  324.9
  485.0   6107   -8.5  -35.5      9   0.39    262     18  325.4  326.9  325.5
  452.0   6649  -12.7  -26.7     30   0.96    253     18  326.8  330.3  327.0
  443.0   6800  -13.7  -28.5     28   0.83    250     18  327.4  330.5  327.6
  400.0   7570  -18.7  -37.7     17   0.37    270     27  330.6  332.1  330.7
  395.0   7662  -19.3  -38.8     16   0.34    270     28  331.0  332.3  331.1
  361.0   8320  -23.8  -46.9     10   0.16    245     41  333.7  334.3  333.7
  336.0   8846  -27.3  -53.3      7   0.08    249     42  335.7  336.1  335.8
  329.0   8995  -28.4  -53.1      7   0.08    250     42  336.2  336.6  336.2
  300.0   9650  -33.5  -52.5     13   0.10    250     60  338.0  338.5  338.1
  285.0  10009  -36.7  -50.7     22   0.13    261     63  338.4  339.0  338.5
  281.0  10107  -37.5  -48.5     31   0.17    264     64  338.7  339.4  338.7
  279.0  10156  -37.7  -49.5     28   0.15    265     64  339.1  339.8  339.1
  261.0  10616  -39.3  -58.3     12   0.06    256     75  343.2  343.5  343.3
  260.0  10642  -39.5  -58.1     12   0.06    255     76  343.3  343.6  343.3
  250.0  10910  -41.9  -55.9     20   0.08    260     78  343.6  344.0  343.6
  219.0  11795  -48.7  -58.7     30   0.06    255     83  346.4  346.7  346.4
  214.0  11947  -49.3  -66.3     12   0.02    258     81  347.8  347.9  347.8
  207.0  12165  -49.3  -70.3      7   0.01    261     79  351.1  351.1  351.1
  200.0  12390  -51.5  -71.5      7   0.01    265     77  351.1  351.1  351.1
  195.0  12553  -52.7  -71.5      9   0.01    265     77  351.6  351.7  351.6
  188.0  12788  -54.5  -71.5     11   0.01    271     82  352.5  352.5  352.5
  178.0  13135  -56.3  -75.3      7   0.01    280     90  355.0  355.1  355.0
  173.0  13316  -57.3  -77.3      6   0.01    283     90  356.3  356.4  356.3
  166.0  13576  -59.9  -79.9      6   0.00    288     89  356.2  356.2  356.2
  155.0  13998  -63.3                         295     88  357.5         357.5
  150.0  14200  -64.9                         290     88  358.1         358.1
  146.0  14364  -66.5                         290     86  358.1         358.1
  139.0  14660  -67.9                         290     81  360.7         360.7
  128.0  15155  -70.3                         267     76  365.0         365.0
  125.0  15293  -71.3                         260     75  365.6         365.6
  117.0  15681  -74.2                         255     73  367.2         367.2
  110.0  16042  -76.9                         255     60  368.7         368.7
  100.0  16590  -77.1                         290     46  378.5         378.5
   94.0  16947  -75.7                         295     49  388.0         388.0
   85.4  17502  -73.5                         252     29  403.2         403.2
   84.0  17597  -74.1                         245     26  403.9         403.9
   80.0  17880  -76.0                         250     31  405.7         405.7
   79.4  17923  -76.3                         248     29  405.9         405.9
   75.0  18251  -76.1                         230     17  413.0         413.0
   74.1  18320  -76.1                         223     16  414.5         414.5
   71.0  18568  -74.0                         200     14  424.0         424.0
   70.0  18650  -73.3                         200     12  427.2         427.2
   69.7  18675  -72.7                         201     12  429.1         429.1
   69.0  18735  -72.6                         205     11  430.6         430.6
   68.0  18821  -72.4                         210     13  432.7         432.7
   64.1  19170  -71.7                         166     22  441.6         441.6
   64.0  19179  -71.5                         165     22  442.2         442.2
   62.0  19369  -68.4                         115     16  453.2         453.2
   61.1  19457  -66.9                         104     14  458.4         458.4
   58.0  19771  -68.1                          65      9  462.5         462.5
   56.1  19971  -68.9                          93      6  465.2         465.2
   55.0  20091  -68.5                         110      5  468.8         468.8
   53.0  20314  -67.6                         100     10  475.7         475.7
   52.7  20348  -67.5                          96     11  476.8         476.8
   51.2  20524  -63.3                          76     14  490.6         490.6
   50.0  20670  -63.9                          60     17  492.5         492.5
   48.0  20927  -63.0                          55     16  500.3         500.3
   47.0  21059  -62.6                          80     15  504.3         504.3
   45.0  21332  -61.7                          75     17  512.8         512.8
   41.0  21917  -59.8                         100     15  531.5         531.5
   39.0  22231  -58.7                          75     23  541.7         541.7
   37.0  22562  -57.6                          65     19  552.8         552.8
   35.0  22911  -56.5                          90     18  564.6         564.6
   30.0  23880  -53.3                          90     24  598.7         598.7
   28.9  24121  -52.3                          76     23  607.9         607.9
   28.0  24325  -52.5                          65     22  612.7         612.7
   26.0  24802  -53.1                          65     26  624.2         624.2
   24.8  25107  -53.5                          67     24  631.6         631.6
   23.0  25595  -49.9                          70     22  655.9         655.9
   22.8  25652  -49.5                          76     22  658.8         658.8
   22.2  25826  -50.1                          94     23  662.0         662.0
   22.0  25886  -49.9                         100     23  664.2         664.2
   20.0  26510  -48.3                          90     27  687.6         687.6
   18.0  27212  -46.1                          85     31  715.6         715.6
   15.2  28340  -42.5                                     762.8         762.8
   15.0  28429  -42.7                                     765.1         765.1
