
-----------------------------------------------------------------------------
   PRES   HGHT   TEMP   DWPT   RELH   MIXR   DRCT   SKNT   THTA   THTE   THTV
    hPa     m      C      C      %    g/kg    deg   knot     K      K      K 
-----------------------------------------------------------------------------
 1026.0      5   20.6   11.6     56   8.42    135     10  291.6  315.8  293.1
 1016.0     88   18.2   10.2     60   7.74    131     12  290.0  312.2  291.4
 1000.0    222   17.0   10.0     63   7.76    125     14  290.1  312.4  291.5
  980.0    394   15.4   10.4     72   8.14    120     15  290.2  313.5  291.6
  959.0    576   14.4    6.2     58   6.23    115     17  291.0  309.0  292.1
  928.0    853   12.8   -0.2     41   4.08    124     13  292.1  304.3  292.8
  925.0    880   12.6   -0.4     41   4.03    125     13  292.2  304.2  292.9
  915.0    970   11.8    0.3     45   4.28    125     10  292.2  305.0  293.0
  850.0   1582    6.2    4.7     90   6.34     50      8  292.6  311.1  293.8
  831.0   1768    5.0    4.3     95   6.30     33      8  293.3  311.7  294.4
  795.0   2128    2.4    0.6     88   5.05    358      7  294.2  309.2  295.1
  790.0   2180    4.4  -15.6     22   1.44    353      7  296.9  301.5  297.1
  782.0   2263    6.6  -24.4      9   0.68    346      7  300.1  302.4  300.2
  764.0   2455    8.4  -32.6      4   0.33    328      6  304.1  305.2  304.1
  700.0   3171    3.4  -32.6      5   0.36    260      5  306.2  307.5  306.3
  683.0   3369    2.0  -37.0      4   0.24    274      4  306.8  307.7  306.9
  643.0   3853    0.0  -40.0      3   0.18    309      2  309.9  310.6  309.9
  615.0   4205   -2.8  -40.0      4   0.19    335      1  310.6  311.3  310.6
  586.0   4586   -5.9  -39.9      5   0.20    316      6  311.3  312.1  311.4
  563.0   4896   -7.7  -45.0      3   0.12    300     10  312.8  313.3  312.8
  513.0   5614  -11.9  -56.9      1   0.03    300     10  316.1  316.3  316.1
  509.0   5674  -12.1  -57.5      1   0.03    300     10  316.6  316.7  316.6
  500.0   5810  -12.7  -58.7      1   0.03    295     17  317.5  317.6  317.5
  488.0   5995  -13.2  -51.2      2   0.07    285     30  319.1  319.4  319.1
  485.0   6043  -13.3  -49.3      3   0.09    283     30  319.5  319.9  319.6
  472.0   6249  -15.0  -49.3      4   0.09    275     32  319.9  320.3  320.0
  462.0   6411  -16.3  -49.3      4   0.09    276     35  320.3  320.6  320.3
  451.0   6592  -16.9  -29.9     31   0.71    277     37  321.7  324.3  321.9
  427.0   6997  -20.8  -30.6     41   0.71    280     44  321.8  324.4  321.9
  401.0   7462  -25.3  -31.3     57   0.70    275     40  321.8  324.4  321.9
  400.0   7480  -25.3  -31.3     57   0.70    275     41  322.0  324.6  322.2
  385.0   7757  -26.7  -30.9     68   0.76    266     48  323.7  326.5  323.9
  384.0   7776  -26.8  -31.0     67   0.75    265     48  323.8  326.6  324.0
  337.0   8708  -32.3  -37.1     62   0.47    283     75  328.6  330.5  328.7
  333.0   8791  -32.9  -37.6     63   0.45    285     78  329.0  330.8  329.1
  300.0   9520  -37.7  -41.9     65   0.32    300     86  332.1  333.4  332.2
  286.0   9848  -39.6  -42.8     72   0.31    300     89  333.9  335.2  334.0
  277.0  10068  -40.9  -43.4     77   0.30    300    100  335.2  336.4  335.2
  272.0  10193  -38.9  -53.9     19   0.09    300    106  339.8  340.2  339.8
  267.0  10321  -38.7  -58.7     10   0.05    300    112  341.9  342.1  341.9
  255.0  10635  -41.3  -53.3     26   0.11    297    115  342.6  343.1  342.6
  250.0  10770  -42.3  -56.3     20   0.07    295    116  343.0  343.4  343.1
  230.0  11328  -45.5  -64.3     10   0.03    295    122  346.4  346.5  346.4
  229.0  11357  -45.7  -64.7     10   0.03    295    122  346.6  346.7  346.6
  200.0  12240  -53.7  -66.7     19   0.02    295    124  347.6  347.7  347.6
  198.0  12305  -54.1  -67.1     19   0.02    295    124  347.9  348.0  347.9
  197.0  12337  -54.3  -67.4     19   0.02    295    124  348.1  348.2  348.1
  175.0  13089  -59.9  -73.9     14   0.01    295    120  350.9  350.9  350.9
  164.0  13491  -63.4                         295    118  351.6         351.6
  160.0  13644  -64.7                         290    113  351.9         351.9
  150.0  14040  -63.3                         290     89  360.8         360.8
  147.0  14164  -63.2                         295     85  363.0         363.0
  141.0  14419  -63.1                         290     79  367.6         367.6
  113.0  15760  -66.5                         265     44  385.4         385.4
  106.0  16147  -67.4                         280     36  390.6         390.6
  100.0  16500  -68.3                         275     31  395.5         395.5
   95.0  16811  -67.8                         295     27  402.3         402.3
   89.0  17206  -67.2                         265     31  411.1         411.1
   81.0  17776  -66.3                         275     23  424.2         424.2
   77.0  18083  -65.8                         240     25  431.4         431.4
   72.0  18489  -65.2                         205     10  441.1         441.1
   70.0  18660  -64.9                         210      3  445.2         445.2
   69.0  18748  -64.6                         250      1  447.7         447.7
   65.8  19040  -63.5                         292      1  456.2         456.2
   61.0  19512  -62.2                           0      0  469.1         469.1
   50.0  20750  -58.7                          35      8  504.7         504.7
   49.0  20877  -58.2                          70     10  508.9         508.9
   48.0  21007  -57.7                          90     12  513.1         513.1
   47.3  21100  -57.3                          84     12  516.1         516.1
   44.0  21555  -58.0                          55     14  525.3         525.3
   41.4  21939  -58.5                          81     14  533.2         533.2
   41.0  22000  -58.1                          85     14  535.5         535.5
   39.0  22316  -56.4                          75     15  547.8         547.8
   38.5  22398  -55.9                          77     15  551.0         551.0
   36.0  22824  -56.2                          90     15  560.9         560.9
   32.0  23571  -56.7                          65     12  578.7         578.7
   31.0  23772  -56.8                          80     12  583.6         583.6
   30.5  23875  -56.9                          82     13  586.2         586.2
   30.0  23980  -56.5                          85     14  590.0         590.0
   28.0  24420  -56.0                         100     17  603.2         603.2
   27.0  24652  -55.7                          95     19  610.3         610.3
   25.0  25143  -55.1                          65     14  625.6         625.6
   24.0  25403  -54.8                          85     12  633.8         633.8
   23.1  25647  -54.5                          89     19  641.6         641.6
   22.0  25959  -54.5                          95     28  650.6         650.6
   20.0  26570  -54.5                                     668.6         668.6
