
-----------------------------------------------------------------------------
   PRES   HGHT   TEMP   DWPT   RELH   MIXR   DRCT   SKNT   THTA   THTE   THTV
    hPa     m      C      C      %    g/kg    deg   knot     K      K      K 
-----------------------------------------------------------------------------
 1017.0      5   24.2   12.2     47   8.85    120     16  295.9  321.8  297.5
 1012.0     49   21.8   11.8     53   8.66    121     18  293.9  319.1  295.5
 1000.0    154   20.8   11.8     56   8.76    125     24  293.9  319.4  295.5
  998.0    171   20.6   11.8     57   8.77    130     24  294.0  319.4  295.5
  925.0    822   14.8   11.4     80   9.23    160     16  294.4  321.2  296.1
  900.0   1053   13.0   10.8     87   9.12    165     10  294.9  321.4  296.5
  887.0   1176   12.0   10.5     91   9.06    103      6  295.1  321.4  296.7
  866.0   1377   12.1   10.0     87   8.97      0      0  297.2  323.6  298.8
  850.0   1534   12.2    9.6     84   8.90    290      5  298.9  325.2  300.5
  840.0   1634   13.2    6.2     63   7.13    275     10  301.0  322.4  302.3
  822.0   1816   15.0    0.0     36   4.68    277     13  304.8  319.3  305.6
  795.0   2098   13.6   -3.2     31   3.81    280     17  306.1  318.2  306.8
  792.0   2130   13.4   -3.6     31   3.72    279     17  306.3  318.1  307.0
  733.0   2772    7.3   -5.6     40   3.46    250     22  306.5  317.5  307.1
  721.0   2909    6.0   -6.0     42   3.40    255     24  306.5  317.3  307.1
  700.0   3151    5.0   -7.0     42   3.25    265     28  308.0  318.4  308.6
  694.0   3221    4.4   -6.6     45   3.38    265     28  308.1  318.9  308.7
  688.0   3291    3.8   -7.2     45   3.27    265     29  308.2  318.6  308.8
  642.0   3847   -1.2  -11.5     45   2.48    255     37  308.7  316.8  309.1
  618.0   4154   -3.9  -13.9     46   2.12    245     35  308.9  315.9  309.3
  609.0   4270   -2.7  -39.7      4   0.20    241     35  311.6  312.4  311.7
  586.0   4572   -4.5  -38.6      5   0.23    230     33  313.0  313.9  313.1
  539.0   5229   -8.3  -36.3      8   0.32    230     35  316.0  317.2  316.1
  522.0   5478   -9.1  -46.1      3   0.12    230     35  317.9  318.4  318.0
  500.0   5810  -12.1  -47.1      4   0.11    230     36  318.2  318.7  318.2
  482.0   6088  -14.9  -46.9      5   0.12    227     35  318.1  318.6  318.1
  473.0   6229  -15.8  -49.9      4   0.09    225     34  318.7  319.1  318.7
  436.0   6839  -19.7  -62.7      1   0.02    230     31  321.3  321.4  321.3
  400.0   7470  -25.3  -64.3      1   0.02    235     28  322.0  322.1  322.0
  363.0   8150  -31.4  -68.5      1   0.01    250     24  322.9  323.0  322.9
  313.0   9189  -40.7  -75.0      1   0.00    265     31  323.9  324.0  323.9
  308.0   9302  -41.7  -75.7      1   0.00    267     34  324.0  324.1  324.0
  300.0   9480  -42.7  -69.7      4   0.01    270     39  325.1  325.1  325.1
  270.0  10183  -47.9  -59.9     24   0.04    270     59  327.4  327.6  327.4
  250.0  10690  -48.1  -67.1      9   0.02    270     73  334.4  334.5  334.4
  217.0  11610  -51.2  -70.9      8   0.01    275     90  343.4  343.5  343.4
  201.0  12108  -52.9  -72.9      7   0.01    275     82  348.3  348.4  348.3
  200.0  12140  -53.3  -74.3      6   0.01    275     82  348.2  348.2  348.2
  184.0  12669  -56.7  -77.7      5   0.01    275     73  351.1  351.1  351.1
  171.0  13133  -59.7  -80.7      5   0.00    280     83  353.6  353.6  353.6
  170.0  13171  -59.9  -80.9      5   0.00    279     84  353.8  353.8  353.8
  163.0  13432  -60.3                         275     91  357.4         357.4
  150.0  13950  -61.1                         270     78  364.6         364.6
  144.0  14203  -61.9                         272     76  367.5         367.5
  127.0  14967  -65.8                         280     68  373.9         373.9
  110.0  15839  -70.3                         270     63  381.1         381.1
  100.0  16410  -67.9                         260     49  396.3         396.3
   96.0  16654  -70.0                         255     52  396.9         396.9
   93.2  16831  -71.5                         255     48  397.2         397.2
   85.0  17383  -67.9                         255     35  415.2         415.2
   82.1  17591  -66.5                         247     30  422.1         422.1
   76.0  18060  -66.1                         230     20  432.3         432.3
   74.0  18222  -66.0                         240     16  435.9         435.9
   71.0  18474  -65.8                         265     17  441.6         441.6
   70.0  18560  -65.7                         265     18  443.5         443.5
   67.0  18828  -65.0                         240     18  450.6         450.6
   65.0  19013  -64.5                         205     15  455.6         455.6
   63.0  19204  -64.0                         195     10  460.7         460.7
   62.0  19302  -63.8                           0      0  463.4         463.4
   58.7  19636  -62.9                          19      4  472.7         472.7
   52.0  20380  -64.2                          60     13  486.4         486.4
   51.4  20451  -64.3                          59     12  487.7         487.7
   50.0  20620  -63.7                          55     11  492.9         492.9
   41.0  21856  -58.2                          60     11  535.3         535.3
   38.5  22248  -56.5                          93     11  549.4         549.4
   38.0  22331  -56.8                         100     11  550.8         550.8
   36.0  22672  -57.8                         105     17  556.6         556.6
   34.8  22885  -58.5                          96     20  560.3         560.3
   32.0  23414  -57.7                          75     26  576.0         576.0
   30.0  23820  -57.1                          75     28  588.4         588.4
   29.0  24036  -56.8                          65     26  595.0         595.0
   27.0  24490  -56.1                          80     28  609.1         609.1
   26.0  24730  -55.8                          70     33  616.7         616.7
   25.0  24979  -55.4                          60     28  624.7         624.7
   24.7  25056  -55.3                          60     27  627.2         627.2
   22.0  25805  -49.5                          55     22  665.4         665.4
   21.8  25864  -49.1                          51     21  668.5         668.5
   21.0  26110  -49.2                          35     17  675.4         675.4
   20.0  26430  -49.3                          35     15  684.5         684.5
   19.0  26768  -48.9                          80     12  695.8         695.8
   18.0  27124  -48.5                          90     16  707.8         707.8
   17.0  27501  -48.1                          80     11  720.8         720.8
   16.0  27901  -47.7                         110     13  734.8         734.8
   14.0  28781  -46.8                          95     30  766.6         766.6
   13.9  28828  -46.7                                     768.3         768.3
