
-----------------------------------------------------------------------------
   PRES   HGHT   TEMP   DWPT   RELH   MIXR   DRCT   SKNT   THTA   THTE   THTV
    hPa     m      C      C      %    g/kg    deg   knot     K      K      K 
-----------------------------------------------------------------------------
 1013.0      5   28.2   22.2     70  16.95     15     11  300.2  350.1  303.3
 1011.0     23   26.0   19.0     65  13.87     15     11  298.2  338.7  300.7
 1000.0    122   25.0   21.4     80  16.33     15     11  298.1  345.8  301.1
  978.0    316   23.6   20.1     81  15.38    350     11  298.7  343.6  301.4
  925.0    802   20.2   16.8     81  13.18    355     16  300.0  338.8  302.3
  890.0   1134   17.4   15.7     90  12.73    350     15  300.4  337.9  302.7
  873.0   1299   16.0   15.1     94  12.51    337     16  300.6  337.5  302.9
  850.0   1527   15.4   13.1     86  11.27    320     17  302.3  335.8  304.3
  844.0   1587   15.4   12.3     82  10.77    315     17  302.9  335.1  304.8
  834.0   1689   15.4   11.0     75   9.98    317     17  303.9  333.9  305.7
  814.0   1893   13.8   10.4     80   9.82    320     16  304.4  334.0  306.2
  768.0   2382   10.1    9.0     93   9.44    290     18  305.4  334.0  307.1
  760.0   2470    9.4    8.7     95   9.37    288     21  305.6  334.0  307.3
  743.0   2658   10.4    5.4     71   7.62    285     27  308.7  332.3  310.1
  742.0   2670   10.4    5.1     70   7.49    285     27  308.8  332.0  310.2
  730.0   2806   10.8    1.8     54   6.01    293     25  310.7  329.6  311.8
  712.0   3013    9.2    0.8     56   5.75    305     22  311.2  329.4  312.3
  700.0   3154    8.2    0.2     57   5.58    305     21  311.5  329.2  312.6
  647.0   3798    3.0   -8.0     44   3.25    290     24  312.7  323.4  313.4
  632.0   3987    2.0   -6.6     53   3.72    285     25  313.8  325.9  314.4
  616.0   4194    1.0   -5.0     64   4.30    291     24  314.9  328.9  315.7
  607.0   4312    0.6   -8.2     52   3.40    295     23  315.7  326.9  316.3
  600.0   4406    0.2  -10.8     43   2.81    290     22  316.3  325.7  316.8
  586.0   4594   -1.4   -9.7     53   3.15    280     19  316.6  327.1  317.2
  570.0   4814   -3.3   -8.3     68   3.61    282     18  316.9  328.8  317.6
  550.0   5095   -4.7  -13.2     51   2.52    285     16  318.5  327.0  319.0
  516.0   5596   -7.1  -22.1     29   1.27    282     19  321.4  325.9  321.7
  500.0   5840   -9.3  -26.3     24   0.90    280     21  321.6  324.9  321.8
  498.0   5871   -9.6  -26.8     23   0.86    280     21  321.7  324.8  321.8
  483.0   6107  -11.7  -30.7     19   0.62    270     24  321.9  324.2  322.0
  476.0   6219  -12.1  -24.1     36   1.15    266     25  322.7  326.9  322.9
  469.0   6332  -12.5  -31.5     19   0.59    261     26  323.6  325.8  323.7
  453.0   6596  -14.8  -27.8     32   0.86    250     29  324.0  327.2  324.2
  445.0   6731  -15.9  -25.9     42   1.05    253     30  324.2  328.0  324.4
  438.0   6851  -16.3  -32.3     24   0.58    255     31  325.2  327.4  325.3
  427.0   7042  -17.5  -24.5     54   1.24    260     33  326.0  330.5  326.3
  411.0   7328  -19.1  -27.1     49   1.02    266     35  327.5  331.3  327.7
  400.0   7530  -20.7  -28.7     49   0.90    270     37  328.0  331.4  328.2
  378.0   7946  -24.3  -30.3     58   0.82    275     41  328.6  331.7  328.8
  355.0   8401  -27.1  -37.1     38   0.45    280     45  330.8  332.5  330.9
  336.0   8793  -30.6  -38.6     45   0.40    285     49  331.2  332.8  331.3
  326.0   9009  -32.5  -39.5     50   0.38    281     48  331.5  333.0  331.6
  313.0   9293  -34.6  -44.5     36   0.23    275     46  332.5  333.4  332.6
  300.0   9590  -36.7  -49.7     25   0.14    265     53  333.5  334.1  333.6
  271.0  10282  -42.9  -50.9     41   0.13    260     64  334.4  334.9  334.4
  269.0  10331  -43.2  -50.3     45   0.14    260     65  334.6  335.2  334.7
  263.0  10482  -44.1  -48.6     61   0.18    263     67  335.5  336.2  335.5
  256.0  10662  -44.5  -56.5     25   0.07    267     70  337.5  337.8  337.5
  250.0  10820  -46.1  -57.1     28   0.07    270     73  337.4  337.7  337.4
  243.0  11009  -47.3  -61.3     19   0.04    270     79  338.4  338.5  338.4
  242.0  11036  -47.5  -60.9     20   0.04    270     80  338.4  338.6  338.4
  237.0  11174  -48.7  -58.7     30   0.06    271     80  338.7  338.9  338.7
  215.0  11811  -52.5  -66.5     17   0.02    273     78  342.3  342.4  342.3
  211.0  11933  -51.7  -68.7     11   0.02    274     77  345.4  345.5  345.4
  200.0  12280  -52.7  -75.7      5   0.01    275     76  349.1  349.2  349.1
  184.0  12816  -55.1  -78.1      4   0.00    273     79  353.7  353.7  353.7
  165.0  13505  -59.0  -79.6      5   0.00    270     83  358.3  358.3  358.3
  161.0  13660  -59.9  -79.9      6   0.00    271     80  359.3  359.4  359.3
  150.0  14100  -61.9                         275     71  363.2         363.2
  134.0  14790  -66.9                         272     57  366.3         366.3
  121.0  15402  -68.6                         270     44  374.0         374.0
  117.0  15604  -69.2                         275     39  376.6         376.6
  112.0  15865  -69.9                         290     42  379.9         379.9
  108.0  16083  -70.5                         285     48  382.8         382.8
  102.0  16423  -71.0                         280     31  388.2         388.2
  100.0  16540  -71.1                         285     33  390.1         390.1
   92.0  17032  -73.6                         305     30  394.6         394.6
   91.1  17090  -73.9                         305     31  395.1         395.1
   88.0  17295  -73.4                         285     27  400.0         400.0
   85.0  17501  -72.9                         305     26  405.0         405.0
   79.0  17934  -71.8                         305     30  415.7         415.7
   73.0  18402  -70.7                         290     10  427.6         427.6
   71.0  18566  -70.3                         250      3  431.9         431.9
   70.0  18650  -70.1                         210      3  434.1         434.1
   68.0  18823  -68.6                         160     10  441.0         441.0
   67.4  18875  -68.1                         159     12  443.1         443.1
   66.0  19001  -68.4                         155     18  445.2         445.2
   63.6  19222  -68.9                         134     16  448.8         448.8
   62.0  19375  -66.6                         120     14  457.1         457.1
   61.0  19473  -65.2                          80     13  462.4         462.4
   60.8  19493  -64.9                          78     13  463.5         463.5
   59.0  19676  -64.1                          60     11  469.3         469.3
   57.0  19887  -63.2                         135     10  476.0         476.0
   56.0  19995  -62.7                         115     22  479.5         479.5
   51.0  20569  -63.0                          70     23  491.7         491.7
   50.0  20690  -63.1                          80     18  494.4         494.4
   49.0  20815  -62.6                          65     26  498.3         498.3
   48.0  20942  -62.2                          55     21  502.3         502.3
   46.0  21206  -61.2                          70     14  510.8         510.8
   45.7  21246  -61.1                          73     14  512.1         512.1
   44.0  21481  -61.6                          90     17  516.5         516.5
   41.4  21858  -62.3                          74     21  523.7         523.7
   40.0  22073  -61.0                          65     23  532.1         532.1
   39.0  22231  -60.1                          70     24  538.3         538.3
   38.0  22394  -59.2                          70     26  544.7         544.7
   37.0  22560  -58.2                          60     28  551.4         551.4
   36.1  22714  -57.3                          51     26  557.6         557.6
   36.0  22732  -57.3                          50     26  557.9         557.9
   32.0  23474  -58.7                          65     22  573.3         573.3
   31.5  23573  -58.9                          64     21  575.4         575.4
   30.0  23880  -57.9                          60     19  586.2         586.2
   28.0  24318  -56.9                          65     11  600.7         600.7
   27.0  24548  -56.4                          95     19  608.4         608.4
   26.5  24667  -56.1                          88     18  612.4         612.4
   25.9  24812  -56.7                          79     17  614.8         614.8
   25.0  25041  -53.8                          65     16  629.3         629.3
   24.0  25305  -50.5                          80     17  646.4         646.4
   23.6  25413  -49.1                          70     14  653.5         653.5
   23.0  25582  -49.2                          55     10  658.0         658.0
   22.0  25874  -49.4                          65     19  666.0         666.0
   21.0  26180  -49.5                          30     10  674.4         674.4
   20.0  26500  -49.7                          20      8  683.3         683.3
   19.0  26835  -49.8                         260      5  693.1         693.1
   18.0  27189  -49.9                         160     15  703.6         703.6
   17.6  27336  -49.9                                     708.1         708.1
