
-----------------------------------------------------------------------------
   PRES   HGHT   TEMP   DWPT   RELH   MIXR   DRCT   SKNT   THTA   THTE   THTV
    hPa     m      C      C      %    g/kg    deg   knot     K      K      K 
-----------------------------------------------------------------------------
 1020.0      5   21.8   19.9     89  14.56    145      4  293.3  334.9  295.8
 1014.0     55   21.6   18.1     80  13.06    139      6  293.6  331.0  295.9
 1000.0    174   20.8   17.2     80  12.50    125     12  293.9  329.8  296.2
  995.0    217   20.6   16.9     79  12.30    120     13  294.2  329.5  296.3
  958.0    545   19.0   14.4     75  10.88    115     20  295.8  327.3  297.7
  925.0    845   16.2   12.8     80  10.14    110     27  295.9  325.3  297.7
  919.0    900   15.7   12.5     81  10.01    115     27  295.9  325.1  297.7
  879.0   1277   12.6   10.6     88   9.21    122     26  296.5  323.4  298.1
  864.0   1421   11.9    9.5     85   8.71    125     26  297.2  322.8  298.8
  850.0   1558   11.2    8.5     83   8.26    125     25  297.9  322.2  299.4
  844.0   1617   11.0    7.2     77   7.60    125     24  298.3  320.8  299.6
  822.0   1838    9.6    9.1     97   8.90    124     21  299.0  325.4  300.6
  781.0   2262    7.8    7.1     95   8.16    121     16  301.5  326.0  303.0
  766.0   2423    8.0    6.5     90   7.99    121     14  303.4  327.5  304.9
  758.0   2510    8.0    1.0     61   5.46    120     12  304.3  321.1  305.3
  755.0   2542    7.9    0.3     59   5.20    120     12  304.5  320.6  305.5
  748.0   2619    7.6   -1.4     53   4.64    121     12  305.0  319.5  305.9
  733.0   2786    6.6    2.9     77   6.47    124     12  305.7  325.6  306.9
  728.0   2842    7.0   -3.0     49   4.23    125     12  306.8  320.1  307.5
  713.0   3013    6.0   -7.0     39   3.19    128     13  307.5  317.7  308.1
  702.0   3141    5.4   -3.6     52   4.20    130     13  308.2  321.5  309.0
  700.0   3164    5.6   -6.4     42   3.40    130     13  308.6  319.6  309.3
  698.0   3187    6.4  -15.6     19   1.63    132     13  309.8  315.3  310.1
  695.0   3223    6.6  -13.4     22   1.97    135     12  310.4  317.0  310.8
  692.0   3258    6.8  -16.2     18   1.57    138     11  311.0  316.3  311.3
  685.0   3341    6.2  -16.6     18   1.53    145     10  311.2  316.4  311.5
  663.0   3606    4.3  -18.0     18   1.41    155     11  312.0  316.8  312.2
  619.0   4163    0.2  -20.8     19   1.18    151     14  313.5  317.6  313.7
  606.0   4333    0.0  -23.1     16   0.99    150     15  315.2  318.7  315.4
  583.0   4643   -0.3  -27.3     11   0.70    156     17  318.3  320.9  318.5
  562.0   4935   -2.9  -27.9     13   0.69    162     20  318.6  321.1  318.8
  551.0   5092   -2.3  -42.7      3   0.16    165     21  321.2  321.8  321.2
  545.0   5179   -1.9  -50.9      1   0.07    168     21  322.6  322.9  322.6
  502.0   5829   -5.1  -49.1      2   0.09    189     20  326.4  326.8  326.4
  500.0   5860   -5.3  -41.3      4   0.21    190     20  326.5  327.3  326.6
  498.0   5891   -5.6  -40.9      4   0.22    190     19  326.5  327.4  326.6
  470.0   6341   -9.7  -35.7     10   0.39    194     20  326.9  328.4  326.9
  400.0   7560  -19.7  -44.7      9   0.18    205     24  329.3  330.0  329.3
  368.0   8159  -24.7  -49.7      8   0.11    210     21  330.5  331.0  330.6
  343.0   8665  -29.0  -54.0      7   0.07    195     33  331.5  331.8  331.5
  316.0   9254  -33.9  -58.9      6   0.04    205     33  332.5  332.7  332.5
  313.0   9323  -34.5  -59.5      6   0.04    211     33  332.6  332.8  332.6
  301.0   9597  -32.5  -70.4      1   0.01    235     34  339.2  339.2  339.2
  300.0   9620  -32.3  -71.3      1   0.01    235     35  339.7  339.8  339.7
  297.0   9691  -31.5  -71.5      1   0.01    236     37  341.8  341.9  341.9
  274.0  10261  -33.3  -72.3      1   0.01    243     50  347.2  347.2  347.2
  269.0  10389  -34.3  -72.9      1   0.01    245     53  347.6  347.6  347.6
  250.0  10900  -38.3  -75.3      1   0.01    245     51  349.0  349.0  349.0
  221.0  11738  -45.3  -80.3      1   0.00    253     49  350.7  350.7  350.7
  200.0  12400  -49.9  -83.9      1   0.00    260     47  353.6  353.6  353.6
  199.0  12432  -50.1  -84.0      1   0.00    260     47  353.8  353.8  353.8
  170.0  13434  -57.0  -88.9      1   0.00    260     57  358.6  358.6  358.6
  159.0  13860  -59.9  -90.9      1   0.00    268     55  360.6  360.6  360.6
  151.0  14179  -62.6                         275     53  361.4         361.4
  150.0  14220  -62.9                         275     54  361.5         361.5
  137.0  14773  -67.5                         270     47  362.9         362.9
  124.0  15358  -71.1                         265     39  366.8         366.8
  113.0  15903  -74.5                         250     40  370.4         370.4
  100.0  16620  -78.9                         230     21  375.0         375.0
   97.3  16775  -80.1                         230     19  375.6         375.6
   94.0  16973  -78.9                         220     20  381.7         381.7
   87.0  17418  -76.2                         170     27  395.7         395.7
   83.0  17688  -74.5                         140     17  404.4         404.4
   82.4  17729  -74.3                         129     15  405.8         405.8
   80.0  17900  -75.1                          85      8  407.6         407.6
   78.0  18046  -75.7                          20     10  409.2         409.2
   76.0  18196  -76.4                         350     10  410.8         410.8
   73.0  18429  -77.5                         280      6  413.3         413.3
   72.4  18477  -77.7                         261      7  413.8         413.8
   70.0  18670  -76.7                         185     10  420.0         420.0
   65.4  19063  -73.9                         124     15  434.3         434.3
   64.1  19180  -70.9                         106     17  443.4         443.4
   63.0  19282  -71.2                          90     18  445.0         445.0
   61.7  19405  -71.5                          95     18  446.9         446.9
   58.0  19774  -68.3                         110     17  462.1         462.1
   55.6  20027  -66.1                          92     19  472.7         472.7
   54.0  20203  -65.9                          80     21  477.2         477.2
   51.3  20514  -65.5                         102     22  485.1         485.1
   51.0  20550  -65.2                         105     22  486.6         486.6
   50.0  20670  -64.3                         105     26  491.5         491.5
   48.4  20870  -62.1                         102     28  501.4         501.4
   46.2  21158  -62.9                          99     30  506.1         506.1
   44.0  21464  -61.2                          95     32  517.3         517.3
   39.0  22223  -57.1                          65     28  546.0         546.0
   36.2  22692  -54.5                          79     22  564.4         564.4
   35.0  22908  -54.2                          85     20  570.5         570.5
   34.0  23095  -54.0                         100     26  575.8         575.8
   32.0  23485  -53.6                          85     32  587.0         587.0
   30.0  23900  -53.1                          95     33  599.3         599.3
   29.1  24096  -52.7                          94     34  605.6         605.6
   25.7  24903  -48.7                          88     39  638.9         638.9
   24.0  25352  -49.0                          85     41  650.7         650.7
   23.3  25546  -49.1                          80     40  655.9         655.9
   22.0  25923  -48.1                          70     38  669.8         669.8
   21.1  26198  -47.3                          70     36  680.1         680.1
   20.0  26550  -48.3                          70     34  687.6         687.6
   19.1  26853  -48.7                          77     33  695.4         695.4
   17.0  27623  -46.6                          95     32  725.8         725.8
   16.4  27860  -45.9                                     735.4         735.4
