
-----------------------------------------------------------------------------
   PRES   HGHT   TEMP   DWPT   RELH   MIXR   DRCT   SKNT   THTA   THTE   THTV
    hPa     m      C      C      %    g/kg    deg   knot     K      K      K 
-----------------------------------------------------------------------------
 1021.0      5   18.6   16.2     86  11.47    205      4  290.0  322.4  292.0
 1020.0     14   18.4   12.4     68   8.94    201      4  289.9  315.4  291.5
 1010.0     99   17.4   14.9     85  10.65    155      6  289.7  319.8  291.6
 1000.0    186   17.4   14.1     81  10.21    110      8  290.6  319.6  292.3
  990.0    272   16.8   14.0     83  10.24     75     10  290.8  319.9  292.6
  969.0    455   15.6   13.8     89  10.32     30     12  291.4  320.8  293.2
  962.0    517   15.2   13.7     91  10.34     29     13  291.6  321.1  293.4
  931.0    794   13.4   11.0     86   8.94     25     15  292.4  318.1  294.0
  925.0    849   13.0   10.5     85   8.69     25     15  292.6  317.6  294.1
  885.0   1219   10.5    8.3     86   7.82     20     13  293.7  316.4  295.1
  850.0   1556    8.2    6.3     88   7.09      0     14  294.7  315.5  296.0
  834.0   1712    7.2    5.8     91   6.98    355     13  295.3  315.8  296.5
  815.0   1902    6.0    5.2     95   6.85    358     14  295.9  316.1  297.2
  801.0   2044    6.8   -5.2     42   3.26    360     15  298.3  308.3  298.9
  796.0   2095    6.4   -4.6     45   3.43      1     15  298.4  308.9  299.0
  782.0   2241    7.6  -27.4      6   0.52      3     16  301.2  303.0  301.3
  768.0   2388    6.7  -25.9      8   0.61      5     17  301.8  303.9  301.9
  720.0   2915    3.6  -20.4     15   1.05    335     16  304.0  307.5  304.2
  700.0   3142    1.4  -18.6     21   1.27    330     15  304.0  308.2  304.2
  647.0   3768   -4.1  -15.4     41   1.79    335     16  304.7  310.6  305.0
  645.0   3792   -4.3  -15.3     42   1.81    335     17  304.7  310.7  305.1
  625.0   4041   -2.5  -37.5      5   0.24    338     25  309.6  310.5  309.6
  614.0   4181   -2.9  -43.9      3   0.13    339     30  310.7  311.2  310.7
  605.0   4298   -2.9  -46.9      2   0.09    340     34  312.0  312.4  312.0
  604.0   4311   -3.0  -46.7      2   0.10    340     34  312.1  312.4  312.1
  544.0   5131   -7.1  -35.1      9   0.36    336     33  316.6  317.9  316.7
  524.0   5421   -9.8  -29.7     18   0.63    335     33  316.7  319.0  316.9
  522.0   5450  -10.1  -29.1     20   0.66    334     33  316.7  319.2  316.9
  500.0   5780  -12.7  -32.7     17   0.49    325     35  317.5  319.3  317.6
  498.0   5811  -13.1  -33.1     17   0.48    324     35  317.4  319.1  317.5
  490.0   5933  -13.8  -34.8     15   0.41    320     37  318.0  319.6  318.1
  452.0   6545  -17.1  -43.1      9   0.19    302     35  321.3  322.0  321.3
  437.0   6797  -19.4  -45.4      8   0.15    295     34  321.4  322.0  321.5
  434.0   6848  -19.9  -45.9      8   0.14    292     35  321.5  322.0  321.5
  426.0   6986  -20.7  -36.5     23   0.40    285     37  322.2  323.7  322.2
  420.0   7091  -21.3  -29.3     49   0.81    284     41  322.7  325.7  322.9
  400.0   7450  -24.3  -27.9     72   0.97    280     56  323.3  326.9  323.5
  385.0   7727  -27.1  -28.5     88   0.95    280     62  323.2  326.7  323.4
  373.0   7954  -28.9  -30.4     87   0.82    282     64  323.8  326.8  323.9
  370.0   8012  -29.3  -33.3     68   0.63    282     64  324.0  326.3  324.1
  367.0   8070  -29.9  -31.8     83   0.73    283     65  323.9  326.6  324.1
  363.0   8148  -30.3  -40.3     37   0.32    283     65  324.4  325.6  324.5
  351.0   8385  -32.4  -40.8     43   0.31    285     67  324.8  326.0  324.8
  340.0   8610  -34.3  -41.3     49   0.30    281     70  325.1  326.3  325.1
  336.0   8693  -33.7  -52.7     13   0.09    280     70  327.0  327.4  327.0
  309.0   9275  -37.0  -61.1      6   0.03    270     77  330.4  330.5  330.4
  300.0   9480  -38.1  -64.1      5   0.02    270     84  331.6  331.7  331.6
  296.0   9572  -38.7  -66.7      4   0.02    270     88  332.0  332.1  332.0
  282.0   9904  -39.5  -67.5      3   0.02    270    103  335.5  335.5  335.5
  250.0  10720  -43.9  -71.9      3   0.01    275    114  340.7  340.7  340.7
  218.0  11628  -49.9  -72.9      5   0.01    267    117  345.0  345.0  345.0
  212.0  11810  -50.3  -74.6      4   0.01    265    118  347.1  347.2  347.1
  200.0  12190  -51.1  -78.1      3   0.00    265    113  351.7  351.7  351.7
  191.0  12483  -52.6  -79.3      3   0.00    260    110  353.9  353.9  353.9
  153.0  13897  -59.9  -84.9      2   0.00    269     83  364.6  364.6  364.6
  150.0  14020  -61.1                         270     81  364.6         364.6
  142.0  14360  -63.1                         270     72  366.9         366.9
  134.0  14711  -64.6                         270     62  370.4         370.4
  121.0  15328  -67.1                         265     60  376.7         376.7
  112.0  15795  -69.1                         255     35  381.5         381.5
  106.0  16128  -70.4                         275     23  384.9         384.9
  100.0  16480  -71.9                         290     30  388.6         388.6
   98.4  16575  -72.7                         290     32  388.8         388.8
   95.0  16783  -71.5                         280     36  395.2         395.2
   89.0  17169  -69.1                         270     22  407.2         407.2
   87.9  17243  -68.7                         272     20  409.6         409.6
   86.0  17374  -68.6                         275     17  412.4         412.4
   82.0  17659  -68.3                         245     25  418.6         418.6
   79.0  17883  -68.0                         235     17  423.6         423.6
   77.0  18037  -67.9                         250      9  427.1         427.1
   74.0  18275  -67.6                         280     13  432.4         432.4
   72.5  18398  -67.5                         273     13  435.3         435.3
   71.5  18482  -65.9                         268     14  440.4         440.4
   70.0  18610  -66.7                         260     14  441.4         441.4
   67.0  18874  -67.6                         255     10  444.9         444.9
   66.1  18956  -67.9                         259     10  446.0         446.0
   64.0  19151  -67.4                         270     10  451.3         451.3
   62.0  19343  -66.9                         240     11  456.6         456.6
   61.0  19442  -66.6                         255      7  459.3         459.3
   60.0  19542  -66.3                         305     10  462.1         462.1
   58.0  19747  -65.8                         295     15  467.8         467.8
   57.7  19778  -65.7                         286     15  468.7         468.7
   57.0  19853  -65.1                         265     15  471.6         471.6
   55.0  20072  -63.5                         235     14  480.2         480.2
   53.4  20253  -62.1                         231     11  487.5         487.5
   51.0  20538  -62.2                         225      6  493.6         493.6
   50.0  20660  -62.3                         225      7  496.2         496.2
   49.3  20747  -62.9                         220      8  496.8         496.8
   48.0  20913  -62.1                         210     10  502.5         502.5
   47.0  21044  -61.5                         190     14  506.9         506.9
   46.0  21178  -60.9                         180     10  511.6         511.6
   44.0  21454  -59.6                         110      3  521.2         521.2
   42.9  21612  -58.9                         120      4  526.8         526.8
   32.1  23425  -60.7                         236      9  567.5         567.5
   31.0  23644  -58.5                         250     10  579.0         579.0
   30.0  23850  -56.5                         205      7  590.0         590.0
   28.7  24131  -56.1                         305      3  598.6         598.6
   28.3  24220  -56.7                         336      2  599.4         599.4
   28.0                                         0      1                     
