
-----------------------------------------------------------------------------
   PRES   HGHT   TEMP   DWPT   RELH   MIXR   DRCT   SKNT   THTA   THTE   THTV
    hPa     m      C      C      %    g/kg    deg   knot     K      K      K 
-----------------------------------------------------------------------------
 1016.0      5   26.6   15.6     51  11.08    105      8  298.4  330.9  300.4
 1007.0     81   24.2   14.2     54  10.20    105     10  296.8  326.6  298.6
 1000.0    140   23.6   15.6     61  11.26    105     11  296.8  329.6  298.8
  925.0    814   17.0   13.4     79  10.55    115     13  296.7  327.4  298.6
  910.0    954   15.6   13.1     85  10.51    112     12  296.6  327.3  298.5
  850.0   1530   11.8    8.9     82   8.49    100      7  298.5  323.6  300.0
  820.0   1830   10.0    6.6     79   7.51    108      6  299.7  322.1  301.0
  806.0   1973    9.4    1.4     57   5.28    112      6  300.5  316.6  301.5
  794.0   2098   10.4  -16.6     13   1.32    116      6  302.9  307.2  303.1
  775.0   2300   12.2  -23.8      6   0.73    121      5  306.9  309.4  307.0
  752.0   2552   12.4  -28.6      4   0.48    128      4  309.8  311.5  309.9
  700.0   3148    9.6  -31.4      4   0.40    145      3  313.1  314.6  313.2
  680.0   3388    8.8  -31.2      4   0.42    157      5  314.8  316.4  314.9
  667.0   3547    9.2  -10.8     23   2.53    166      6  317.0  325.5  317.5
  631.0   4004    5.2   -1.8     61   5.34    190     10  317.5  334.9  318.5
  596.0   4467    2.0   -8.0     48   3.53    214     14  319.0  330.8  319.7
  585.0   4617    2.4  -17.6     21   1.65    222     16  321.2  327.0  321.5
  571.0   4813    1.6  -20.4     18   1.33    233     18  322.5  327.2  322.7
  563.0   4926    1.4  -16.6     25   1.86    239     19  323.5  330.1  323.9
  557.0   5012    0.8   -7.2     55   4.02    243     19  323.8  337.4  324.6
  547.0   5158   -0.3   -7.3     59   4.06    251     21  324.2  337.9  325.0
  523.0   5515   -2.9  -12.9     46   2.72    271     24  325.2  334.7  325.8
  515.0   5637   -3.1  -25.1     16   0.97    277     25  326.4  330.0  326.6
  500.0   5870   -5.3  -15.3     45   2.34    290     27  326.5  334.7  327.0
  494.0   5965   -6.1  -15.1     49   2.41    291     28  326.7  335.1  327.1
  466.0   6418   -8.9  -27.9     20   0.83    293     32  328.7  331.8  328.8
  456.0   6585  -10.1  -28.1     21   0.83    294     33  329.2  332.4  329.4
  453.0   6636  -10.3  -20.3     44   1.69    294     34  329.6  335.7  329.9
  431.0   7017  -13.1  -41.1      8   0.24    297     37  330.7  331.7  330.8
  427.0   7088  -13.7  -42.7      7   0.21    297     38  330.9  331.7  330.9
  424.0   7141  -14.1  -23.1     46   1.41    297     38  331.0  336.2  331.3
  411.0   7376  -15.5  -43.5      7   0.20    299     40  332.2  333.0  332.2
  400.0   7580  -17.1  -29.1     35   0.87    300     42  332.7  336.0  332.9
  397.0   7637  -17.1  -43.1      9   0.21    300     42  333.4  334.3  333.4
  392.0   7732  -17.5  -43.5      8   0.21    300     42  334.1  334.9  334.1
  379.0   7985  -19.3  -26.3     54   1.19    301     43  334.9  339.4  335.2
  367.0   8224  -21.3  -33.3     33   0.63    302     44  335.4  337.8  335.5
  358.0   8408  -22.9  -29.9     53   0.90    302     45  335.6  339.1  335.8
  355.0   8470  -22.7  -35.7     30   0.52    302     45  336.7  338.7  336.8
  342.0   8744  -24.5  -34.5     39   0.60    303     46  337.9  340.2  338.0
  300.0   9690  -31.1  -44.1     27   0.26    305     49  341.4  342.5  341.5
  252.0  10896  -40.5  -54.5     21   0.09    281     55  344.9  345.3  344.9
  250.0  10950  -40.3  -58.3     13   0.06    280     55  346.0  346.3  346.0
  239.0  11256  -40.9  -65.9      5   0.02    280     56  349.6  349.7  349.6
  200.0  12440  -50.7  -74.7      4   0.01    280     58  352.3  352.4  352.3
  170.0  13478  -59.9  -79.9      6   0.00    283     61  353.8  353.8  353.8
  167.0  13590  -61.1                         283     62  353.6         353.6
  150.0  14250  -65.7                         285     64  356.7         356.7
  136.0  14828  -70.1                         285     66  359.0         359.0
  112.0  15972  -78.9                         295     52  363.1         363.1
  100.0  16620  -78.1                         270     33  376.6         376.6
   97.0  16793  -78.5                         260     26  379.0         379.0
   93.5  17001  -79.1                         292     24  381.9         381.9
   91.0  17156  -77.8                         315     23  387.4         387.4
   89.0  17283  -76.8                         320     24  392.0         392.0
   88.0  17348  -76.2                         320     20  394.4         394.4
   86.0  17479  -75.1                         310     11  399.1         399.1
   84.5  17580  -74.3                         255      7  402.8         402.8
   83.0  17684  -74.3                         200      2  404.9         404.9
   78.0  18043  -74.4                          25     10  412.0         412.0
   75.0  18271  -74.4                           0     16  416.5         416.5
   72.0  18507  -74.5                         340     10  421.3         421.3
   70.1  18662  -74.5                         202      1  424.5         424.5
   70.0  18670  -74.3                         195      1  425.1         425.1
   67.8  18858  -70.7                         118      8  436.8         436.8
   67.0  18929  -70.4                          90     10  439.0         439.0
   66.0  19019  -69.9                          85     12  441.8         441.8
   63.0  19298  -68.6                         130     17  450.6         450.6
   62.0  19393  -68.2                         130     26  453.7         453.7
   60.6  19530  -67.5                         123     29  458.1         458.1
   60.0  19590  -67.7                         120     30  459.1         459.1
   56.0  20005  -68.8                          85     29  465.6         465.6
   55.0  20113  -69.1                          86     27  467.3         467.3
   52.0  20453  -66.5                          90     22  481.1         481.1
   50.1  20678  -64.7                         109     23  490.3         490.3
   50.0  20690  -64.7                         110     23  490.6         490.6
   42.0  21763  -62.1                          90     25  522.0         522.0
   38.7  22266  -60.9                          93     24  537.5         537.5
   36.0  22716  -60.3                          95     24  550.2         550.2
   35.0  22891  -60.1                         100     30  555.2         555.2
   32.0  23458  -55.0                          85     44  583.3         583.3
   31.5  23557  -54.1                          83     44  588.3         588.3
   31.0  23660  -54.0                          80     43  591.2         591.2
   30.0  23870  -53.9                          80     42  597.1         597.1
   27.0  24551  -50.8                          85     44  624.0         624.0
   26.0  24795  -49.7                          82     42  633.9         633.9
   22.0  25892  -47.4                          70     31  671.9         671.9
   21.6  26013  -47.1                          75     29  676.2         676.2
   20.0  26520  -47.9                          95     22  688.8         688.8
   18.0  27219  -46.7                         105     30  713.7         713.7
   16.0  28000  -45.3                          95     38  742.5         742.5
   15.7  28126  -45.1                                     747.3         747.3
