
-----------------------------------------------------------------------------
   PRES   HGHT   TEMP   DWPT   RELH   MIXR   DRCT   SKNT   THTA   THTE   THTV
    hPa     m      C      C      %    g/kg    deg   knot     K      K      K 
-----------------------------------------------------------------------------
 1006.0      5   23.2   22.6     96  17.50    115      4  295.8  346.4  298.9
 1000.0     59   22.8   21.8     94  16.75    120      9  295.9  344.3  298.9
  983.0    209   22.0   22.0    100  17.26    121     16  296.6  346.6  299.7
  943.0    569   19.8   19.8    100  15.67    125     32  297.9  343.5  300.7
  936.0    634   19.4   19.4    100  15.39    125     31  298.1  343.0  300.9
  925.0    736   19.2   19.2    100  15.38    125     30  298.9  343.9  301.7
  850.0   1462   16.4   16.4    100  14.00    105     25  303.3  345.1  305.9
  824.0   1727   15.2   15.2    100  13.36     98     25  304.8  344.8  307.2
  798.0   1997   14.0   13.9    100  12.69     90     24  306.2  344.6  308.6
  700.0   3101    9.0    8.7     98  10.19     90     21  312.4  344.1  314.3
  680.0   3338    7.8    7.4     97   9.62     85     18  313.7  343.9  315.5
  633.0   3924    4.9    4.3     96   8.32     90     21  316.9  343.4  318.5
  586.0   4555    1.8    1.0     94   7.07     81     24  320.3  343.3  321.7
  564.0   4862   -1.7   -2.4     95   5.72     77     25  319.7  338.4  320.8
  561.0   4905   -1.1   -1.7     96   6.06     76     25  320.9  340.8  322.1
  542.0   5178   -3.7   -5.6     87   4.67     72     27  321.0  336.5  321.9
  531.0   5340   -4.7  -12.7     54   2.73     70     28  321.7  331.0  322.2
  526.0   5414   -5.3   -7.4     85   4.19     69     28  321.8  335.8  322.6
  524.0   5444   -5.1  -11.1     63   3.14     68     28  322.4  333.1  323.0
  517.0   5549   -6.3   -7.7     90   4.17     67     29  322.2  336.2  323.0
  516.0   5564   -6.1  -11.1     68   3.19     66     29  322.6  333.5  323.2
  510.0   5655   -6.5   -9.8     77   3.57     65     29  323.2  335.3  323.9
  501.0   5794   -7.1   -7.9     94   4.23     70     29  324.1  338.4  325.0
  500.0   5810   -7.3   -8.7     90   3.99     70     29  324.1  337.5  324.9
  499.0   5826   -7.3   -8.1     94   4.19     70     29  324.3  338.4  325.1
  497.0   5857   -7.5  -11.7     72   3.16     70     29  324.4  335.2  325.0
  495.0   5889   -7.7   -8.8     92   3.99     70     29  324.5  338.0  325.3
  486.0   6032   -8.3   -8.7     97   4.10     70     29  325.5  339.4  326.3
  482.0   6096   -8.9   -9.7     94   3.82     70     29  325.5  338.5  326.2
  465.0   6375  -11.7  -14.1     82   2.78     81     30  325.4  335.0  325.9
  459.0   6475  -12.3  -16.9     69   2.24     85     30  325.9  333.7  326.3
  455.0   6542  -12.7  -18.7     61   1.93     81     30  326.2  333.0  326.6
  449.0   6644  -12.5  -25.5     33   1.08     76     31  327.6  331.6  327.9
  443.0   6746  -13.2  -25.6     35   1.08     70     31  328.0  331.9  328.2
  408.0   7370  -17.9  -26.5     47   1.08     75     32  329.8  333.8  330.0
  402.0   7483  -18.7  -26.7     49   1.08     68     31  330.1  334.1  330.3
  400.0   7520  -18.3  -27.3     45   1.02     65     31  331.1  334.9  331.3
  391.0   7689  -18.5  -31.5     31   0.71     55     34  333.0  335.7  333.2
  379.0   7919  -20.3  -31.3     37   0.74     60     39  333.7  336.5  333.8
  367.0   8157  -22.1  -31.1     44   0.78     65     37  334.3  337.3  334.5
  358.0   8338  -23.3  -41.3     18   0.29     69     36  335.1  336.2  335.1
  346.0   8584  -25.4  -39.3     26   0.37     75     34  335.5  337.0  335.6
  334.0   8838  -27.6  -37.3     39   0.47     65     28  335.9  337.8  336.0
  324.0   9056  -29.5  -35.5     56   0.58     62     35  336.2  338.5  336.3
  321.0   9123  -29.7  -34.7     62   0.63     61     38  336.8  339.3  337.0
  320.0   9145  -29.5  -35.5     56   0.58     60     38  337.4  339.7  337.5
  319.0   9167  -29.7  -35.7     56   0.57     60     39  337.4  339.7  337.6
  300.0   9600  -33.3  -40.3     49   0.38     70     49  338.3  339.9  338.4
  295.0   9716  -34.2  -41.3     49   0.35     70     51  338.7  340.1  338.7
  279.0  10102  -37.2  -44.6     46   0.26     75     36  339.8  340.9  339.9
  265.0  10457  -40.0  -47.6     44   0.20     70     50  340.8  341.6  340.8
  250.0  10860  -43.1  -51.1     41   0.14     80     45  341.9  342.5  341.9
  240.0  11133  -45.5  -54.5     36   0.10     84     45  342.3  342.7  342.3
  228.0  11471  -48.3  -55.3     44   0.09     88     45  343.0  343.4  343.1
  224.0  11586  -49.1  -56.5     42   0.08     90     45  343.5  343.9  343.6
  200.0  12320  -54.3  -64.3     28   0.03     75     44  346.6  346.8  346.6
  198.0  12384  -54.8  -65.3     26   0.03     75     44  346.8  347.0  346.8
  196.0  12449  -55.3  -66.3     24   0.03     77     43  347.0  347.2  347.0
  182.0  12918  -58.7  -66.7     35   0.03     94     39  348.9  349.1  348.9
  181.0  12953  -58.8  -67.3     32   0.02     95     39  349.3  349.5  349.3
  175.0  13164  -59.3  -71.3     20   0.01     98     41  351.9  351.9  351.9
  171.0  13310  -57.7  -72.7     13   0.01    100     42  356.9  356.9  356.9
  162.0  13649  -59.9  -73.9     14   0.01    104     46  358.7  358.8  358.7
  161.0  13688  -59.9  -74.4     13   0.01    105     46  359.4  359.4  359.4
  151.0  14088  -59.7  -79.7      6   0.00     96     28  366.3  366.4  366.3
  150.0  14130  -59.9  -78.9      7   0.01     95     26  366.7  366.7  366.7
  145.0  14337  -61.3                          95     19  367.9         367.9
  136.0  14729  -63.9                         130     11  370.1         370.1
  130.0  15005  -65.7                         155     12  371.6         371.6
  120.0  15495  -68.9                         116     20  374.3         374.3
  115.0  15748  -69.5                          95     24  377.9         377.9
  109.0  16067  -70.2                          85     18  382.4         382.4
  104.0  16347  -70.8                         110     14  386.4         386.4
  100.0  16580  -71.3                          95     12  389.7         389.7
   98.0  16699  -71.8                          85      8  390.9         390.9
   93.0  17007  -73.2                         140      8  394.0         394.0
   87.0  17399  -75.0                          90     15  398.0         398.0
   86.8  17413  -75.1                          85     16  398.2         398.2
   84.0  17605  -74.3                          75     16  403.5         403.5
   80.0  17892  -73.1                         105     17  411.6         411.6
   76.0  18194  -71.9                         115     20  420.2         420.2
   74.7  18295  -71.5                         111     20  423.2         423.2
   70.0  18680  -72.3                          95     22  429.4         429.4
   66.0  19026  -72.1                          85     25  437.0         437.0
   65.4  19080  -72.1                          87     26  438.2         438.2
   62.0  19400  -69.8                         100     31  450.0         450.0
   55.4  20074  -65.1                          90     25  475.5         475.5
   50.0  20700  -64.3                          80     20  491.5         491.5
   48.0  20950  -64.1                          85     17  497.8         497.8
   43.0  21624  -63.5                         100     29  515.1         515.1
   42.8  21652  -63.5                                     515.8         515.8
