
-----------------------------------------------------------------------------
   PRES   HGHT   TEMP   DWPT   RELH   MIXR   DRCT   SKNT   THTA   THTE   THTV
    hPa     m      C      C      %    g/kg    deg   knot     K      K      K 
-----------------------------------------------------------------------------
 1016.0      5   26.8   16.8     54  11.98    115      9  298.6  333.7  300.7
 1012.0     40   24.6   14.6     54  10.42    117     10  296.7  327.2  298.6
 1000.0    144   23.8   14.8     57  10.69    125     12  296.9  328.2  298.9
  957.0    524   20.3   13.0     63   9.92    135     12  297.2  326.2  298.9
  925.0    818   17.6   11.6     68   9.35    125     15  297.3  324.7  299.0
  865.0   1388   12.6    9.5     81   8.69    113     17  297.8  323.4  299.4
  850.0   1535   11.6    8.5     81   8.26    110     18  298.3  322.7  299.8
  816.0   1876    9.7    7.8     88   8.20    105     20  299.8  324.1  301.2
  811.0   1928    9.4    7.7     89   8.19    107     19  300.0  324.4  301.5
  804.0   2000    9.2    5.1     76   6.89    109     18  300.5  321.2  301.8
  795.0   2093   10.0   -8.0     27   2.64    113     16  302.3  310.7  302.8
  788.0   2167   12.6  -31.4      3   0.35    115     15  305.9  307.2  305.9
  762.0   2446   11.3  -33.5      3   0.30    125     10  307.5  308.6  307.5
  700.0   3152    8.2  -38.8      2   0.19    170     15  311.5  312.3  311.6
  699.0   3164    8.2  -38.9      2   0.19    170     15  311.6  312.4  311.6
  674.0   3463    7.2  -41.8      2   0.15    172     15  313.8  314.4  313.8
  634.0   3963    3.4  -30.6      6   0.47    174     14  315.0  316.8  315.1
  626.0   4066    3.0  -17.0     21   1.62    175     14  315.7  321.3  316.0
  622.0   4117    2.8  -10.2     38   2.84    179     13  316.0  325.5  316.6
  603.0   4367    0.8  -10.7     42   2.83    200     10  316.6  326.1  317.1
  585.0   4611   -1.1  -11.1     47   2.81    217     13  317.1  326.5  317.6
  582.0   4652   -0.5  -24.7     14   0.89    220     13  318.2  321.4  318.4
  581.0   4665   -0.3  -29.3      9   0.59    220     13  318.6  320.8  318.8
  563.0   4917   -1.5  -37.5      4   0.27    223     15  320.1  321.2  320.2
  500.0   5850   -7.9  -36.9      8   0.32    235     23  323.3  324.6  323.4
  478.0   6198  -10.5  -37.5      9   0.32    243     24  324.3  325.6  324.4
  449.0   6671  -14.3  -32.6     20   0.55    255     25  325.4  327.5  325.5
  411.0   7339  -19.7  -25.7     59   1.15    259     29  326.8  331.0  327.0
  406.0   7430  -20.1  -24.3     69   1.33    259     29  327.4  332.2  327.6
  400.0   7540  -20.5  -26.5     59   1.10    260     30  328.3  332.3  328.5
  344.0   8637  -28.1  -46.1     16   0.18    255     39  332.4  333.1  332.4
  314.0   9283  -34.3  -49.3     20   0.14    252     44  332.6  333.1  332.6
  300.0   9600  -35.9  -55.9     11   0.07    250     47  334.7  334.9  334.7
  264.0  10475  -42.3  -62.3      9   0.03    250     58  337.7  337.9  337.8
  250.0  10840  -45.7  -62.7     13   0.03    250     62  338.0  338.1  338.0
  238.0  11165  -48.9  -62.9     18   0.03    250     63  337.9  338.1  338.0
  231.0  11358  -50.0  -62.9     20   0.03    250     64  339.1  339.3  339.2
  207.0  12069  -54.1  -63.1     32   0.04    254     87  343.5  343.7  343.6
  202.0  12226  -53.7  -65.5     22   0.03    255     92  346.6  346.8  346.6
  200.0  12290  -53.5  -66.5     19   0.02    255     92  347.9  348.0  347.9
  193.0  12519  -54.5  -67.5     19   0.02    256     93  349.9  349.9  349.9
  172.0  13248  -59.9  -74.9     12   0.01    259     97  352.6  352.7  352.6
  168.0  13393  -61.2                         260     98  352.8         352.8
  157.0  13812  -65.1                         256     87  353.1         353.1
  153.0  13969  -64.9                         255     83  356.1         356.1
  150.0  14090  -64.7                         255     73  358.4         358.4
  146.0  14253  -65.4                         265     66  360.0         360.0
  134.0  14769  -67.6                         280     69  364.9         364.9
  125.0  15187  -69.5                         270     74  369.0         369.0
  121.0  15383  -70.3                         263     68  370.9         370.9
  117.0  15583  -68.5                         256     61  377.8         377.8
  114.0  15737  -69.5                         250     56  378.7         378.7
  104.0  16280  -73.1                         265     43  381.9         381.9
  100.0  16510  -72.9                         265     45  386.6         386.6
   84.0  17531  -74.9                         225     21  402.3         402.3
   83.9  17538  -74.9                         225     21  402.4         402.4
   80.0  17819  -72.8                         235     12  412.2         412.2
   79.0  17893  -72.3                         225     10  414.8         414.8
   76.0  18121  -70.6                           0      0  422.9         422.9
   75.4  18168  -70.3                         348      1  424.6         424.6
   72.2  18426  -71.3                         285      4  427.7         427.7
   70.0  18610  -70.1                         240      7  434.1         434.1
   69.0  18696  -68.8                         185     10  438.8         438.8
   67.5  18827  -66.7                         163     14  446.0         446.0
   66.0  18964  -66.4                         140     18  449.5         449.5
   64.0  19150  -66.0                         120     15  454.4         454.4
   62.0  19343  -65.5                         130     12  459.6         459.6
   56.9  19863  -64.3                         102     15  473.7         473.7
   54.6  20114  -65.9                          89     17  475.7         475.7
   54.0  20181  -65.5                          85     17  478.0         478.0
   51.0  20529  -63.7                         100     25  490.1         490.1
   50.0  20650  -63.1                          95     25  494.4         494.4
   47.0  21035  -61.5                          90     31  507.1         507.1
   44.0  21444  -59.7                          75     24  521.0         521.0
   43.3  21544  -59.3                          84     26  524.4         524.4
   42.0  21735  -59.4                         100     30  528.7         528.7
   36.0  22700  -60.1                          91     37  550.8         550.8
   32.1  23421  -57.1                          84     42  577.1         577.1
   30.0  23850  -56.7                          80     45  589.5         589.5
   27.0  24528  -54.9                          75     49  612.5         612.5
   21.0  26146  -50.7                         100     41  670.8         670.8
   20.0  26460  -49.9                         100     45  682.7         682.7
   17.0  27532  -47.9                          90     38  721.5         721.5
   16.0  27931  -47.2                         105     46  736.5         736.5
   15.0  28357  -46.4                          95     53  752.8         752.8
   14.4  28626  -45.9                                     763.3         763.3
