
-----------------------------------------------------------------------------
   PRES   HGHT   TEMP   DWPT   RELH   MIXR   DRCT   SKNT   THTA   THTE   THTV
    hPa     m      C      C      %    g/kg    deg   knot     K      K      K 
-----------------------------------------------------------------------------
 1026.0      5   17.8   14.3     80  10.08    210     10  288.8  317.2  290.6
 1005.0    182   16.0   12.9     82   9.38    170     16  288.7  315.2  290.4
 1000.0    225   16.0   12.8     81   9.37    160     18  289.1  315.7  290.8
  996.0    259   16.4   13.1     81   9.62    160     18  289.9  317.1  291.5
  987.0    337   17.2   13.9     81  10.21    155     19  291.4  320.6  293.2
  940.0    751   14.5   11.4     82   9.09    125     22  292.8  318.9  294.4
  925.0    888   13.6   10.6     82   8.75    125     22  293.2  318.5  294.8
  850.0   1596    9.2    6.8     85   7.34    135     21  295.8  317.3  297.1
  824.0   1852    7.5    5.8     89   7.06    135     17  296.6  317.4  297.8
  789.0   2209    5.0    4.4     96   6.69    122     18  297.6  317.5  298.8
  771.0   2396    4.1    3.4     95   6.39    115     18  298.6  317.8  299.8
  711.0   3053    1.0    0.1     93   5.43    115     26  302.2  318.8  303.2
  700.0   3179    0.4   -0.6     93   5.26    115     25  302.9  319.0  303.9
  677.0   3447   -0.9   -2.0     92   4.90    109     25  304.4  319.5  305.2
  659.0   3662   -1.8   -5.8     74   3.78    105     25  305.7  317.6  306.4
  641.0   3883   -2.7   -9.7     59   2.87    108     24  307.1  316.3  307.6
  635.0   3958   -2.5  -25.5     15   0.76    110     24  308.1  310.8  308.3
  572.0   4779   -8.1  -43.1      4   0.15    122     20  310.9  311.5  310.9
  563.0   4902   -9.1  -25.1     26   0.89    124     20  311.1  314.3  311.3
  537.0   5266  -11.3  -48.6      3   0.09    130     18  312.7  313.1  312.7
  535.0   5295  -11.5  -50.5      2   0.07    130     18  312.9  313.1  312.9
  500.0   5810  -15.9  -51.9      3   0.06    125     17  313.6  313.9  313.6
  426.0   6983  -25.6  -46.2     13   0.14    115     11  315.9  316.5  315.9
  410.0   7264  -27.9  -44.9     18   0.17    121     15  316.4  317.1  316.4
  400.0   7440  -29.1  -49.1     13   0.11    125     17  317.1  317.5  317.1
  375.0   7891  -32.4  -55.2      8   0.06    130     30  318.6  318.8  318.6
  339.0   8597  -37.6  -64.8      4   0.02    140     26  320.8  320.9  320.9
  328.0   8828  -39.3  -68.0      3   0.01    150     23  321.6  321.6  321.6
  318.0   9044  -40.9  -70.9      2   0.01    168     26  322.2  322.2  322.2
  314.0   9130  -41.4  -71.2      3   0.01    175     27  322.7  322.7  322.7
  300.0   9440  -43.1  -72.1      3   0.01    185     26  324.5  324.5  324.5
  296.0   9530  -43.5  -72.2      3   0.01    185     26  325.2  325.2  325.2
  290.0   9668  -44.1  -72.5      3   0.01    190     33  326.2  326.3  326.2
  284.0   9808  -44.7  -72.7      3   0.01    200     40  327.3  327.4  327.3
  272.0  10099  -41.1  -73.1      2   0.01    220     52  336.6  336.6  336.6
  250.0  10670  -42.9  -75.9      1   0.01    210     60  342.1  342.2  342.1
  239.0  10973  -43.4  -76.7      1   0.00    205     58  345.8  345.8  345.8
  207.0  11940  -45.1  -79.1      1   0.00    209     75  357.7  357.7  357.7
  201.0  12137  -46.5  -81.3      1   0.00    210     79  358.5  358.5  358.5
  200.0  12170  -46.7  -81.7      1   0.00    210     79  358.7  358.7  358.7
  177.0  12967  -50.0  -82.0      1   0.00    210     68  365.9  365.9  365.9
  157.0  13748  -53.3  -82.3      2   0.00    221     56  373.1  373.1  373.1
  150.0  14040  -55.3  -87.3      1   0.00    225     52  374.6  374.6  374.6
  136.0  14660  -59.9  -86.9      2   0.00    237     50  377.1  377.1  377.1
  132.0  14842  -60.8                         240     50  378.7         378.7
  112.0  15847  -66.0                         225     36  387.3         387.3
  100.0  16540  -69.5                         235     44  393.2         393.2
   94.0  16907  -71.2                         225     31  396.8         396.8
   93.8  16920  -71.3                         225     30  396.9         396.9
   90.0  17165  -70.3                         235     30  403.5         403.5
   87.0  17367  -69.5                         220     35  409.1         409.1
   82.5  17683  -68.3                         194     25  417.9         417.9
   81.0  17792  -68.7                         185     21  419.3         419.3
   77.0  18094  -69.7                         190     11  423.3         423.3
   72.5  18452  -70.9                         194     21  428.1         428.1
   72.0  18493  -70.7                         195     22  429.2         429.2
   70.0  18660  -70.1                         175     17  434.1         434.1
   68.0  18833  -70.0                         160     10  438.0         438.0
   67.0  18921  -69.9                         190      3  440.0         440.0
   59.8  19599  -69.3                         157      6  455.9         455.9
   54.8  20129  -63.1                         132      8  481.6         481.6
   50.0  20690  -65.5                         105     10  488.7         488.7
   48.0  20938  -66.5                         105     10  492.1         492.1
   44.0  21472  -64.9                         150      8  508.4         508.4
   42.0  21758  -64.0                         120     10  517.3         517.3
   40.0  22058  -63.1                          60      5  526.9         526.9
   39.0  22213  -62.6                         100     10  531.9         531.9
   38.0  22373  -62.2                         100     16  537.1         537.1
   37.0  22537  -61.7                          85     19  542.5         542.5
   35.9  22722  -61.1                          74     14  548.6         548.6
   35.0  22880  -61.5                          65     10  551.5         551.5
   34.3  23005  -61.9                          96      6  553.7         553.7
   34.0  23060  -61.4                         110      4  556.4         556.4
   31.0  23643  -56.2                         110     10  585.4         585.4
   30.0  23850  -54.3                          80     17  596.0         596.0
   29.6  23936  -54.1                          74     18  598.9         598.9
   29.0  24067  -54.7                          65     20  600.7         600.7
   27.1  24501  -56.7                          22     11  606.9         606.9
   27.0  24525  -56.6                          20     10  607.8         607.8
   26.0  24770  -55.6                          50      4  617.2         617.2
   24.0  25288  -53.5                          95     10  637.6         637.6
   21.0  26154  -50.0                          25      4  673.0         673.0
   20.0  26470  -48.7                          20      5  686.3         686.3
   19.8  26536  -47.7                          10      5  691.4         691.4
   19.0  26808  -48.4                         330      7  697.4         697.4
   18.9  26843  -48.5                                     698.1         698.1
