
-----------------------------------------------------------------------------
   PRES   HGHT   TEMP   DWPT   RELH   MIXR   DRCT   SKNT   THTA   THTE   THTV
    hPa     m      C      C      %    g/kg    deg   knot     K      K      K 
-----------------------------------------------------------------------------
 1026.0      5   19.4   17.1     87  12.10    110     10  290.4  324.6  292.5
 1022.0     38   20.0   17.4     85  12.38    111     14  291.3  326.5  293.5
 1000.0    223   18.4   15.7     84  11.34    115     34  291.6  323.8  293.5
  948.0    678   14.4   14.4    100  10.99    108     37  292.0  323.3  293.9
  925.0    886   13.4   13.4    100  10.55    105     38  293.0  323.2  294.9
  878.0   1326   11.6   11.1     97   9.54     90     37  295.5  323.3  297.2
  850.0   1597   10.2    9.8     97   9.02     80     36  296.8  323.2  298.4
  739.0   2751    4.4    4.0     97   6.94     66     28  302.6  323.6  303.9
  727.0   2884    3.8    0.7     80   5.57     64     27  303.4  320.4  304.4
  700.0   3191    1.8   -0.9     82   5.14     60     25  304.4  320.4  305.4
  643.0   3872   -2.7   -3.4     95   4.65     65     24  306.8  321.4  307.7
  562.0   4931   -8.9  -10.4     89   3.10     73     23  311.5  321.6  312.1
  551.0   5084  -10.3  -15.3     67   2.12     74     23  311.6  318.7  312.1
  548.0   5126  -10.3  -15.2     67   2.15     75     23  312.1  319.3  312.5
  541.0   5225  -10.9  -14.2     77   2.37     75     23  312.6  320.4  313.0
  535.0   5311  -10.5  -13.4     79   2.56     76     23  314.0  322.6  314.5
  504.0   5769  -13.5  -17.8     70   1.88     80     22  315.8  322.2  316.2
  500.0   5830  -13.7  -17.6     72   1.93     80     22  316.3  322.9  316.6
  400.0   7480  -25.5  -30.0     66   0.80     35     13  321.8  324.7  321.9
  384.0   7775  -27.5  -31.4     69   0.73     32     14  322.9  325.6  323.1
  337.0   8700  -35.1  -38.1     74   0.43     23     15  324.8  326.4  324.9
  314.0   9189  -39.1  -47.1     42   0.18     18     16  325.9  326.6  325.9
  300.0   9500  -41.1  -48.1     47   0.16     15     17  327.3  328.0  327.4
  285.0   9846  -43.9  -50.9     46   0.13     60     14  328.1  328.7  328.2
  280.0   9965  -42.9  -53.9     29   0.09     75     14  331.2  331.6  331.3
  251.0  10694  -47.7  -71.7      5   0.01    170      8  334.6  334.7  334.6
  250.0  10720  -47.5  -70.5      5   0.01    175      8  335.3  335.4  335.3
  230.0  11276  -44.3  -75.3      2   0.01    196     15  348.3  348.3  348.3
  204.0  12078  -45.9  -78.9      1   0.00    225     24  357.9  357.9  357.9
  200.0  12210  -46.7  -81.7      1   0.00    230     26  358.7  358.7  358.7
  150.0  14080  -56.3  -84.3      2   0.00    215     27  372.9  372.9  372.9
  137.0  14652  -59.9  -89.9      1   0.00    212     25  376.3  376.3  376.3
  100.0  16580  -68.7                         200     16  394.7         394.7
   97.0  16762  -69.6                         180     12  396.5         396.5
   96.6  16786  -69.7                         175     12  396.7         396.7
   86.0  17480  -69.3                         180     10  410.9         410.9
   81.0  17838  -69.1                         145      7  418.4         418.4
   76.0  18218  -68.9                         145      8  426.6         426.6
   72.7  18483  -68.7                         133     13  432.4         432.4
   72.0  18541  -68.3                         130     14  434.4         434.4
   70.0  18710  -67.1                         140     13  440.5         440.5
   68.0  18886  -66.1                         145     13  446.4         446.4
   64.7  19188  -64.3                         112     14  456.6         456.6
   63.0  19351  -64.3                          95     14  460.0         460.0
   58.0  19856  -64.5                         120     20  470.7         470.7
   57.8  19877  -64.5                                     471.1         471.1
