
-----------------------------------------------------------------------------
   PRES   HGHT   TEMP   DWPT   RELH   MIXR   DRCT   SKNT   THTA   THTE   THTV
    hPa     m      C      C      %    g/kg    deg   knot     K      K      K 
-----------------------------------------------------------------------------
 1018.0      5   22.0   19.1     84  13.86    215     11  293.6  333.3  296.1
 1001.0    150   19.9   18.2     90  13.36    200     10  293.0  331.1  295.3
 1000.0    159   19.8   18.2     90  13.33    195     10  292.9  331.0  295.3
  978.0    351   18.8   18.5     98  13.90    283      5  293.8  333.6  296.3
  959.0    520   19.7   19.4     99  15.06      0      0  296.3  339.9  299.0
  956.0    547   19.8   19.6     99  15.26    357      1  296.7  340.9  299.4
  929.0    795   19.1   18.6     97  14.70    330     10  298.5  341.4  301.1
  925.0    832   19.0   18.4     96  14.62    330     11  298.7  341.5  301.4
  869.0   1367   16.1   14.7     92  12.25    315     18  301.0  337.3  303.2
  850.0   1556   15.0   13.4     90  11.49    315     18  301.9  336.0  303.9
  804.0   2027   12.8   11.6     92  10.78    319     17  304.3  336.8  306.3
  727.0   2866    7.4    0.4     61   5.45    327     16  307.3  324.3  308.3
  708.0   3084    8.2   -2.8     46   4.42    329     15  310.5  324.6  311.4
  700.0   3178    7.6   -2.4     49   4.60    330     15  310.9  325.6  311.7
  698.0   3201    7.4   -2.4     50   4.62    330     16  310.9  325.7  311.8
  656.0   3709    3.6   -2.4     65   4.91    303     15  312.2  327.9  313.1
  649.0   3797    4.2    2.5     89   7.11    299     15  313.8  336.3  315.2
  636.0   3961    3.4    1.8     89   6.91    290     15  314.7  336.7  316.1
  595.0   4501    0.8   -0.4     92   6.29    307     12  317.8  338.1  319.0
  589.0   4581    0.3   -1.1     90   6.01    310     12  318.1  337.6  319.3
  567.0   4885   -1.4   -4.0     83   5.06    300     12  319.6  336.2  320.6
  536.0   5334   -3.9   -8.1     73   3.90    315      7  321.8  334.8  322.5
  535.0   5348   -4.0   -8.1     73   3.89    315      7  321.9  334.9  322.6
  529.0   5437   -4.4   -8.4     74   3.86    305      6  322.3  335.3  323.1
  512.0   5694   -5.7   -9.2     77   3.76    285      9  323.8  336.5  324.5
  500.0   5880   -6.7   -9.7     79   3.68    285     14  324.8  337.3  325.5
  473.0   6312   -9.3  -10.6     90   3.63    282     15  326.8  339.2  327.5
  458.0   6558  -10.7  -13.1     83   3.07    280     15  328.1  338.8  328.7
  425.0   7130  -13.9  -18.8     67   2.06    295     14  331.1  338.5  331.5
  411.0   7386  -15.3  -21.3     60   1.71    287     15  332.4  338.7  332.8
  400.0   7590  -17.1  -21.3     70   1.76    280     15  332.7  339.1  333.0
  397.0   7646  -17.5  -21.6     70   1.72    275     16  332.9  339.2  333.2
  372.0   8131  -20.9  -24.3     74   1.45    289     22  334.6  340.0  334.9
  345.0   8681  -24.2  -30.6     55   0.87    305     30  337.4  340.8  337.6
  324.0   9140  -26.9  -35.9     42   0.55    301     31  339.8  342.0  339.9
  301.0   9666  -31.5  -41.5     37   0.34    295     33  340.5  341.9  340.6
  300.0   9690  -31.7  -42.7     33   0.30    295     33  340.6  341.8  340.6
  250.0  10950  -43.1  -50.1     46   0.16    285     44  341.9  342.5  341.9
  249.0  10977  -43.5  -51.5     41   0.13    285     44  341.6  342.2  341.7
  234.0  11394  -46.3  -51.3     57   0.15    281     49  343.5  344.2  343.6
  225.0  11654  -48.5  -59.5     27   0.06    279     53  344.0  344.3  344.0
  211.0  12073  -52.0  -59.4     41   0.06    275     58  344.9  345.2  345.0
  206.0  12229  -53.3  -59.3     48   0.06    273     60  345.3  345.6  345.3
  200.0  12420  -53.7  -63.7     28   0.04    270     62  347.6  347.7  347.6
  195.0  12582  -54.7  -68.7     16   0.02    266     63  348.5  348.6  348.5
  193.0  12648  -55.1  -69.4     15   0.02    265     64  348.8  348.9  348.8
  173.0  13339  -59.9  -76.9      9   0.01    252     59  352.0  352.1  352.0
  170.0  13447  -60.5                         250     58  352.9         352.9
  156.0  13979  -63.3                         270     35  356.9         356.9
  153.0  14099  -63.9                         272     34  357.8         357.8
  150.0  14220  -65.1                         275     33  357.7         357.7
  140.0  14633  -68.2                         285     34  359.4         359.4
  126.0  15263  -72.9                         270     28  361.9         361.9
  115.0  15801  -72.3                         265     15  372.6         372.6
  111.0  16009  -72.1                         280     12  376.8         376.8
  100.0  16620  -74.5                         325      4  383.5         383.5
   91.7  17121  -76.5                         229      8  389.2         389.2
   87.0  17426  -75.6                         170     10  396.8         396.8
   83.0  17700  -74.9                         110     11  403.7         403.7
   80.0  17914  -74.3                          95     14  409.2         409.2
   74.0  18367  -73.0                         115     15  421.1         421.1
   70.0  18690  -72.1                         105     16  429.8         429.8
   64.0  19225  -69.7                         110     22  446.3         446.3
   60.0  19611  -67.9                          93     23  458.6         458.6
   55.0  20135  -68.8                          70     25  468.1         468.1
   54.3  20212  -68.9                          78     25  469.5         469.5
   52.0  20473  -67.8                         105     23  477.9         477.9
   50.6  20637  -67.1                          98     26  483.3         483.3
   50.0  20710  -65.7                          95     27  488.2         488.2
   49.0  20834  -64.0                          85     30  495.1         495.1
   48.6  20884  -63.3                          87     30  497.9         497.9
   45.0  21363  -62.4                         105     27  511.1         511.1
   40.0  22097  -61.1                          90     28  531.9         531.9
   30.0  23890  -57.9                          95     30  586.2         586.2
   28.7  24171  -56.1                          95     32  598.6         598.6
   26.3  24727  -56.5                          95     36  612.6         612.6
   26.0  24801  -56.1                          95     36  615.8         615.8
   22.3  25791  -50.9                          77     32  658.8         658.8
   21.0  26182  -51.3                          70     31  668.9         668.9
   20.0  26500  -51.7                          70     28  677.2         677.2
   16.0  27952  -50.2                          85     32  726.7         726.7
   15.8  28034  -50.1                                     729.6         729.6
