
-----------------------------------------------------------------------------
   PRES   HGHT   TEMP   DWPT   RELH   MIXR   DRCT   SKNT   THTA   THTE   THTV
    hPa     m      C      C      %    g/kg    deg   knot     K      K      K 
-----------------------------------------------------------------------------
 1020.0      5   21.2   19.8     92  14.47    150      7  292.7  333.9  295.2
 1000.0    175   20.2   18.5     90  13.59    140     14  293.4  332.2  295.7
  997.0    201   20.2   18.4     89  13.54    140     15  293.6  332.4  296.0
  979.0    358   18.8   18.0     95  13.44    140     19  293.7  332.2  296.1
  964.0    491   18.4   15.5     83  11.62    140     23  294.6  328.1  296.6
  958.0    545   18.2   14.5     79  10.95    138     23  294.9  326.6  296.9
  925.0    844   15.8   14.5     92  11.34    130     20  295.5  328.3  297.5
  869.0   1372   13.1   12.3     95  10.43    105     19  298.0  328.6  299.9
  850.0   1559   12.2   11.5     95  10.12    105     20  298.9  328.7  300.7
  822.0   1840   10.4   10.2     99   9.59    108     24  299.9  328.3  301.6
  803.0   2035   12.2    8.0     76   8.45    111     27  303.8  329.4  305.4
  783.0   2247   11.8    5.8     67   7.44    114     29  305.6  328.3  306.9
  772.0   2364   11.0    5.3     68   7.30    115     31  306.0  328.4  307.3
  700.0   3175    5.6    2.1     78   6.40    100     16  308.6  328.6  309.9
  686.0   3339    4.5    1.4     80   6.21    100     13  309.2  328.7  310.4
  677.0   3446    3.8    0.9     81   6.09     85     10  309.6  328.7  310.8
  635.0   3965    0.4   -1.3     88   5.51     15      5  311.4  328.9  312.5
  632.0   4003    0.2   -1.4     89   5.48     10      5  311.6  329.0  312.7
  577.0   4729   -3.5   -4.2     95   4.88    104      9  315.5  331.3  316.5
  571.0   4811   -3.9   -4.7     94   4.76    115     10  316.0  331.5  316.9
  561.0   4949   -4.6   -5.5     94   4.57    125     13  316.8  331.7  317.6
  519.0   5558   -7.6   -8.9     90   3.77    120     12  320.2  332.8  321.0
  500.0   5850   -9.1  -10.6     89   3.43     85     13  321.9  333.5  322.6
  489.0   6023   -9.9  -11.7     87   3.21     64     14  322.9  333.9  323.6
  466.0   6395  -11.9  -16.3     70   2.31     20     16  324.9  333.0  325.4
  462.0   6462  -12.3  -17.1     67   2.18     18     16  325.2  332.9  325.7
  459.0   6512  -12.9  -22.9     43   1.33     16     17  325.1  329.9  325.4
  454.0   6596  -13.5  -19.5     61   1.81     13     17  325.4  331.8  325.7
  451.0   6646  -14.1  -26.1     36   1.01     12     17  325.2  328.9  325.4
  431.0   6989  -17.1  -23.7     56   1.32      0     19  325.6  330.4  325.9
  422.0   7149  -18.5  -22.6     70   1.48     18     26  325.8  331.2  326.1
  421.0   7167  -18.3  -23.0     66   1.43     20     27  326.3  331.5  326.6
  419.0   7202  -17.9  -23.9     59   1.33     20     28  327.3  332.1  327.5
  415.0   7275  -18.3  -26.3     49   1.08     20     29  327.6  331.6  327.9
  400.0   7550  -19.7  -27.7     49   0.99     20     35  329.3  333.0  329.5
  391.0   7718  -21.1  -29.1     49   0.89     23     39  329.6  332.9  329.8
  384.0   7851  -21.7  -47.7      8   0.13     25     43  330.5  331.1  330.6
  370.0   8122  -24.1  -38.1     26   0.39     30     50  330.9  332.4  330.9
  342.0   8689  -28.9  -58.9      4   0.04     30     42  331.9  332.1  331.9
  324.0   9069  -31.7  -60.9      4   0.03     30     37  333.2  333.3  333.2
  300.0   9610  -35.7  -63.7      4   0.02     45     42  334.9  335.1  334.9
  298.0   9656  -36.1  -63.6      4   0.02     45     41  335.0  335.1  335.0
  264.0  10483  -43.5  -62.8     10   0.03     30     52  335.9  336.1  335.9
  259.0  10613  -44.7  -62.7     12   0.03     30     48  336.1  336.2  336.1
  250.0  10850  -45.3  -64.3     10   0.03     30     41  338.6  338.7  338.6
  241.0  11092  -46.3  -67.0      8   0.02     30     29  340.6  340.7  340.6
  232.0  11342  -47.4  -69.7      6   0.01     20     22  342.7  342.8  342.7
  221.0  11662  -48.7  -73.2      4   0.01      5     19  345.4  345.5  345.4
  202.0  12254  -51.2  -79.8      2   0.00     25     14  350.5  350.5  350.5
  200.0  12320  -51.5  -80.5      2   0.00     30     13  351.1  351.1  351.1
  194.0  12518  -51.9  -80.9      2   0.00     51     12  353.5  353.5  353.5
  183.0  12889  -54.8  -81.6      2   0.00     90     10  354.7  354.8  354.7
  165.0  13548  -59.9  -82.9      3   0.00     86     14  356.8  356.9  356.8
  161.0  13701  -60.6                          85     15  358.2         358.2
  150.0  14140  -62.5                         105     12  362.2         362.2
  146.0  14304  -63.5                         110      8  363.2         363.2
  138.0  14645  -65.7                         125     11  365.2         365.2
  125.0  15243  -69.6                         105     19  368.7         368.7
  124.0  15292  -69.9                         107     20  369.0         369.0
  106.0  16217  -72.4                         150     31  381.2         381.2
  100.0  16560  -73.3                         135     28  385.9         385.9
   86.3  17417  -75.7                         120     24  397.6         397.6
   80.0  17860  -74.2                         110     20  409.3         409.3
   76.0  18160  -73.3                          85     15  417.4         417.4
   74.0  18315  -72.8                         105     10  421.6         421.6
   72.0  18475  -72.2                         125     12  426.1         426.1
   70.0  18640  -71.7                         105     20  430.7         430.7
   69.5  18682  -71.1                          99     20  432.8         432.8
   68.0  18811  -71.0                          80     19  435.7         435.7
   63.0  19264  -70.7                         115     16  446.0         446.0
   56.0  19961  -70.2                          90     23  462.4         462.4
   54.2  20155  -70.1                         108     19  467.0         467.0
   54.0  20177  -69.8                         110     18  468.1         468.1
   52.0  20404  -67.2                          95     25  479.3         479.3
   50.0  20640  -64.5                         100     24  491.1         491.1
   49.9  20652  -64.3                         100     24  491.8         491.8
   47.0  21023  -63.1                         105     29  503.1         503.1
   44.0  21431  -61.8                          95     30  515.9         515.9
   43.0  21573  -61.4                          85     27  520.4         520.4
   40.0  22021  -59.9                         100     26  534.9         534.9
   38.4  22274  -59.1                          92     26  543.2         543.2
   38.0  22339  -59.2                          90     26  544.5         544.5
   35.0  22853  -60.3                         105     25  554.8         554.8
   34.9  22871  -60.3                         105     25  555.1         555.1
   32.1  23398  -55.5                         102     32  581.4         581.4
   30.0  23830  -54.7                         100     37  594.9         594.9
   28.0  24274  -53.8                          90     43  609.4         609.4
   24.1  25240  -51.7                          80     32  642.0         642.0
   24.0                                        80     32                     
