
-----------------------------------------------------------------------------
   PRES   HGHT   TEMP   DWPT   RELH   MIXR   DRCT   SKNT   THTA   THTE   THTV
    hPa     m      C      C      %    g/kg    deg   knot     K      K      K 
-----------------------------------------------------------------------------
 1026.0      5   19.0   10.0     56   7.56    210      9  290.0  311.7  291.3
 1023.0     29    9.0    1.0     57   4.04    210      9  280.3  291.7  281.0
 1021.0     46   16.6    7.6     55   6.45    210      8  288.0  306.5  289.2
 1020.0     54   17.4    8.4     55   6.82    210      8  288.9  308.4  290.1
 1000.0    220   16.4   10.4     68   7.97    210      5  289.6  312.3  290.9
  960.0    567   14.6    9.6     72   7.87    129      6  291.1  313.7  292.5
  925.0    880   11.8    8.9     82   7.79     55      6  291.4  313.8  292.7
  870.0   1390    8.0    5.6     85   6.60     78      8  292.6  311.8  293.7
  854.0   1543    6.9    3.3     78   5.71     85      9  292.9  309.7  294.0
  850.0   1582    6.6    2.7     76   5.50     85      9  293.1  309.2  294.0
  829.0   1787    6.1   -1.4     59   4.19     90      9  294.6  307.2  295.4
  811.0   1967    5.7   -5.0     46   3.27      0      0  296.1  306.1  296.6
  798.0   2099    5.4   -7.6     39   2.72    336      2  297.1  305.5  297.6
  766.0   2434    6.0  -18.0     16   1.22    275      6  301.2  305.3  301.5
  741.0   2704    5.1  -24.4     10   0.72    225     10  303.1  305.6  303.3
  711.0   3041    4.0  -32.4      5   0.36    235     16  305.5  306.8  305.6
  700.0   3168    3.6  -35.4      4   0.27    235     14  306.4  307.4  306.5
  696.0   3214    3.6  -38.4      3   0.20    233     14  306.9  307.7  307.0
  651.0   3746    0.6  -41.1      3   0.16    205     10  309.5  310.1  309.6
  593.0   4488   -3.5  -44.8      2   0.12    135      2  313.1  313.6  313.1
  577.0   4706   -4.7  -45.9      2   0.11     85     10  314.1  314.6  314.1
  554.0   5030   -6.5  -47.5      2   0.10     95     13  315.7  316.1  315.7
  500.0   5820  -13.3  -48.3      4   0.10    120     19  316.8  317.1  316.8
  494.0   5912  -14.1  -49.1      3   0.09    120     20  316.9  317.2  316.9
  491.0   5958  -14.5  -49.5      3   0.09    121     20  316.9  317.3  316.9
  479.0   6142  -15.7  -50.0      4   0.08    125     18  317.7  318.0  317.7
  429.0   6961  -21.1  -52.0      4   0.07     95     10  321.0  321.4  321.1
  404.0   7407  -24.0  -53.0      5   0.07     25      4  322.8  323.1  322.8
  403.0   7426  -24.1  -53.1      5   0.07     19      4  322.9  323.2  322.9
  400.0   7480  -24.7  -52.7      6   0.07      0      5  322.8  323.1  322.8
  372.0   7998  -29.5  -57.5      5   0.04    315     10  323.2  323.4  323.2
  346.0   8516  -34.3  -62.3      4   0.03    298     12  323.5  323.6  323.5
  335.0   8739  -35.8  -63.6      4   0.02    290     13  324.4  324.4  324.4
  311.0   9252  -39.4  -66.6      4   0.02    320     12  326.4  326.4  326.4
  300.0   9500  -41.1  -68.1      4   0.01    310     14  327.3  327.4  327.3
  294.0   9636  -42.2  -68.4      4   0.01    305     13  327.7  327.8  327.7
  282.0   9916  -44.4  -69.0      5   0.01    280     16  328.5  328.5  328.5
  277.0  10037  -45.3  -69.3      5   0.01    282     21  328.8  328.9  328.8
  268.0  10257  -44.3  -72.3      3   0.01    285     31  333.4  333.4  333.4
  254.0  10614  -46.5  -75.2      2   0.01    290     47  335.3  335.4  335.3
  250.0  10720  -47.1  -76.1      2   0.00    290     49  335.9  335.9  335.9
  211.0  11830  -52.1  -81.1      2   0.00    285     61  344.8  344.8  344.8
  200.0  12180  -53.7  -82.7      2   0.00    280     59  347.6  347.6  347.6
  163.0  13475  -59.9  -85.9      2   0.00    273     48  358.1  358.1  358.1
  150.0  13990  -62.9                         270     43  361.5         361.5
  136.0  14590  -65.1                         270     37  367.9         367.9
  100.0  16450  -68.1                         255     31  395.9         395.9
   84.1  17496  -64.1                         230     16  424.1         424.1
   84.0  17503  -64.1                         230     16  424.2         424.2
   76.0  18111  -65.3                         245     12  434.0         434.0
   73.6  18306  -65.7                         229     12  437.2         437.2
   70.0  18610  -64.9                         205     11  445.2         445.2
   66.0  18972  -64.2                         215     10  454.3         454.3
   62.0  19357  -63.5                         215     10  464.1         464.1
   60.0  19558  -63.1                         195     10  469.3         469.3
   54.0  20207  -61.8                         205      3  486.6         486.6
   50.0  20680  -60.9                         235      8  499.5         499.5
   48.0  20937  -60.5                         205     10  506.3         506.3
   47.0  21069  -60.3                         210     10  509.8         509.8
   43.0  21628  -59.5                         115     14  525.0         525.0
   39.0  22241  -58.6                         165      7  542.2         542.2
   37.0  22572  -58.1                          30     10  551.7         551.7
   36.0  22744  -57.8                           0     14  556.7         556.7
   35.0  22921  -57.5                         350     10  561.9         561.9
   34.0  23103  -57.3                         265      1  567.2         567.2
   30.0  23890  -56.1                         175      8  591.1         591.1
   29.0  24106  -55.8                         140     10  597.8         597.8
   28.0  24329  -55.4                         130     17  604.7         604.7
   27.0  24560  -55.1                         135     10  612.0         612.0
   25.0  25049  -54.4                         165      4  627.7         627.7
   23.8  25362  -53.9                         159      6  637.9         637.9
   22.0  25863  -54.4                         150     10  650.8         650.8
   20.0  26470  -55.1                         115     14  666.8         666.8
   19.2  26730  -56.7                         159     12  669.6         669.6
   19.0  26796  -56.5                         170     11  672.2         672.2
   17.0  27505  -54.8                         130      2  699.5         699.5
   16.3  27773  -54.1                                     710.1         710.1
