
-----------------------------------------------------------------------------
   PRES   HGHT   TEMP   DWPT   RELH   MIXR   DRCT   SKNT   THTA   THTE   THTV
    hPa     m      C      C      %    g/kg    deg   knot     K      K      K 
-----------------------------------------------------------------------------
 1021.0      5   21.4   13.4     60   9.54    165     14  292.8  320.3  294.5
 1000.0    187   19.4   12.4     64   9.12    155     26  292.6  318.8  294.2
  977.0    385   17.5   11.8     69   8.95    150     30  292.6  318.4  294.2
  925.0    850   13.0   10.3     84   8.57    150     32  292.6  317.3  294.1
  914.0    951   12.0    9.8     86   8.38    148     34  292.6  316.8  294.1
  889.0   1182   10.5    8.4     87   7.84    145     38  293.4  316.1  294.8
  851.0   1546    8.2    6.2     87   7.03    140     33  294.6  315.2  295.9
  850.0   1556    8.2    6.2     87   7.04    140     33  294.7  315.4  296.0
  811.0   1944    7.0    5.6     91   7.08    129     24  297.4  318.4  298.7
  796.0   2097    6.6    4.5     86   6.66    125     21  298.6  318.5  299.8
  754.0   2542    5.4    1.2     74   5.57    148     18  301.9  318.9  303.0
  732.0   2782    3.7    0.2     78   5.32    160     16  302.7  319.0  303.7
  705.0   3087    1.6   -1.1     82   5.01    205     15  303.6  319.1  304.5
  700.0   3145    1.2   -1.4     83   4.96    210     15  303.8  319.1  304.7
  690.0   3261    0.5   -2.2     82   4.75    215     16  304.3  319.0  305.1
  671.0   3485   -0.8   -3.7     81   4.36    205     13  305.2  318.9  306.0
  667.0   3533   -1.1   -4.0     81   4.29    204     14  305.4  318.8  306.2
  660.0   3617   -0.3   -4.7     72   4.11    203     15  307.2  320.2  308.0
  614.0   4190   -5.5   -8.0     83   3.43    194     23  307.7  318.6  308.3
  609.0   4255   -5.5  -12.5     58   2.42    193     24  308.4  316.3  308.9
  596.0   4424   -5.9  -27.1     17   0.70    190     27  309.9  312.3  310.0
  589.0   4517   -6.1  -35.1      8   0.33    194     26  310.6  311.9  310.7
  588.0   4530   -5.9  -21.9     27   1.13    194     25  311.0  314.9  311.2
  565.0   4841   -8.9  -19.9     41   1.40    206     21  311.1  315.9  311.3
  556.0   4965   -9.7  -15.7     62   2.04    211     19  311.6  318.4  311.9
  550.0   5049   -9.5  -11.3     87   2.95    214     17  312.8  322.4  313.3
  532.0   5306  -11.1  -12.0     93   2.88    224     13  313.8  323.3  314.4
  531.0   5320  -11.2  -12.1     93   2.86    225     13  313.9  323.4  314.4
  513.0   5584  -12.9  -14.0     91   2.54    250     16  315.0  323.5  315.5
  500.0   5780  -14.1  -15.4     90   2.32    245     18  315.8  323.6  316.2
  485.0   6010  -15.5  -17.2     86   2.05    240     19  316.8  323.8  317.2
  483.0   6041  -15.7  -17.5     86   2.01    242     19  316.9  323.8  317.3
  476.0   6151  -16.7  -22.7     60   1.30    248     18  317.0  321.6  317.3
  468.0   6277  -17.8  -24.2     57   1.16    255     18  317.3  321.4  317.5
  442.0   6702  -21.3  -29.3     49   0.77    223     20  318.0  320.8  318.2
  440.0   6735  -21.6  -30.9     43   0.66    220     20  318.0  320.5  318.2
  433.0   6853  -22.7  -36.7     27   0.38    223     22  318.1  319.6  318.2
  421.0   7058  -23.3  -52.3      5   0.07    229     26  319.9  320.2  319.9
  400.0   7430  -25.7  -61.7      2   0.02    240     32  321.5  321.6  321.5
  386.0   7686  -27.0  -64.0      2   0.02    245     35  323.1  323.1  323.1
  364.0   8107  -29.2  -67.7      1   0.01    285     36  325.6  325.7  325.6
  357.0   8247  -29.9  -68.9      1   0.01    288     39  326.5  326.5  326.5
  328.0   8843  -34.9  -57.9      8   0.05    301     54  327.6  327.8  327.6
  300.0   9460  -39.1  -45.1     53   0.23    315     70  330.1  331.1  330.2
  298.0   9506  -39.3  -44.3     59   0.25    316     71  330.5  331.5  330.5
  293.0   9620  -40.3  -45.4     58   0.23    320     73  330.7  331.6  330.7
  267.0  10247  -45.7  -51.3     53   0.13    330     70  331.7  332.3  331.8
  250.0  10690  -49.5  -55.5     49   0.08    315     70  332.3  332.7  332.4
  248.0  10742  -49.9  -55.9     49   0.08    313     69  332.5  332.9  332.5
  244.0  10848  -50.7  -59.7     34   0.05    310     67  332.9  333.1  332.9
  233.0  11150  -48.7  -74.7      3   0.01    303     71  340.3  340.3  340.3
  228.0  11292  -48.5  -74.5      3   0.01    300     73  342.8  342.8  342.8
  224.0  11408  -48.3  -74.3      3   0.01    298     71  344.8  344.8  344.8
  203.0  12053  -50.0  -76.9      3   0.01    285     58  351.9  351.9  351.9
  200.0  12150  -50.3  -77.3      3   0.01    285     59  352.9  353.0  353.0
  191.0  12448  -51.5  -80.5      2   0.00    285     63  355.7  355.7  355.7
  176.0  12967  -54.4  -82.7      2   0.00    285     70  359.3  359.3  359.3
  162.0  13493  -57.4  -85.0      2   0.00    280     76  362.9  362.9  362.9
  151.0  13939  -59.9  -86.9      2   0.00    266     64  366.0  366.0  366.0
  150.0  13980  -60.1                         265     63  366.3         366.3
  147.0  14106  -61.0                         260     60  367.0         367.0
  143.0  14277  -62.1                         261     56  367.9         367.9
  125.0  15107  -63.0                         265     39  380.7         380.7
  115.0  15622  -63.5                         270     35  388.9         388.9
  106.0  16118  -67.3                         275     32  390.9         390.9
  103.0  16291  -67.2                         270     31  394.3         394.3
  100.0  16470  -67.1                         265     31  397.8         397.8
   89.5  17141  -66.1                         258     23  412.6         412.6
   86.0  17380  -67.5                         255     20  414.5         414.5
   80.0  17814  -70.1                         265     16  417.8         417.8
   77.0  18042  -69.7                         290     11  423.3         423.3
   73.0  18360  -69.1                         275     13  430.9         430.9
   70.0  18610  -68.7                         295     11  437.1         437.1
   64.0  19151  -66.5                         285     11  453.2         453.2
   63.0  19246  -66.1                         275     10  456.1         456.1
   61.4  19402  -65.5                         219      6  460.9         460.9
   61.0  19441  -65.7                         205      5  461.3         461.3
   59.0  19643  -66.7                         115     10  463.5         463.5
   57.8  19768  -67.3                          97     12  464.8         464.8
   57.0  19853  -67.0                          85     13  467.5         467.5
   53.0  20295  -65.2                          65     19  481.5         481.5
   50.0  20650  -63.7                          50     13  492.9         492.9
   48.0  20903  -62.8                          90      1  500.9         500.9
   45.0  21304  -61.3                         150     10  513.8         513.8
   40.5  21958  -58.9                          96     16  535.5         535.5
   40.0  22036  -59.2                          90     17  536.7         536.7
   36.4  22625  -61.3                          77     26  545.9         545.9
   36.0  22693  -61.3                          75     27  547.8         547.8
   32.4  23348  -60.9                          57     26  565.5         565.5
   32.0  23426  -60.4                          55     26  568.8         568.8
   30.0  23830  -57.9                          65     26  586.2         586.2
   28.0  24268  -55.7                          65     24  603.9         603.9
   27.8  24314  -55.5                          70     23  605.8         605.8
   27.0  24500  -55.9                          90     20  609.8         609.8
   25.7  24814  -56.5                          88     21  616.7         616.7
   24.0  25252  -55.6                          85     22  631.6         631.6
   22.0  25810  -54.4                          65     21  651.0         651.0
   20.0  26420  -53.1                          80     23  672.9         672.9
   19.0  26753  -52.3                          90     21  685.2         685.2
   15.9  27909  -49.7                          82     22  729.6         729.6
   15.0  28290  -49.8                          80     22  741.6         741.6
   13.0  29226  -49.9                                     772.1         772.1
