
-----------------------------------------------------------------------------
   PRES   HGHT   TEMP   DWPT   RELH   MIXR   DRCT   SKNT   THTA   THTE   THTV
    hPa     m      C      C      %    g/kg    deg   knot     K      K      K 
-----------------------------------------------------------------------------
 1019.0      5   22.8   15.8     65  11.20    190      6  294.4  326.6  296.3
 1015.0     39   20.8   13.8     64   9.86    190      6  292.7  321.0  294.4
 1000.0    169   19.8   14.8     73  10.69    190      7  292.9  323.6  294.8
  993.0    230   19.6   15.0     75  10.89    165      9  293.3  324.5  295.2
  961.0    512   18.4   15.8     84  11.84    105     12  294.9  329.1  297.0
  955.0    566   18.2   15.9     86  12.04    103     12  295.2  330.0  297.3
  933.0    765   17.0   12.1     73   9.59     97     11  296.0  323.9  297.7
  925.0    839   16.6   11.8     73   9.48     95     11  296.3  323.9  298.0
  909.0    987   15.4   11.9     80   9.74    100     10  296.6  325.0  298.3
  903.0   1044   15.0   12.0     82   9.85     95     10  296.7  325.4  298.4
  870.0   1359   13.4    5.4     58   6.50     67     10  298.2  317.6  299.4
  850.0   1554   12.0    6.0     67   6.94     50     10  298.7  319.4  299.9
  848.0   1574   11.9    6.2     68   7.06     50     10  298.8  319.8  300.0
  826.0   1794   10.4    8.4     87   8.44     43     13  299.5  324.5  301.0
  816.0   1896   10.7    4.5     66   6.52     40     14  300.8  320.5  302.0
  807.0   1988   11.0    1.0     50   5.12     47     15  302.1  317.8  303.0
  793.0   2134   10.8   -1.2     43   4.44     58     16  303.4  317.2  304.2
  791.0   2155   11.0   -3.4     36   3.79     60     16  303.8  315.7  304.5
  776.0   2316   12.5  -19.9      9   1.02     70     10  307.1  310.6  307.3
  773.0   2348   12.8  -23.2      6   0.77     68     10  307.8  310.5  307.9
  722.0   2915    9.1  -25.5      7   0.67     40      1  309.8  312.2  309.9
  702.0   3149    7.6  -26.4      7   0.63     81      6  310.6  312.9  310.7
  700.0   3172    7.4  -27.6      6   0.57     85      7  310.6  312.7  310.8
  699.0   3184    7.4  -27.9      6   0.55     85      7  310.8  312.8  310.9
  685.0   3350    7.3  -32.9      4   0.35     20      1  312.4  313.8  312.5
  674.0   3483    7.2  -36.8      3   0.24    349      3  313.8  314.7  313.9
  638.0   3932    4.7  -28.8      7   0.56    245     10  315.9  318.0  316.0
  620.0   4166    3.4  -24.6     11   0.85    222     13  317.0  320.1  317.2
  615.0   4231    2.9  -19.8     17   1.30    215     14  317.2  321.8  317.5
  605.0   4364    2.0  -10.0     41   2.97    225     14  317.6  327.6  318.2
  595.0   4498    1.0   -9.0     47   3.27    235     14  318.0  328.9  318.6
  576.0   4759   -1.0   -7.0     63   3.94    230     20  318.6  331.7  319.4
  571.0   4829   -1.5   -6.5     69   4.14    231     19  318.8  332.5  319.6
  549.0   5142   -2.3  -11.3     50   2.95    233     17  321.5  331.5  322.0
  530.0   5421   -4.3  -10.4     62   3.28    235     15  322.3  333.4  322.9
  521.0   5557   -5.3  -10.0     70   3.45    228     16  322.7  334.4  323.4
  518.0   5602   -5.4  -10.5     68   3.35    225     17  323.1  334.4  323.7
  500.0   5880   -6.3  -13.3     58   2.76    230     17  325.3  334.8  325.8
  478.0   6230   -7.9  -17.9     45   1.97    239     19  327.5  334.5  327.9
  475.0   6279   -8.2  -17.9     45   1.98    240     19  327.8  334.8  328.2
  456.0   6594  -10.0  -18.1     52   2.03    230     25  329.3  336.6  329.7
  455.0   6611  -10.1  -18.1     52   2.03    231     25  329.4  336.7  329.8
  432.0   7005  -12.7  -21.1     49   1.66    245     29  331.1  337.1  331.4
  400.0   7590  -16.5  -25.5     46   1.21    245     35  333.5  338.0  333.7
  356.0   8452  -23.0  -30.2     52   0.88    240     37  336.1  339.4  336.2
  350.0   8577  -23.9  -30.9     52   0.84    239     38  336.4  339.6  336.6
  344.0   8703  -24.7  -33.7     43   0.65    239     38  337.0  339.6  337.1
  316.0   9309  -29.8  -39.4     39   0.40    235     42  338.2  339.8  338.3
  300.0   9680  -32.9  -42.9     36   0.29    220     40  338.9  340.1  338.9
  275.0  10288  -38.1  -49.0     31   0.16    220     38  339.9  340.6  340.0
  273.0  10339  -38.5  -49.5     30   0.15    220     39  340.0  340.7  340.1
  250.0  10940  -43.1  -53.1     32   0.11    220     51  341.9  342.3  341.9
  208.0  12149  -54.3  -61.3     42   0.05    220     72  342.8  343.0  342.8
  200.0  12400  -55.7  -63.7     36   0.04    220     76  344.4  344.6  344.4
  182.0  12994  -59.7  -67.7     34   0.02    220     84  347.4  347.5  347.4
  181.0  13029  -59.9  -67.9     34   0.02    220     84  347.5  347.6  347.5
  166.0  13563  -64.3                         220     76  348.9         348.9
  160.0  13787  -65.0                         220     73  351.3         351.3
  154.0  14020  -65.8                         215     79  353.9         353.9
  150.0  14180  -66.3                         215     71  355.7         355.7
  142.0  14511  -66.6                         215     44  360.8         360.8
  139.0  14641  -66.7                         225     36  362.7         362.7
  135.0  14817  -66.9                         241     30  365.5         365.5
  134.0  14861  -67.2                         245     29  365.6         365.6
  130.0  15041  -68.6                         245     25  366.3         366.3
  119.0  15567  -72.7                         260     44  368.2         368.2
  117.0  15668  -73.5                         258     47  368.6         368.6
  106.0  16242  -75.5                         245     64  375.3         375.3
  105.0  16297  -75.7                         240     63  375.9         375.9
  100.0  16580  -73.9                         220     41  384.7         384.7
   97.0  16759  -73.7                         220     31  388.4         388.4
   93.0  17007  -73.5                         240     22  393.6         393.6
   90.0  17200  -73.3                         235     15  397.6         397.6
   88.0  17332  -73.2                         255     12  400.4         400.4
   87.0  17399  -73.1                         270     15  401.9         401.9
   85.0  17536  -73.0                         265     19  404.8         404.8
   83.0  17676  -72.9                         285     16  407.8         407.8
   80.0  17893  -72.7                         250     20  412.6         412.6
   77.0  18118  -72.4                         225     11  417.6         417.6
   75.0  18272  -72.3                         205      3  421.0         421.0
   72.4  18480  -72.1                         278      8  425.7         425.7
   72.0  18513  -71.8                         290      9  427.0         427.0
   70.0  18680  -70.3                         255      4  433.7         433.7
   69.0  18766  -69.5                           0      0  437.2         437.2
   68.0  18853  -68.7                          55      8  440.8         440.8
   66.6  18977  -67.5                          41      9  445.9         445.9
   66.0  19032  -67.4                          35     10  447.3         447.3
   60.0  19608  -66.6                         115      1  461.4         461.4
   55.0  20134  -65.9                         115     10  474.7         474.7
   54.0  20245  -65.7                          90     10  477.5         477.5
   50.0  20710  -65.1                         110      4  489.7         489.7
   49.9  20722  -65.1                         110      4  489.9         489.9
   44.0  21501  -62.2                         105      3  514.8         514.8
   42.0  21789  -61.2                         165     10  524.3         524.3
   41.0  21938  -60.7                         120     13  529.3         529.3
   40.0  22091  -60.1                         110     17  534.4         534.4
   38.0  22415  -59.4                         100     12  544.2         544.2
   36.0  22757  -58.6                         120     11  554.7         554.7
   34.0  23119  -57.7                          45     15  566.1         566.1
   31.0  23703  -56.4                          60     11  584.9         584.9
   30.0  23910  -55.9                          50     10  591.6         591.6
   29.0  24128  -55.3                          30      8  599.0         599.0
   28.0  24354  -54.8                          15      8  606.6         606.6
   27.0  24587  -54.1                           0      4  614.7         614.7
   26.0  24830  -53.5                          50     17  623.1         623.1
   25.0  25082  -52.9                         345     15  632.0         632.0
   24.0  25345  -52.2                         335     10  641.4         641.4
   23.0  25618  -51.5                         285      9  651.3         651.3
   22.5  25760  -51.1                                     656.5         656.5
