
-----------------------------------------------------------------------------
   PRES   HGHT   TEMP   DWPT   RELH   MIXR   DRCT   SKNT   THTA   THTE   THTV
    hPa     m      C      C      %    g/kg    deg   knot     K      K      K 
-----------------------------------------------------------------------------
 1016.0      5   21.0   16.0     73  11.38    145      4  292.8  325.4  294.8
 1000.0    141   19.4   14.6     74  10.55    125      5  292.6  322.8  294.4
  948.0    597   14.8   13.2     90  10.15    122      8  292.4  321.4  294.2
  929.0    769   14.0    9.4     74   8.03    120      9  293.3  316.5  294.7
  925.0    805   13.8    9.1     73   7.90    120      9  293.4  316.3  294.8
  894.0   1090   11.9    8.6     80   7.89    115     10  294.4  317.3  295.8
  850.0   1512    9.2    7.8     91   7.87    125     10  295.8  318.8  297.2
  829.0   1719    7.8    6.8     93   7.52    135     10  296.5  318.6  297.8
  819.0   1819    7.2    6.3     94   7.36    143      9  296.8  318.5  298.1
  783.0   2189    5.8    2.2     78   5.76    170      7  299.1  316.5  300.2
  700.0   3098    0.2   -0.9     92   5.14    240      2  302.7  318.5  303.6
  652.0   3662   -2.9   -4.0     92   4.40      0      0  305.4  319.1  306.2
  595.0   4388   -6.9   -7.9     93   3.56    308      6  308.8  320.2  309.5
  589.0   4468   -6.3  -15.3     49   1.99    302      6  310.4  317.0  310.8
  580.0   4588   -7.3  -19.3     38   1.44    293      7  310.6  315.5  310.9
  577.0   4629   -7.3  -28.3     17   0.65    290      8  311.1  313.4  311.2
  557.0   4900   -9.2  -30.0     17   0.57    270     10  312.0  314.0  312.1
  533.0   5239  -11.6  -32.1     17   0.49    285     15  313.0  314.8  313.1
  500.0   5730  -15.1  -35.1     16   0.39    280     20  314.6  316.0  314.6
  468.0   6226  -18.1  -45.1      7   0.15    280     25  316.8  317.4  316.9
  426.0   6921  -22.2  -32.6     38   0.58    300     37  320.2  322.4  320.4
  425.0   6939  -22.3  -32.3     40   0.60    300     37  320.3  322.6  320.4
  400.0   7380  -26.1  -36.1     39   0.44    300     37  321.0  322.6  321.1
  382.0   7712  -28.7  -36.7     46   0.43    300     41  321.8  323.4  321.9
  366.0   8017  -31.1  -43.1     30   0.23    300     44  322.6  323.5  322.6
  334.0   8658  -37.1  -44.1     48   0.23    300     51  322.9  323.8  322.9
  331.0   8720  -37.7  -47.7     34   0.16    300     52  322.9  323.5  322.9
  323.0   8889  -36.1  -65.1      3   0.02    300     54  327.4  327.5  327.4
  300.0   9400  -38.3  -71.3      2   0.01    305     70  331.3  331.3  331.3
  275.0   9995  -41.5  -71.5      2   0.01    307     80  335.0  335.0  335.0
  254.0  10533  -42.9  -74.9      2   0.01    310     88  340.6  340.6  340.6
  250.0  10640  -43.7  -74.7      2   0.01    310     90  341.0  341.0  341.0
  243.0  10827  -44.7  -75.4      2   0.01    310     92  342.2  342.3  342.2
  200.0  12110  -51.5  -80.5      2   0.00    310     81  351.1  351.1  351.1
  166.0  13306  -57.2  -84.5      2   0.00    300     78  360.8  360.8  360.8
  161.0  13502  -58.1  -85.1      2   0.00    300     76  362.4  362.4  362.4
  150.0  13950  -57.9  -84.9      2   0.00    300     71  370.1  370.1  370.1
  134.0  14658  -59.9  -86.9      2   0.00    297     60  378.7  378.7  378.7
  100.0  16460  -66.1  -87.6      4   0.00    290     32  399.8  399.8  399.8
   93.0  16898  -67.5  -87.8      4   0.00    315     30  405.4  405.4  405.4
   89.1  17157  -68.3  -87.9      5   0.00    315     36  408.8  408.8  408.8
   84.0  17514  -67.3  -88.0      4   0.00    295     28  417.8  417.8  417.8
   77.0  18042  -65.8  -88.2      3   0.00    305     17  431.4  431.4  431.4
   72.0  18449  -64.6  -88.4      3   0.00    295     10  442.2  442.2  442.2
   70.6  18568  -64.3  -88.4      2   0.00    298     10  445.4  445.4  445.4
   70.0  18620  -64.5  -88.5      2   0.00    300     10  446.1  446.1  446.1
   67.0  18887  -65.0  -88.6      3   0.00    325     11  450.7  450.7  450.7
   64.7  19100  -65.3  -88.7      3   0.00    317      8  454.5  454.5  454.5
   64.0  19167  -64.6  -88.7      2   0.00    315      7  457.3  457.4  457.3
   61.4  19421  -62.1  -88.8      2   0.00    331      4  468.4  468.4  468.4
   57.0  19879  -63.1  -89.0      2   0.00      0      0  476.1  476.1  476.1
   56.4  19944  -63.3  -89.0      2   0.00      6      0  477.2  477.2  477.2
   53.2  20305  -60.1  -89.1      1   0.00     39      2  492.6  492.6  492.6
   50.0  20690  -62.5  -89.3      2   0.00     75      3  495.8  495.8  495.8
   49.0  20814  -63.0  -89.3      2   0.00     25     10  497.4  497.4  497.4
   48.1  20928  -63.5  -89.4      2   0.00     23     10  498.9  498.9  498.9
   47.0  21071  -63.5  -89.4      2   0.00     20     10  502.3  502.3  502.3
   44.0  21476  -63.4  -89.6      2   0.00    115     10  511.9  512.0  511.9
   41.0  21909  -63.4  -89.8      2   0.00     75     11  522.5  522.5  522.5
   38.0  22376  -63.3  -89.9      2   0.00     85     12  534.1  534.1  534.1
   36.7  22590  -63.3  -90.0      2   0.00    108     11  539.5  539.5  539.5
   36.0  22709  -62.9  -90.1      1   0.00    120     11  543.4  543.5  543.4
   33.0  23249  -61.3  -90.3      1   0.00     95     16  561.5  561.5  561.5
   30.0  23840  -59.5  -90.5      1   0.00     95     18  581.9  581.9  581.9
   28.0  24278  -58.0  -89.2      1   0.00     90     24  597.7  597.7  597.7
   25.0  24997  -55.4  -87.1      1   0.01    110     18  624.6  624.7  624.6
   23.0  25527  -53.6  -85.5      1   0.01     95     19  645.1  645.2  645.1
   22.5  25666  -53.1  -85.1      1   0.01                650.6  650.8  650.6
