
-----------------------------------------------------------------------------
   PRES   HGHT   TEMP   DWPT   RELH   MIXR   DRCT   SKNT   THTA   THTE   THTV
    hPa     m      C      C      %    g/kg    deg   knot     K      K      K 
-----------------------------------------------------------------------------
 1025.0      5   20.6   14.6     68  10.29     75      8  291.7  321.1  293.5
 1015.0     87   19.3   13.9     71   9.95     85     10  291.2  319.6  292.9
 1010.0    129   18.6   13.6     73   9.78     83     10  290.9  318.8  292.6
 1000.0    212   17.8   13.1     74   9.56     80     11  290.9  318.2  292.6
  976.0    420   15.8   12.7     82   9.54     68     12  291.0  318.2  292.6
  960.0    559   14.5   11.7     83   9.05     60     12  291.1  316.9  292.6
  936.0    774   12.6   10.1     85   8.35     70     11  291.2  315.1  292.7
  925.0    873   12.0    9.4     84   8.06     65     10  291.6  314.8  293.0
  892.0   1176    9.4    7.7     89   7.44     46      8  291.9  313.4  293.2
  864.0   1441    8.2    4.9     80   6.33     30      7  293.4  311.9  294.5
  850.0   1576    7.6    3.5     75   5.82     50      7  294.1  311.2  295.1
  840.0   1674    7.0    2.8     75   5.60     41      7  294.5  311.0  295.5
  785.0   2227    2.8    2.1     95   5.70    348      9  295.7  312.6  296.7
  762.0   2467    1.3    0.5     94   5.22    325     10  296.6  312.2  297.5
  761.0   2478    1.2    0.4     94   5.20    325     10  296.6  312.2  297.6
  759.0   2499    0.8   -7.2     55   2.95    325     10  296.4  305.5  296.9
  755.0   2541    1.4  -14.6     29   1.64    324      9  297.5  302.8  297.8
  746.0   2639    5.4  -24.6      9   0.70    323      8  302.9  305.3  303.0
  725.0   2871    4.1  -34.7      4   0.28    320      5  303.9  305.0  304.0
  720.0   2927    3.8  -37.2      3   0.22    318      5  304.2  305.0  304.2
  700.0   3155    2.2  -22.8     14   0.88    310      7  304.9  307.9  305.1
  695.0   3213    1.9  -20.9     17   1.05    315     10  305.1  308.7  305.3
  679.0   3400    0.8  -14.6     31   1.83    320     13  305.9  311.9  306.3
  674.0   3459    0.4  -12.6     37   2.16    329     14  306.2  313.2  306.6
  658.0   3651   -0.1  -22.8     16   0.94      0     16  307.8  311.0  307.9
  651.0   3737   -0.3  -27.3     11   0.63      8     16  308.4  310.7  308.6
  628.0   4020   -2.4  -25.9     15   0.74     35     17  309.2  311.9  309.4
  579.0   4660   -7.1  -22.8     27   1.07     50     19  311.0  314.7  311.2
  575.0   4715   -7.5  -22.5     29   1.10     43     20  311.1  314.9  311.4
  564.0   4865   -7.1  -28.2     17   0.67     25     21  313.4  315.8  313.5
  559.0   4934   -6.9  -30.9     13   0.52     19     21  314.4  316.3  314.5
  551.0   5046   -7.6  -31.6     13   0.50     10     20  314.9  316.7  314.9
  537.0   5246   -8.8  -32.9     12   0.45     15     18  315.7  317.4  315.8
  532.0   5318   -9.3  -33.3     12   0.44      3     15  316.0  317.6  316.1
  525.0   5420   -9.1  -37.5      8   0.29    345     11  317.5  318.6  317.6
  521.0   5479   -8.9  -39.9      6   0.23    305      9  318.4  319.2  318.4
  519.0   5509   -8.0  -44.6      3   0.14    285      8  319.8  320.4  319.9
  516.0   5554   -6.6  -51.7      1   0.06    260     10  322.1  322.3  322.1
  515.0   5569   -6.1  -54.1      1   0.05    260     10  322.8  323.0  322.8
  511.0   5630   -5.9  -53.9      1   0.05    258     11  323.8  324.0  323.8
  500.0   5800   -7.1  -52.1      1   0.06    255     14  324.3  324.6  324.3
  486.0   6020   -8.7  -52.8      1   0.06    260     20  325.0  325.2  325.0
  460.0   6445  -11.8  -54.1      2   0.05    235     27  326.3  326.5  326.3
  456.0   6513  -12.3  -54.3      2   0.05    238     28  326.5  326.7  326.5
  418.0   7172  -18.1  -57.1      2   0.04    269     40  327.2  327.4  327.2
  406.0   7389  -19.7  -58.7      2   0.03    280     44  327.9  328.1  327.9
  400.0   7500  -19.3  -58.3      2   0.04    285     46  329.8  330.0  329.8
  398.0   7537  -19.3  -59.3      2   0.03    286     46  330.3  330.4  330.3
  386.0   7764  -20.7  -58.7      2   0.04    292     49  331.4  331.5  331.4
  379.0   7900  -20.1  -56.1      2   0.05    295     50  333.9  334.1  333.9
  372.0   8038  -19.5  -53.5      3   0.07    293     53  336.5  336.8  336.5
  337.0   8764  -25.7  -53.7      5   0.08    280     71  337.6  338.0  337.6
  317.0   9206  -27.7  -58.7      4   0.04    277     72  340.8  341.0  340.8
  300.0   9600  -30.9  -62.9      3   0.03    275     72  341.7  341.8  341.7
  287.0   9906  -33.5  -63.7      3   0.03    270     73  342.4  342.5  342.4
  257.0  10670  -39.9  -65.8      5   0.02    265     75  343.9  343.9  343.9
  251.0  10833  -41.3  -66.3      5   0.02    265     78  344.1  344.2  344.1
  250.0  10860  -41.3  -66.3      5   0.02    265     78  344.5  344.6  344.5
  202.0  12276  -51.9  -71.9      7   0.01    270     83  349.4  349.5  349.4
  200.0  12340  -52.7  -72.7      7   0.01    270     83  349.1  349.2  349.2
  177.0  13117  -59.9  -73.9     14   0.01    270     86  349.8  349.8  349.8
  172.0  13295  -61.5                         270     87  350.0         350.0
  167.0  13478  -63.1                         270     80  350.3         350.3
  156.0  13898  -62.4                         270     63  358.3         358.3
  154.0  13978  -62.3                         268     64  359.8         359.8
  150.0  14140  -63.7                         265     66  360.1         360.1
  147.0  14262  -64.6                         265     67  360.7         360.7
  130.0  15006  -70.1                         258     53  363.7         363.7
  124.0  15284  -71.4                         255     47  366.3         366.3
  119.0  15527  -72.6                         260     37  368.5         368.5
  113.0  15831  -74.0                         275     40  371.3         371.3
  111.0  15937  -74.5                         275     43  372.3         372.3
  107.0  16152  -73.3                         265     48  378.4         378.4
  104.0  16320  -72.4                         250     36  383.3         383.3
  100.0  16550  -71.1                         275     23  390.1         390.1
   98.0  16670  -71.1                         280     24  392.4         392.4
   91.0  17109  -71.0                         245     26  401.0         401.0
   87.0  17375  -70.9                         190     13  406.2         406.2
   83.8  17597  -70.9                         200      8  410.7         410.7
   82.0  17727  -69.8                         205      5  415.6         415.6
   77.3  18080  -66.7                          92     13  429.0         429.0
   77.0  18104  -66.8                          85     13  429.4         429.4
   75.0  18262  -67.1                          50     15  431.8         431.8
   73.1  18417  -67.5                          59      8  434.2         434.2
   73.0  18426  -67.4                          60      8  434.6         434.6
   70.0  18680  -64.9                           5      7  445.2         445.2
   68.0  18857  -63.7                         350      1  451.4         451.4
   67.6  18893  -63.5                         356      2  452.7         452.7
   65.0  19132  -64.4                          35      7  455.8         455.8
   63.0  19322  -65.2                          50     12  458.2         458.2
   62.1  19410  -65.5                          37      9  459.4         459.4
   61.0  19519  -65.3                          20      5  462.1         462.1
   57.7  19856  -64.9                         127      9  470.5         470.5
   57.0  19931  -64.3                         150     10  473.5         473.5
   53.0  20379  -60.8                         105     17  491.6         491.6
   52.7  20414  -60.5                          98     17  493.0         493.0
   51.0  20617  -60.6                          55     17  497.4         497.4
   50.0  20740  -60.7                          65     16  500.0         500.0
   49.0  20866  -61.1                          90     15  502.0         502.0
   47.3  21085  -61.7                          82     15  505.6         505.6
   47.0  21125  -61.5                          80     15  507.0         507.0
   46.0  21259  -60.9                         105     17  511.6         511.6
   45.0  21396  -60.2                          95     22  516.4         516.4
   43.6  21593  -59.3                          88     18  523.4         523.4
   42.0  21827  -60.2                          80     14  526.7         526.7
   41.2  21947  -60.7                          86     14  528.5         528.5
   40.0  22134  -60.2                          95     15  534.2         534.2
   39.0  22294  -59.7                         100     20  539.2         539.2
   36.0  22799  -58.3                          80     25  555.4         555.4
   35.0  22977  -57.8                         100     27  561.2         561.2
   31.0  23743  -55.7                         105     37  586.7         586.7
   30.0  23950  -55.1                         100     38  593.8         593.8
   29.0  24169  -54.6                          90     42  601.0         601.0
   25.0  25126  -52.3                          95     40  633.6         633.6
   23.0  25664  -51.0                          75     37  652.6         652.6
   22.2  25893  -50.5                          83     40  660.8         660.8
   22.0  25951  -50.7                          85     41  662.0         662.0
   21.0  26254  -51.7                          75     28  667.8         667.8
   20.6  26379  -52.1                          79     30  670.3         670.3
   20.0  26570  -51.7                          85     33  677.2         677.2
   18.3  27147  -51.1                          85     40  696.5         696.5
   18.0                                        85     41                     
