
-----------------------------------------------------------------------------
   PRES   HGHT   TEMP   DWPT   RELH   MIXR   DRCT   SKNT   THTA   THTE   THTV
    hPa     m      C      C      %    g/kg    deg   knot     K      K      K 
-----------------------------------------------------------------------------
 1017.0      5   21.2   10.2     49   7.74    180      9  292.9  315.4  294.3
 1002.0    135   18.6    9.6     56   7.54    198      4  291.6  313.3  292.9
 1000.0    152   18.4    9.4     56   7.45    200      3  291.6  313.1  292.9
  977.0    350   16.6    9.1     61   7.46      0      0  291.6  313.2  292.9
  925.0    814   12.2    8.3     77   7.48    100      2  291.8  313.4  293.1
  902.0   1025   10.2    8.2     87   7.62     96      6  291.8  313.8  293.2
  895.0   1090   10.8    4.4     64   5.89     95      7  293.1  310.4  294.2
  891.0   1127   11.2    2.2     54   5.06     98      8  293.9  308.9  294.8
  883.0   1202   10.0    3.0     62   5.41    105      9  293.4  309.3  294.4
  869.0   1336   13.8  -15.2     12   1.36    118     10  298.7  303.1  298.9
  861.0   1414   14.4  -17.6      9   1.12    125     12  300.1  303.8  300.3
  850.0   1522   14.2  -18.8      9   1.03    135     13  301.0  304.4  301.2
  816.0   1863   13.1  -21.4      7   0.86    160     18  303.4  306.3  303.6
  759.0   2468   11.3  -25.9      6   0.61    140     14  307.7  309.9  307.8
  723.0   2874   10.0  -29.0      5   0.48    152     12  310.6  312.4  310.7
  701.0   3129    8.3  -20.2     11   1.10    160     10  311.5  315.3  311.7
  700.0   3141    8.2  -19.8     12   1.14    160     10  311.5  315.5  311.8
  609.0   4273    2.7  -29.1      8   0.57    145     10  317.8  319.9  317.9
  581.0   4656    0.8  -32.2      6   0.44    196      6  319.9  321.6  320.0
  571.0   4793   -0.3  -33.0      6   0.42    215      5  320.2  321.8  320.3
  523.0   5485   -5.7  -37.3      6   0.30    275     10  321.9  323.0  321.9
  500.0   5840   -8.5  -39.5      6   0.25    290     14  322.6  323.6  322.7
  480.0   6155  -10.7  -42.7      5   0.19    297     15  323.7  324.4  323.7
  456.0   6545  -13.6  -41.9      7   0.21    305     16  324.8  325.7  324.9
  430.0   6992  -16.9  -40.9     11   0.25    298     21  326.1  327.1  326.2
  400.0   7530  -21.5  -29.5     48   0.83    290     27  327.0  330.1  327.1
  397.0   7585  -22.1  -30.1     48   0.79    290     27  326.9  329.9  327.0
  389.0   7734  -23.5  -34.5     36   0.53    288     27  327.0  329.0  327.1
  370.0   8096  -26.5  -32.7     56   0.67    285     27  327.7  330.2  327.8
  353.0   8436  -29.3  -31.0     85   0.82    286     29  328.3  331.4  328.5
  349.0   8517  -28.9  -31.8     76   0.77    287     29  330.0  332.9  330.1
  333.0   8851  -31.1  -36.1     61   0.53    288     31  331.4  333.4  331.5
  325.0   9023  -32.7  -36.2     71   0.54    289     32  331.5  333.6  331.6
  315.0   9241  -34.7  -38.7     67   0.43    290     33  331.7  333.4  331.8
  310.0   9353  -35.7  -40.0     65   0.38    288     36  331.8  333.3  331.9
  305.0   9466  -36.3  -46.3     35   0.20    287     39  332.5  333.3  332.6
  300.0   9580  -37.1  -47.1     35   0.18    285     42  333.0  333.7  333.0
  287.0   9885  -39.3  -47.3     42   0.19    288     52  334.1  334.8  334.1
  281.0  10029  -40.2  -47.6     45   0.19    290     57  334.8  335.5  334.8
  278.0  10103  -40.7  -47.7     47   0.19    289     55  335.1  335.9  335.1
  263.0  10479  -42.5  -65.5      6   0.02    286     48  337.8  337.9  337.8
  258.0  10608  -43.4  -66.0      6   0.02    285     45  338.3  338.4  338.3
  250.0  10820  -44.9  -66.9      7   0.02    285     45  339.2  339.3  339.2
  222.0  11608  -48.7  -73.7      4   0.01    266     55  345.1  345.1  345.1
  221.0  11637  -48.8  -73.9      4   0.01    265     55  345.3  345.4  345.3
  200.0  12290  -51.3  -77.3      3   0.01    275     51  351.4  351.4  351.4
  196.0  12421  -51.4  -78.2      3   0.00    275     50  353.2  353.2  353.2
  189.0  12657  -51.7  -79.7      2   0.00    274     51  356.4  356.5  356.4
  157.0  13837  -59.9  -88.9      1   0.00    270     57  361.9  361.9  361.9
  155.0  13916  -60.5                         270     57  362.2         362.2
  150.0  14120  -62.1                         265     56  362.9         362.9
  133.0  14851  -66.8                         260     37  367.2         367.2
  121.0  15426  -70.5                         263     28  370.5         370.5
  112.0  15882  -72.1                         265     21  375.8         375.8
  108.0  16096  -72.9                         280     17  378.2         378.2
  106.0  16206  -73.3                         290     18  379.5         379.5
  100.0  16550  -74.5                         275     25  383.5         383.5
   95.4  16822  -75.3                         255     17  387.2         387.2
   94.0  16908  -74.9                         250     14  389.5         389.5
   90.0  17162  -73.9                         290     10  396.5         396.5
   89.0  17227  -73.6                         290     13  398.3         398.3
   84.0  17563  -72.2                         230     14  407.9         407.9
   83.1  17626  -71.9                         223     12  409.7         409.7
   82.0  17704  -72.2                         215     10  410.7         410.7
   75.9  18156  -73.7                         185     10  416.6         416.6
   72.0  18465  -71.7                         165     10  427.1         427.1
   70.0  18630  -70.7                         150     15  432.8         432.8
   69.0  18716  -70.0                         145     17  436.0         436.0
   68.5  18759  -69.7                         145     17  437.6         437.6
   66.0  18981  -70.1                         145     19  441.4         441.4
   64.8  19090  -70.3                         133     22  443.3         443.3
   62.5  19307  -67.3                         110     29  454.6         454.6
   62.0  19355  -67.4                         105     30  455.5         455.5
   60.0  19553  -67.6                         100     33  459.3         459.3
   57.3  19831  -67.9                          93     29  464.6         464.6
   53.0  20305  -65.5                          80     22  480.6         480.6
   50.0  20660  -63.7                          95     31  492.9         492.9
   49.0  20785  -63.1                          90     35  497.2         497.2
   46.1  21161  -61.3                          66     29  510.3         510.3
   46.0  21175  -61.3                          65     29  510.6         510.6
   43.0  21594  -60.9                          85     30  521.5         521.5
   41.4  21830  -60.7                          81     30  527.7         527.7
   39.0  22200  -62.1                          75     30  533.3         533.3
   37.0  22529  -61.2                          95     21  543.6         543.6
   30.0  23840  -57.7                         110     25  586.8         586.8
   29.0  24056  -56.6                          95     25  595.4         595.4
   26.3  24679  -53.5                          91     26  621.1         621.1
   26.0  24753  -53.6                          90     26  622.8         622.8
   24.0  25267  -54.5                         105     19  634.8         634.8
   23.9  25294  -54.5                         106     19  635.4         635.4
   22.2  25769  -52.5                         127     18  654.9         654.9
   22.0  25828  -52.8                         130     18  655.7         655.7
   21.0  26127  -54.4                         130     24  659.6         659.6
   20.6  26250  -55.1                         120     24  661.2         661.2
   20.0  26440  -53.5                         105     23  671.7         671.7
   19.4  26636  -52.3                         105     19  681.2         681.2
   19.0  26771  -52.2                         105     16  685.7         685.7
   18.0  27121  -51.9                          85     17  697.3         697.3
   17.5  27304  -51.7                          83     17  703.5         703.5
   16.0  27884  -52.3                          75     17  719.9         719.9
   15.9  27924  -52.3                                     721.1         721.1
