
-----------------------------------------------------------------------------
   PRES   HGHT   TEMP   DWPT   RELH   MIXR   DRCT   SKNT   THTA   THTE   THTV
    hPa     m      C      C      %    g/kg    deg   knot     K      K      K 
-----------------------------------------------------------------------------
 1019.0      5   23.0   15.0     61  10.63    190      8  294.6  325.3  296.4
 1000.0    169   21.0   14.0     64  10.14    170     10  294.1  323.4  295.9
  925.0    838   15.4   12.7     84  10.07    125     12  295.1  324.2  296.8
  896.0   1108   13.0   11.6     91   9.66    127     13  295.3  323.3  297.0
  889.0   1174   12.6   11.6     94   9.74    127     13  295.5  323.8  297.2
  871.0   1346   11.8    9.8     88   8.80    129     14  296.4  322.2  298.0
  850.0   1550   10.2    9.8     97   9.02    130     15  296.8  323.2  298.4
  846.0   1589   10.0    9.6     97   8.94    131     15  297.0  323.2  298.6
  816.0   1889    7.6    7.1     97   7.81    135     14  297.5  320.6  298.9
  810.0   1950    7.4    2.9     73   5.85    136     13  298.0  315.5  299.0
  808.0   1970    8.4   -7.6     31   2.68    137     13  299.2  307.6  299.7
  799.0   2063   12.2  -19.8      9   1.00    138     13  304.2  307.6  304.4
  791.0   2148   13.0  -28.0      4   0.49    139     12  306.0  307.7  306.1
  782.0   2244   13.0  -34.0      2   0.28    141     12  307.0  308.0  307.0
  727.0   2853   11.2  -37.8      2   0.20    150      9  311.5  312.2  311.5
  700.0   3167    9.4  -39.6      2   0.18    155      8  312.9  313.5  312.9
  654.0   3729    8.0  -41.0      2   0.16    168     10  317.4  318.1  317.4
  649.0   3792    7.4   -9.6     29   2.86    170     10  317.4  327.0  318.0
  612.0   4272    3.0   -9.0     41   3.18    181     12  317.7  328.4  318.4
  587.0   4611    2.6  -13.4     30   2.33    189     13  321.1  329.1  321.5
  525.0   5505   -3.3  -18.3     30   1.73    211     16  324.4  330.5  324.7
  509.0   5750   -4.5  -29.5     12   0.66    217     17  325.8  328.3  325.9
  500.0   5890   -5.3  -28.3     15   0.75    220     17  326.5  329.3  326.7
  466.0   6438   -9.1  -27.1     22   0.90    220     16  328.4  331.8  328.6
  400.0   7600  -16.5  -41.5     10   0.25    220     13  333.5  334.5  333.5
  383.0   7925  -18.7  -45.7      7   0.17    218     15  334.7  335.4  334.8
  300.0   9690  -33.5  -55.5      9   0.07    210     29  338.0  338.4  338.1
  259.0  10702  -42.1  -62.1      9   0.03    206     35  339.9  340.1  339.9
  250.0  10940  -44.3  -62.3     12   0.04    205     36  340.1  340.2  340.1
  234.0  11378  -48.3  -62.3     18   0.04    206     40  340.5  340.7  340.5
  200.0  12390  -56.5  -65.5     31   0.03    210     49  343.1  343.3  343.1
  196.0  12518  -57.7  -66.7     31   0.02    211     52  343.2  343.3  343.2
  183.0  12950  -59.9  -69.9     26   0.02    216     63  346.4  346.5  346.4
  160.0  13779  -65.5                         226     83  350.5         350.5
  150.0  14170  -67.7                         230     93  353.3         353.3
  149.0  14210  -67.9                         230     93  353.5         353.5
  130.0  15018  -72.7                         226     72  359.1         359.1
  123.0  15345  -70.1                         224     63  369.5         369.5
  106.0  16213  -76.3                         220     40  373.8         373.8
  100.0  16550  -74.3                         230     31  383.9         383.9
   95.0  16849  -75.3                         235     34  387.6         387.6
   93.2  16960  -75.7                         232     32  389.0         389.0
   87.7  17315  -73.9                         221     25  399.4         399.4
   85.0  17499  -73.8                         215     22  403.3         403.3
   79.0  17929  -73.4                         200     17  412.5         412.5
   75.0  18234  -73.2                         170     11  419.1         419.1
   71.0  18557  -72.9                         185     17  426.3         426.3
   70.5  18598  -72.9                         180     18  427.2         427.2
   70.0  18640  -72.5                         175     19  428.9         428.9
   64.2  19155  -68.3                         132     24  448.9         448.9
   64.0  19173  -68.4                         130     24  449.1         449.1
   62.0  19364  -69.0                         105     18  451.7         451.7
   61.3  19432  -69.3                         106     17  452.6         452.6
   59.0  19664  -68.1                         110     15  460.4         460.4
   54.0  20202  -65.2                          75     10  478.8         478.8
   50.0  20670  -62.7                          90      4  495.3         495.3
   44.0  21461  -59.8                         145     10  520.9         520.9
   43.9  21475  -59.7                         144     10  521.4         521.4
   40.0  22060  -58.8                         100     13  537.7         537.7
   37.0  22549  -58.1                         135     16  551.7         551.7
   35.0  22898  -57.5                         105     21  561.9         561.9
   32.0  23461  -56.7                         105     22  578.8         578.8
   31.4  23580  -56.5                          98     22  582.4         582.4
   30.0  23870  -54.5                          80     23  595.5         595.5
   28.2  24269  -51.9                          65     24  613.3         613.3
   27.0  24554  -51.3                          55     25  622.5         622.5
   21.0  26200  -48.1                          55      8  678.6         678.6
   20.0  26520  -47.5                          55     10  690.0         690.0
   17.0  27603  -44.8                         100     10  731.4         731.4
   16.0  28006  -43.8                         120     12  747.5         747.5
   15.9  28048  -43.7                                     749.2         749.2
