
-----------------------------------------------------------------------------
   PRES   HGHT   TEMP   DWPT   RELH   MIXR   DRCT   SKNT   THTA   THTE   THTV
    hPa     m      C      C      %    g/kg    deg   knot     K      K      K 
-----------------------------------------------------------------------------
 1010.0      5   21.0   20.1     95  14.89    100      8  293.3  335.8  295.9
 1000.0     89   20.4   19.5     95  14.48    100     14  293.6  334.9  296.1
  993.0    150   19.8   19.5     98  14.59     96     16  293.5  335.2  296.1
  971.0    343   19.4   18.5     95  14.00     85     21  295.0  335.3  297.4
  945.0    577   18.8   17.3     91  13.32     77     19  296.7  335.4  299.1
  925.0    761   17.6   16.7     94  13.10     70     17  297.3  335.4  299.6
  915.0    854   17.2   16.3     95  12.93     60     17  297.8  335.5  300.1
  875.0   1236   15.4   14.8     96  12.24     70     15  299.8  335.8  302.0
  871.0   1275   15.8   14.1     90  11.74     75     14  300.6  335.3  302.7
  853.0   1453   15.8   11.3     74   9.94    100     12  302.4  332.1  304.2
  850.0   1483   15.8   10.8     72   9.66    110     12  302.7  331.6  304.4
  836.0   1624   15.4    9.8     69   9.20    135     17  303.7  331.5  305.4
  827.0   1716   15.2    9.2     67   8.90    140     17  304.4  331.4  306.1
  782.0   2188   11.6    6.6     71   7.88    167     18  305.5  329.5  306.9
  777.0   2241   11.3    6.6     73   7.95    170     18  305.7  329.9  307.1
  758.0   2447   10.0    6.8     80   8.22    150     23  306.4  331.6  308.0
  738.0   2670    8.6    6.9     89   8.54    135     10  307.3  333.4  308.9
  727.0   2795    7.8    7.0     95   8.72    105      5  307.7  334.5  309.4
  724.0   2829    8.4    7.4     93   9.00     90      6  308.8  336.5  310.4
  717.0   2910    8.0    7.1     94   8.91     55     10  309.2  336.7  310.8
  700.0   3108    7.0    6.4     96   8.69     60     17  310.2  337.1  311.8
  695.0   3166    6.7    6.1     96   8.56     60     18  310.5  337.1  312.1
  681.0   3332    5.8    5.2     96   8.21     60     16  311.3  336.9  312.8
  666.0   3513    4.8    4.2     96   7.84     30     11  312.1  336.7  313.6
  655.0   3648    4.0    3.5     96   7.57     60     10  312.8  336.6  314.2
  631.0   3951    2.4    1.9     97   6.99     35      7  314.3  336.5  315.6
  616.0   4147    1.3    0.8     97   6.64     25     10  315.2  336.4  316.5
  606.0   4280    0.6    0.1     97   6.41     30     12  315.8  336.4  317.1
  590.0   4497   -0.6   -1.1     97   6.04      5     12  316.9  336.4  318.0
  576.0   4692   -1.7   -2.1     97   5.73    358     16  317.8  336.4  318.9
  560.0   4915   -2.9   -3.8     94   5.20    350     21  318.9  336.0  319.9
  536.0   5261   -4.8   -6.4     88   4.45    315     25  320.8  335.5  321.6
  523.0   5455   -5.8   -7.8     86   4.08    310     25  321.8  335.4  322.6
  506.0   5716   -7.2   -9.8     82   3.61    310     21  323.1  335.3  323.8
  500.0   5810   -7.7  -10.5     80   3.46    315     25  323.6  335.3  324.3
  499.0   5826   -8.1  -10.7     82   3.41    315     25  323.3  334.9  323.9
  479.0   6140   -9.4  -11.6     84   3.31    310     30  325.5  336.9  326.2
  453.0   6570  -11.1  -12.8     88   3.18    335     39  328.6  339.6  329.2
  428.0   7007  -12.9  -14.0     91   3.04    331     48  331.7  342.4  332.3
  425.0   7061  -13.2  -14.5     90   2.95    330     49  331.9  342.3  332.5
  400.0   7520  -16.1  -18.4     82   2.25    345     55  334.0  342.1  334.4
  384.0   7825  -18.1  -20.0     85   2.05    355     58  335.2  342.7  335.6
  372.0   8062  -19.7  -21.2     88   1.90    348     64  336.2  343.2  336.6
  368.0   8141  -20.2  -22.0     86   1.79    345     66  336.5  343.1  336.9
  335.0   8829  -24.9  -29.0     68   1.04    325     54  339.4  343.4  339.6
  332.0   8895  -25.3  -29.7     67   0.99    325     54  339.6  343.4  339.8
  302.0   9573  -31.3  -39.3     45   0.42    330     50  340.5  342.2  340.6
  301.0   9596  -31.4  -38.4     50   0.46    330     50  340.7  342.6  340.8
  300.0   9620  -31.5  -37.5     55   0.51    330     50  340.9  342.9  341.0
  282.0  10055  -35.0  -39.9     61   0.42    335     61  341.9  343.6  341.9
  274.0  10257  -36.7  -41.0     64   0.39    327     67  342.3  343.9  342.4
  268.0  10410  -36.9  -52.9     17   0.11    321     71  344.2  344.6  344.2
  267.0  10436  -37.0  -53.2     17   0.10    320     72  344.4  344.9  344.4
  263.0  10541  -37.3  -54.3     15   0.09    318     73  345.4  345.8  345.4
  257.0  10700  -38.7  -52.7     21   0.11    316     74  345.6  346.1  345.7
  255.0  10754  -39.0  -57.0     13   0.07    315     74  346.0  346.3  346.1
  254.0  10781  -39.1  -59.1     10   0.05    315     74  346.2  346.5  346.2
  250.0  10890  -39.7  -54.7     19   0.09    315     76  346.9  347.3  346.9
  232.0  11397  -43.5  -62.5     10   0.04    313     78  348.6  348.8  348.6
  206.0  12184  -49.6  -67.0     11   0.02    310     81  351.1  351.2  351.1
  200.0  12380  -51.1  -68.1     11   0.02    310     81  351.7  351.8  351.7
  197.0  12478  -51.7  -67.7     13   0.02    310     82  352.2  352.4  352.3
  183.0  12953  -53.1  -69.1     13   0.02    310     86  357.4  357.5  357.4
  174.0  13277  -54.1  -70.1     12   0.02    309     85  361.0  361.1  361.0
  157.0  13927  -59.9  -75.9     11   0.01    306     83  361.9  362.0  361.9
  150.0  14210  -61.7                         305     82  363.6         363.6
  141.0  14588  -64.2                         300     79  365.8         365.8
  135.0  14854  -65.9                         295     69  367.3         367.3
  129.0  15129  -65.8                         290     58  372.2         372.2
  123.0  15417  -65.7                         300     44  377.5         377.5
  109.0  16137  -69.8                         315     38  383.1         383.1
  100.0  16650  -72.7                         335     39  387.0         387.0
   84.5  17630  -76.9                         305     32  397.6         397.6
   82.0  17803  -76.7                         310     35  401.4         401.4
   80.0  17946  -76.6                         315     27  404.5         404.5
   79.1  18011  -76.5                         325     26  406.0         406.0
   77.9  18100  -72.9                         339     25  415.2         415.2
   77.0  18168  -72.8                         350     24  416.9         416.9
   76.0  18245  -72.6                         345     26  418.8         418.8
   71.0  18646  -71.7                         285     16  428.9         428.9
   70.8  18663  -71.7                         285     16  429.3         429.3
   70.0  18730  -72.3                         285     14  429.4         429.4
   69.0  18814  -72.7                         285     11  430.3         430.3
   67.0  18986  -73.5                         290      9  432.2         432.2
   66.0  19075  -72.8                         345      5  435.5         435.5
   65.0  19166  -72.2                          30     10  438.8         438.8
   60.0  19639  -68.7                          20     12  456.8         456.8
   58.9  19749  -67.9                          48     12  461.0         461.0
   55.3  20126  -68.9                         142     12  467.1         467.1
   55.0  20159  -68.8                         150     12  468.0         468.0
   53.0  20381  -68.1                          95     21  474.5         474.5
   50.0  20730  -67.1                          65     27  484.9         484.9
   49.0  20854  -66.5                          60     28  489.2         489.2
   47.0  21109  -65.2                          50     28  498.2         498.2
   46.0  21241  -64.5                          70     25  502.9         502.9
   44.0  21513  -63.1                          40     22  512.7         512.7
   41.0  21946  -60.9                          35     17  528.6         528.6
   40.7  21991  -60.7                          44     16  530.3         530.3
   39.0  22255  -61.5                          95     10  534.8         534.8
   38.6  22319  -61.7                                     535.9         535.9
