
-----------------------------------------------------------------------------
   PRES   HGHT   TEMP   DWPT   RELH   MIXR   DRCT   SKNT   THTA   THTE   THTV
    hPa     m      C      C      %    g/kg    deg   knot     K      K      K 
-----------------------------------------------------------------------------
 1027.0      5   16.2   10.2     68   7.66    225     11  287.2  308.8  288.5
 1015.0    103   14.8    9.8     72   7.54    198     11  286.7  308.0  288.0
 1005.0    186   16.6    7.5     55   6.50    175     11  289.4  308.0  290.5
 1003.0    203   17.0    7.0     52   6.30    173     11  289.9  308.1  291.0
 1000.0    228   17.0    5.0     45   5.50    170     11  290.1  306.1  291.1
  994.0    279   17.0    4.0     42   5.15    165     11  290.6  305.7  291.6
  925.0    888   12.0    8.1     77   7.38    110      9  291.6  312.9  292.9
  885.0   1257    8.8    7.8     93   7.55     79     11  292.0  313.8  293.3
  850.0   1590    6.8    6.2     96   7.04     50     13  293.3  313.8  294.5
  839.0   1697    6.2    5.6     96   6.85     40     15  293.7  313.7  294.9
  792.0   2169    3.4    3.1     98   6.07     30     12  295.6  313.6  296.7
  791.0   2179    3.7   -0.2     76   4.80     30     12  296.1  310.4  296.9
  786.0   2231    5.4  -16.6     19   1.34     30     12  298.4  302.7  298.6
  769.0   2410    9.2  -28.8      5   0.46     30     11  304.4  306.0  304.4
  756.0   2551    8.2  -31.8      4   0.36     30     11  304.8  306.0  304.8
  731.0   2827    5.8  -32.2      4   0.35     30     10  305.1  306.4  305.1
  723.0   2917    5.5  -35.0      3   0.27     30     10  305.8  306.8  305.8
  700.0   3181    4.8  -43.2      2   0.12    355      6  307.8  308.2  307.8
  683.0   3381    4.4  -44.6      1   0.11    325      6  309.5  309.9  309.5
  669.0   3546    3.1  -44.3      2   0.11    300      6  309.8  310.3  309.9
  601.0   4400   -3.9  -42.8      3   0.15    345      9  311.4  312.0  311.5
  579.0   4697   -6.3  -42.3      4   0.16    314     10  311.9  312.6  312.0
  569.0   4832   -7.0  -43.7      4   0.14    300     11  312.6  313.2  312.6
  544.0   5179   -9.0  -47.4      3   0.10    305     15  314.4  314.8  314.4
  508.0   5709  -11.9  -52.9      2   0.06    285     20  317.0  317.3  317.0
  500.0   5830  -11.7  -52.7      2   0.06    280     21  318.7  318.9  318.7
  496.0   5891  -11.9  -52.9      2   0.06    275     23  319.2  319.4  319.2
  489.0   6000  -12.3  -53.3      2   0.06    276     24  320.0  320.2  320.0
  463.0   6413  -15.5  -50.5      3   0.08    279     29  321.1  321.4  321.1
  418.0   7181  -16.6  -56.4      2   0.04    285     37  329.1  329.3  329.1
  416.0   7217  -16.7  -56.7      2   0.04    284     37  329.5  329.7  329.5
  400.0   7510  -18.3  -51.3      4   0.09    275     39  331.1  331.5  331.1
  377.0   7946  -22.2  -52.0      5   0.08    270     42  331.6  332.0  331.6
  352.0   8452  -26.7  -52.7      7   0.08    272     47  332.1  332.5  332.1
  300.0   9590  -35.5  -58.5      8   0.05    275     57  335.2  335.4  335.2
  250.0  10830  -45.1  -64.1     10   0.03    275     71  338.9  339.0  338.9
  247.0  10910  -45.9  -62.9     13   0.03    276     71  338.9  339.0  338.9
  239.0  11127  -46.5  -64.3     11   0.03    280     71  341.1  341.2  341.1
  218.0  11732  -48.3  -68.3      8   0.02    277     75  347.5  347.6  347.5
  200.0  12290  -53.5  -70.5     11   0.01    275     78  347.9  348.0  347.9
  181.0  12926  -58.7  -72.5     15   0.01    270     83  349.4  349.5  349.4
  177.0  13068  -59.9  -72.9     17   0.01    270     81  349.8  349.8  349.8
  167.0  13430  -63.1                         270     77  350.3         350.3
  150.0  14090  -65.5                         270     69  357.1         357.1
  122.0  15328  -71.5                         260     46  367.8         367.8
  113.0  15783  -69.1                         256     35  380.4         380.4
  110.0  15943  -69.5                         255     31  382.6         382.6
  100.0  16510  -71.1                         270     27  390.1         390.1
   88.0  17263  -72.9                         278     30  401.0         401.0
   85.0  17468  -72.4                         280     31  406.1         406.1
   78.0  17976  -71.0                         240     19  419.0         419.0
   74.5  18247  -70.3                         244     16  426.0         426.0
   74.0  18287  -69.9                         245     15  427.6         427.6
   70.0  18620  -66.9                         205     14  440.9         440.9
   69.7  18646  -66.7                         201     13  441.9         441.9
   69.0  18707  -66.6                         190     11  443.4         443.4
   62.0  19359  -65.4                         140      4  459.9         459.9
   59.0  19661  -64.8                         160     10  467.7         467.7
   57.0  19872  -64.4                         115     10  473.2         473.2
   50.0  20670  -62.9                         115     13  494.8         494.8
   47.0  21051  -62.5                         115     17  504.6         504.6
   46.0  21185  -60.1                         115     18  513.6         513.6
   45.6  21239  -59.1                         110     19  517.2         517.2
   43.0  21610  -57.8                          80     23  529.2         529.2
   41.0  21911  -56.7                          55     14  539.1         539.1
   39.5  22146  -55.9                          72     13  546.9         546.9
   38.0  22394  -55.4                          90     11  554.2         554.2
   36.0  22741  -54.8                          85     14  564.6         564.6
   34.0  23108  -54.0                          65     12  575.7         575.7
   33.0  23299  -53.7                          95      7  581.6         581.6
   32.0  23496  -53.3                         125     10  587.8         587.8
   30.0  23910  -52.5                         125     12  600.9         600.9
   29.0  24130  -52.3                         150     15  607.4         607.4
   27.0  24593  -51.8                         125     11  621.2         621.2
   25.0  25093  -51.3                         140     20  636.4         636.4
   23.0  25633  -50.8                         115     16  653.3         653.3
   21.0  26224  -50.2                         125     17  672.3         672.3
   20.0  26540  -49.9                         115     19  682.7         682.7
   19.0  26878  -49.2                         105     17  695.0         695.0
   18.0  27234  -48.4                         105     17  708.1         708.1
   17.0  27611  -47.6                         120     15  722.3         722.3
   16.0  28011  -46.8                         135     25  737.7         737.7
   15.2  28349  -46.1                         131     30  750.9         750.9
   15.0                                       130     31                     
