
-----------------------------------------------------------------------------
   PRES   HGHT   TEMP   DWPT   RELH   MIXR   DRCT   SKNT   THTA   THTE   THTV
    hPa     m      C      C      %    g/kg    deg   knot     K      K      K 
-----------------------------------------------------------------------------
 1012.0      5   25.2   18.2     65  13.17    170      9  297.3  335.7  299.7
 1002.0     88   23.9   16.9     65  12.21    155     17  296.9  332.4  299.0
 1000.0    105   23.6   16.6     65  12.02    155     17  296.8  331.7  298.9
  976.0    316   21.6   16.1     71  11.95    160     23  296.8  331.6  298.9
  950.0    551   19.4   15.6     79  11.87    150     25  296.9  331.4  299.0
  925.0    781   18.2   12.2     68   9.74    140     27  297.9  326.5  299.7
  916.0    865   17.6   11.2     66   9.22    140     28  298.1  325.3  299.8
  901.0   1006   16.6    9.6     63   8.39    140     27  298.5  323.3  300.0
  850.0   1499   13.0    9.2     78   8.66    140     25  299.8  325.5  301.3
  790.0   2109    8.7    7.0     89   8.02    130     22  301.5  325.6  303.0
  759.0   2442    6.4    5.8     96   7.68    140     21  302.5  325.6  303.9
  745.0   2596    6.3    5.5     95   7.67    145     21  303.9  327.2  305.3
  720.0   2876    6.0    5.0     93   7.65    131     14  306.6  330.1  308.0
  714.0   2945    6.8    4.2     83   7.29    127     12  308.2  330.8  309.6
  702.0   3085    6.1   -0.2     64   5.38    120      8  309.0  325.9  310.0
  700.0   3108    6.0   -1.0     61   5.11    120      8  309.1  325.2  310.1
  687.0   3262    5.6   -1.4     61   5.05    128      9  310.3  326.3  311.3
  666.0   3512    3.7   -2.0     67   5.00    140     10  310.9  326.8  311.9
  649.0   3721    2.1   -2.4     72   4.96    130      9  311.4  327.2  312.4
  630.0   3961    0.3   -3.0     79   4.91     90     11  312.0  327.7  312.9
  608.0   4248   -1.9   -3.6     88   4.85     86     18  312.7  328.2  313.6
  605.0   4287   -2.0   -3.6     88   4.85     85     19  313.1  328.6  314.0
  597.0   4393   -2.2   -3.8     89   4.87     80     16  314.0  329.7  314.9
  591.0   4473   -2.3   -3.9     89   4.88     53     15  314.8  330.5  315.7
  586.0   4541   -2.4   -4.2     87   4.81     30     15  315.4  331.0  316.4
  569.0   4775   -2.6   -5.2     82   4.59     15     15  317.8  332.9  318.7
  564.0   4845   -2.7   -5.5     81   4.53      6     13  318.5  333.4  319.4
  553.0   4999   -3.6   -6.8     79   4.18    345      9  319.2  333.1  320.0
  547.0   5085   -4.2   -7.5     78   4.01    330     13  319.6  332.9  320.4
  500.0   5790   -8.5  -13.3     68   2.76    325     41  322.6  332.1  323.1
  478.0   6139  -10.4  -17.3     57   2.07    325     44  324.4  331.7  324.8
  477.0   6155  -10.5  -17.5     56   2.04    325     44  324.5  331.7  324.9
  461.0   6418  -12.7  -16.0     76   2.39    329     38  324.9  333.3  325.4
  457.0   6484  -13.3  -16.5     76   2.31    330     37  325.0  333.1  325.5
  434.0   6877  -16.7  -19.7     78   1.86    322     46  325.5  332.1  325.9
  428.0   6982  -17.1  -25.2     49   1.16    320     48  326.3  330.5  326.5
  420.0   7124  -17.7  -32.7     26   0.59    321     49  327.3  329.5  327.4
  415.0   7214  -16.9  -55.9      2   0.05    322     49  329.4  329.7  329.5
  400.0   7490  -18.7  -53.7      3   0.06    325     51  330.6  330.9  330.6
  358.0   8312  -21.5  -59.5      2   0.04    325     64  337.5  337.6  337.5
  347.0   8542  -20.9  -57.9      2   0.04    325     67  341.3  341.5  341.3
  324.0   9041  -24.6  -60.1      2   0.04    325     75  343.0  343.2  343.0
  302.0   9552  -28.3  -62.3      2   0.03    325     72  344.7  344.9  344.7
  300.0   9600  -27.9  -63.9      2   0.02    325     72  345.9  346.1  345.9
  292.0   9793  -28.7  -66.7      1   0.02    326     72  347.5  347.6  347.5
  250.0  10880  -38.1  -71.1      2   0.01    330     70  349.3  349.3  349.3
  219.0  11777  -45.8  -74.5      2   0.01    330     71  350.9  351.0  350.9
  214.0  11933  -47.1  -75.1      3   0.01    329     69  351.2  351.2  351.2
  200.0  12380  -49.3  -79.3      2   0.00    325     65  354.5  354.6  354.5
  167.0  13539  -55.9  -82.9      2   0.00    309     64  362.3  362.3  362.3
  155.0  14007  -59.9  -84.9      2   0.00    302     63  363.3  363.3  363.3
  151.0  14169  -61.5                         300     63  363.2         363.2
  150.0  14210  -61.9                         300     62  363.2         363.2
  141.0  14588  -64.2                         305     60  365.8         365.8
  129.0  15132  -67.4                         335     55  369.3         369.3
  128.0  15180  -67.7                         334     55  369.6         369.6
  110.0  16064  -75.8                         320     45  370.8         370.8
  100.0  16620  -80.9                         325     47  371.2         371.2
   94.0  16965  -83.0                         335     47  373.6         373.6
   92.7  17042  -83.5                         340     47  374.2         374.2
   90.0  17209  -78.6                         345     42  387.0         387.0
   88.3  17317  -75.5                         333     36  395.4         395.4
   86.3  17450  -74.7                         318     29  399.6         399.6
   84.0  17605  -75.0                         300     21  402.1         402.1
   82.0  17745  -75.3                         310     16  404.3         404.3
   79.0  17960  -75.7                         320     13  407.8         407.8
   76.1  18175  -76.1                          23     12  411.3         411.3
   76.0  18183  -76.0                          25     12  411.6         411.6
   70.0  18660  -72.7                          45     14  428.5         428.5
   69.0  18745  -71.9                          65     10  432.1         432.1
   67.6  18867  -70.7                          72      9  437.1         437.1
   65.0  19099  -72.3                          85      7  438.6         438.6
   64.7  19126  -72.5                          78      8  438.7         438.7
   64.0  19191  -72.1                          60     10  440.9         440.9
   62.0  19381  -71.0                          90     16  447.3         447.3
   59.0  19676  -69.3                          85     27  457.6         457.6
   56.6  19924  -67.9                          93     28  466.2         466.2
   56.0  19988  -68.0                          95     28  467.4         467.4
   55.0  20097  -68.3                          90     31  469.2         469.2
   53.2  20297  -68.7                          77     27  472.7         472.7
   53.0  20320  -68.7                          75     26  473.3         473.3
   50.0  20670  -68.5                          70     23  481.6         481.6
   49.3  20754  -68.7                          72     23  483.1         483.1
   48.0  20918  -67.2                          75     22  490.3         490.3
   44.0  21451  -62.5                          50     26  514.1         514.1
   41.0  21884  -58.7                          95     24  534.2         534.2
   40.0  22039  -58.4                          80     22  538.7         538.7
   39.0  22198  -58.1                         105     25  543.4         543.4
   38.0  22362  -57.8                          95     20  548.3         548.3
   37.0  22530  -57.4                         105     26  553.3         553.3
   36.0  22702  -57.1                         100     24  558.5         558.5
   35.0  22880  -58.0                          95     22  560.6         560.6
   34.7  22934  -58.3                          97     23  561.3         561.3
   33.0  23250  -58.0                         110     30  570.1         570.1
   31.0  23644  -57.7                          75     26  581.3         581.3
   30.0  23850  -57.5                          90     26  587.3         587.3
   24.0  25266  -56.6                          70     38  628.4         628.4
   23.1  25508  -56.5                          92     38  635.8         635.8
   23.0  25536  -56.2                          95     38  637.3         637.3
   21.6  25939  -52.7                          85     38  659.5         659.5
   21.0  26122  -51.7                          80     38  667.9         667.9
   20.0  26440  -49.9                          95     44  682.7         682.7
   18.2  27060  -46.9                          91     48  710.7         710.7
   18.0  27134  -45.4                          90     48  717.7         717.7
   17.8  27209  -43.9                          85     49  724.8         724.8
   17.0  27517  -43.8                          65     52  734.8         734.8
   16.7  27637  -43.7                                     738.7         738.7
