
-----------------------------------------------------------------------------
   PRES   HGHT   TEMP   DWPT   RELH   MIXR   DRCT   SKNT   THTA   THTE   THTV
    hPa     m      C      C      %    g/kg    deg   knot     K      K      K 
-----------------------------------------------------------------------------
 1019.0      5   25.8   17.8     61  12.74    140      8  297.4  334.5  299.6
 1011.0     73   23.8   15.8     61  11.29    129      9  296.0  328.8  298.0
 1001.0    157   23.1   16.0     64  11.54    115     11  296.1  329.6  298.2
 1000.0    166   23.0   16.0     65  11.56    115     11  296.1  329.7  298.2
  939.0    710   18.0   15.3     84  11.75    135     11  296.4  330.6  298.5
  925.0    840   16.8   15.1     90  11.80    130     11  296.5  330.8  298.6
  911.0    970   15.4   14.4     94  11.44    123     10  296.3  329.6  298.4
  853.0   1527   14.0    0.0     38   4.51     92      8  300.5  314.3  301.3
  850.0   1557   14.0    0.0     38   4.52     90      8  300.8  314.7  301.6
  821.0   1849   12.9    1.3     45   5.14    100     10  302.6  318.4  303.6
  814.0   1921   12.6    1.6     47   5.31    103     10  303.1  319.4  304.0
  732.0   2802    6.0    2.4     78   6.25    142      7  305.2  324.4  306.3
  716.0   2982    5.2    0.9     74   5.74    150      6  306.2  324.0  307.3
  700.0   3167    4.4   -0.6     70   5.26    170      7  307.3  323.8  308.3
  686.0   3331    3.3   -2.5     66   4.68    170     10  307.9  322.6  308.8
  682.0   3379    3.0   -3.0     65   4.52    170     11  308.1  322.3  308.9
  672.0   3498    2.8  -10.2     38   2.63    170     14  309.1  317.7  309.6
  669.0   3535    2.6   -9.4     41   2.82    170     15  309.3  318.5  309.8
  647.0   3806    5.4  -31.6      5   0.42    170     21  315.4  317.0  315.5
  644.0   3844    5.2  -31.8      5   0.42    170     22  315.6  317.2  315.7
  566.0   4885   -0.7  -37.7      4   0.26    188     22  320.6  321.6  320.6
  559.0   4983   -1.5  -37.5      4   0.27    190     22  320.8  321.9  320.9
  528.0   5431   -5.0  -36.4      7   0.32    180     18  321.9  323.1  321.9
  500.0   5860   -8.3  -35.3      9   0.38    205     15  322.9  324.3  322.9
  492.0   5984   -9.3  -33.7     12   0.45    210     15  323.1  324.8  323.2
  470.0   6336  -12.3  -29.3     23   0.72    220     17  323.6  326.3  323.8
  428.0   7043  -17.3  -37.3     16   0.36    216     26  326.1  327.5  326.1
  417.0   7238  -15.9  -37.9     13   0.35    215     28  330.3  331.7  330.4
  413.0   7310  -16.3  -38.3     13   0.34    215     29  330.7  332.0  330.7
  400.0   7550  -17.7  -39.7     13   0.30    220     24  331.9  333.1  332.0
  397.0   7606  -18.1  -46.1      7   0.15    220     24  332.1  332.7  332.1
  381.0   7913  -20.5  -38.5     18   0.36    222     25  332.9  334.3  332.9
  343.0   8684  -25.7  -48.7     10   0.13    225     26  335.9  336.5  336.0
  313.0   9341  -31.7  -52.7     11   0.09    229     27  336.5  336.9  336.5
  300.0   9640  -34.3  -54.3     11   0.08    230     27  336.9  337.3  336.9
  299.0   9663  -34.5  -54.4     11   0.08    230     27  337.0  337.3  337.0
  252.0  10836  -44.1  -60.1     15   0.05    235     43  339.6  339.8  339.6
  250.0  10890  -44.1  -60.1     15   0.05    235     44  340.4  340.6  340.4
  200.0  12350  -55.5  -68.5     18   0.02    235     53  344.7  344.8  344.7
  186.0  12808  -58.9  -70.9     20   0.01    235     62  346.4  346.5  346.4
  178.0  13083  -59.9  -71.9     19   0.01    235     68  349.2  349.2  349.2
  176.0  13152  -60.5                         235     69  349.4         349.4
  160.0  13739  -65.1                         242     53  351.2         351.2
  153.0  14010  -66.2                         245     45  353.8         353.8
  150.0  14130  -66.7                         250     45  355.0         355.0
  136.0  14717  -68.4                         255     64  362.0         362.0
  121.0  15418  -70.5                         245     42  370.5         370.5
  115.0  15715  -72.6                         240     32  372.1         372.1
  109.0  16029  -74.8                         250     38  373.7         373.7
  105.0  16248  -76.3                         245     39  374.8         374.8
  100.0  16530  -75.5                         235     36  381.6         381.6
   96.0  16766  -76.1                         220     27  384.9         384.9
   91.2  17062  -76.9                         244     22  389.0         389.0
   91.0  17074  -76.8                         245     22  389.4         389.4
   81.0  17756  -73.8                         210     17  408.9         408.9
   75.0  18206  -71.7                         155     10  422.2         422.2
   73.0  18364  -71.0                         155      6  427.0         427.0
   70.0  18610  -69.9                         170     10  434.5         434.5
   69.6  18644  -69.3                         166     10  436.5         436.5
   64.2  19126  -70.7                         102     14  443.6         443.6
   64.0  19145  -70.6                         100     14  444.2         444.2
   58.0  19741  -67.6                         110     12  463.7         463.7
   56.0  19954  -66.5                          95     10  470.8         470.8
   50.0  20640  -63.1                         125      4  494.4         494.4
   46.0  21156  -61.5                          70     12  510.1         510.1
   44.0  21432  -60.7                         115     10  518.7         518.7
   42.0  21720  -59.8                          90     14  527.8         527.8
   41.4  21809  -59.5                          92     16  530.7         530.7
   39.0  22180  -60.3                         100     24  537.7         537.7
   38.0  22342  -60.7                          90     27  540.8         540.8
   37.0  22508  -61.1                          80     24  544.0         544.0
   36.9  22525  -61.1                          80     24  544.3         544.3
   34.6  22927  -57.3                          85     23  564.4         564.4
   30.0  23830  -55.9                          95     22  591.6         591.6
   29.1  24024  -56.1                          99     23  596.3         596.3
   28.0  24275  -55.0                         105     24  605.9         605.9
   26.0  24756  -52.9                          85     25  624.8         624.8
   24.0  25277  -50.7                          90     20  645.8         645.8
   22.0  25842  -48.2                          55     19  669.3         669.3
   21.6  25962  -47.7                          71     18  674.4         674.4
   21.0  26148  -48.1                          95     17  678.5         678.5
   20.0  26470  -48.9                          80     20  685.7         685.7
   19.0  26807  -48.8                          50     18  696.1         696.1
   18.0  27163  -48.7                          50     15  707.3         707.3
   17.0  27538  -48.6                          75     16  719.3         719.3
   16.0  27937  -48.5                          65     14  732.2         732.2
   15.0  28361  -48.4                          85     15  746.3         746.3
   14.5  28584  -48.3                                     753.7         753.7
