
-----------------------------------------------------------------------------
   PRES   HGHT   TEMP   DWPT   RELH   MIXR   DRCT   SKNT   THTA   THTE   THTV
    hPa     m      C      C      %    g/kg    deg   knot     K      K      K 
-----------------------------------------------------------------------------
 1008.0      5   26.2   21.4     75  16.20     45      5  298.7  346.0  301.6
 1005.0     30   25.0   17.0     61  12.27     39      5  297.7  333.6  299.9
 1000.0     73   24.8   19.8     74  14.76     30      6  297.9  341.0  300.6
  945.0    567   20.4   18.9     91  14.77    314     14  298.3  341.4  301.0
  925.0    753   23.2   16.2     65  12.68    285     17  303.0  340.9  305.3
  924.0    762   23.2   15.9     64  12.49    285     17  303.1  340.4  305.4
  921.0    791   23.2   15.2     61  11.93    284     17  303.4  339.1  305.6
  898.0   1010   21.5   13.8     62  11.17    275     17  303.9  337.4  305.9
  850.0   1485   17.8   10.8     64   9.66    295     14  304.8  334.0  306.6
  828.0   1709   15.9   10.7     71   9.83    300     15  305.0  334.8  306.8
  816.0   1833   14.8   10.6     76   9.93    296     15  305.2  335.2  307.0
  762.0   2410   11.0    3.0     58   6.27    277     16  307.1  326.5  308.3
  731.0   2756    8.4    4.3     75   7.17    265     17  307.9  330.1  309.2
  718.0   2904    7.5    2.2     69   6.28    260     17  308.5  328.1  309.7
  700.0   3113    6.2   -0.8     61   5.18    260     16  309.3  325.7  310.3
  666.0   3520    4.5  -10.7     32   2.55    275     15  311.9  320.3  312.4
  659.0   3607    4.2  -12.8     28   2.18    271     16  312.4  319.7  312.9
  640.0   3844    3.0  -10.0     38   2.81    259     19  313.7  323.0  314.2
  625.0   4033    1.4  -10.9     40   2.69    250     21  314.0  322.9  314.5
  581.0   4613   -3.6  -13.5     46   2.33    250     22  314.8  322.6  315.2
  547.0   5092   -7.7  -15.7     53   2.07    250     19  315.4  322.4  315.8
  540.0   5193   -8.1  -22.1     31   1.21    250     18  316.1  320.3  316.3
  532.0   5309   -8.3  -14.3     62   2.39    250     17  317.2  325.3  317.6
  527.0   5382   -8.5  -17.5     48   1.85    254     19  317.8  324.1  318.2
  519.0   5501   -7.5  -24.5     24   1.02    259     22  320.4  324.1  320.6
  511.0   5621   -8.7  -26.1     23   0.90    265     25  320.4  323.7  320.6
  500.0   5790  -10.3  -28.3     21   0.75    260     27  320.4  323.1  320.6
  481.0   6086  -12.7  -37.7     10   0.31    248     31  321.0  322.2  321.1
  476.0   6165  -12.7  -48.7      3   0.10    245     31  322.0  322.4  322.0
  468.0   6294  -13.4  -46.8      4   0.12    240     33  322.6  323.1  322.6
  461.0   6408  -14.1  -45.1      5   0.15    243     34  323.2  323.8  323.2
  454.0   6524  -13.9  -40.9      8   0.24    246     35  324.9  325.8  324.9
  442.0   6726  -15.5  -27.5     35   0.91    251     37  325.3  328.7  325.5
  427.0   6985  -17.3  -31.3     29   0.66    258     39  326.3  328.8  326.4
  420.0   7108  -18.1  -26.1     50   1.09    261     41  326.8  330.8  327.0
  406.0   7360  -19.9  -28.9     45   0.87    267     43  327.6  330.9  327.8
  401.0   7452  -20.3  -43.3     11   0.21    270     44  328.3  329.1  328.3
  400.0   7470  -20.3  -43.3     11   0.21    270     44  328.5  329.4  328.6
  393.0   7600  -21.4  -39.0     19   0.33    270     46  328.8  330.1  328.9
  377.0   7905  -23.9  -28.9     63   0.94    267     49  329.4  332.9  329.6
  361.0   8220  -25.7  -32.7     52   0.68    265     52  331.1  333.7  331.2
  334.0   8778  -30.3  -34.6     66   0.61    260     57  332.2  334.6  332.3
  333.0   8799  -30.5  -34.9     65   0.60    260     57  332.2  334.5  332.4
  300.0   9530  -37.1  -44.1     48   0.26    255     55  333.0  334.0  333.0
  280.0  10005  -41.1  -48.1     47   0.18    249     56  333.8  334.6  333.9
  269.0  10277  -43.0  -57.1     20   0.06    245     56  334.9  335.2  334.9
  263.0  10430  -44.1  -62.1     12   0.03    245     60  335.5  335.6  335.5
  250.0  10770  -46.7  -59.7     21   0.05    245     70  336.5  336.7  336.5
  244.0  10931  -47.9  -59.9     24   0.05    244     74  337.1  337.3  337.1
  230.0  11317  -50.7  -64.2     19   0.03    240     85  338.5  338.6  338.5
  216.0  11727  -53.7  -68.7     14   0.02    244     79  340.0  340.1  340.0
  200.0  12220  -56.1  -71.1     14   0.01    250     71  343.8  343.8  343.8
  169.0  13280  -59.9  -76.9      9   0.01    253     63  354.4  354.4  354.4
  153.0  13897  -62.1                         255     58  360.9         360.9
  150.0  14020  -62.5                         255     59  362.2         362.2
  139.0  14482  -64.8                         245     48  366.2         366.2
  121.0  15323  -68.9                         268     38  373.4         373.4
  115.0  15627  -67.5                         277     34  381.5         381.5
  113.0  15732  -68.1                         280     33  382.3         382.3
  108.0  16002  -69.7                         285     36  384.2         384.2
  105.0  16170  -70.7                         275     37  385.5         385.5
  100.0  16460  -68.9                         255     34  394.4         394.4
   95.0  16767  -68.2                         255     28  401.6         401.6
   89.6  17118  -67.3                         218     17  410.1         410.1
   87.0  17293  -68.3                         200     11  411.5         411.5
   76.0  18095  -73.1                          20      3  417.7         417.7
   75.0  18173  -72.5                         315      1  420.5         420.5
   70.0  18580  -69.5                          65      7  435.4         435.4
   65.0  19028  -67.3                          85     10  449.4         449.4
   60.0  19513  -65.0                          70     15  465.1         465.1
   57.1  19812  -63.5                          88     19  475.1         475.1
   56.0  19932  -63.3                          95     21  478.2         478.2
   52.0  20388  -62.4                         110     16  490.6         490.6
   51.8  20412  -62.3                         109     16  491.3         491.3
   50.0  20630  -62.7                         100     18  495.3         495.3
   49.0  20755  -63.2                          95     16  497.0         497.0
   48.4  20831  -63.5                          97     16  498.0         498.0
   45.0  21280  -63.2                         110     18  509.3         509.3
   38.0  22323  -62.4                          90     23  536.6         536.6
   37.5  22405  -62.3                          92     23  538.8         538.8
   35.0  22836  -61.0                         100     25  552.9         552.9
   34.0  23018  -60.5                          90     21  558.9         558.9
   31.0  23595  -58.7                          95     25  578.5         578.5
   30.0  23800  -58.1                          80     28  585.7         585.7
   29.0  24018  -57.3                          75     26  593.5         593.5
   23.0  25510  -52.1                          60     18  649.6         649.6
   20.0  26410  -48.9                          80     21  685.7         685.7
   18.0  27099  -50.2                          90     28  702.7         702.7
   17.5  27283  -50.5                                     707.3         707.3
