
-----------------------------------------------------------------------------
   PRES   HGHT   TEMP   DWPT   RELH   MIXR   DRCT   SKNT   THTA   THTE   THTV
    hPa     m      C      C      %    g/kg    deg   knot     K      K      K 
-----------------------------------------------------------------------------
 1023.0      5   19.4   16.4     83  11.60    200      7  290.7  323.5  292.7
 1006.0    147   17.6   15.3     86  10.98    136     10  290.2  321.3  292.2
 1003.0    173   17.9   15.3     85  11.01    125     10  290.8  322.1  292.7
 1000.0    198   18.2   15.3     83  11.05    120     10  291.4  322.8  293.3
  998.0    215   18.2   15.1     82  10.92    117     10  291.5  322.6  293.4
  981.0    363   17.7   14.4     81  10.64     95     11  292.4  322.9  294.3
  965.0    504   17.2   13.8     80  10.38     87     12  293.3  323.1  295.1
  950.0    637   16.0   13.3     84  10.20     80     13  293.4  322.8  295.2
  926.0    855   14.0   12.5     91   9.92     80     15  293.5  322.1  295.3
  925.0    864   14.0   12.6     91  10.00     80     15  293.6  322.4  295.4
  885.0   1236   11.4    7.0     74   7.15     85     16  294.7  315.6  295.9
  850.0   1572    9.4    6.8     84   7.34     90     17  296.0  317.6  297.3
  837.0   1699    8.5    6.0     85   7.07     90     18  296.3  317.2  297.6
  786.0   2217    4.8    2.9     87   6.03     88     16  297.8  315.8  298.8
  780.0   2280    5.6   -3.4     52   3.83     88     16  299.3  311.0  299.9
  752.0   2578    4.6  -15.4     22   1.54     87     14  301.3  306.4  301.6
  703.0   3124    2.5  -26.9      9   0.61     85     12  304.9  307.0  305.0
  700.0   3159    2.4  -27.6      9   0.57     80     12  305.1  307.1  305.2
  691.0   3263    2.2  -32.8      5   0.35     69     12  306.0  307.3  306.1
  668.0   3536    1.6  -23.4     14   0.87     41     11  308.3  311.4  308.5
  645.0   3817    0.4  -30.6      8   0.47     12     10  310.1  311.8  310.1
  640.0   3879    0.8  -35.2      5   0.30      5     10  311.2  312.3  311.2
  634.0   3955    1.2  -40.8      3   0.17    359     10  312.5  313.2  312.5
  625.0   4069    0.5  -41.0      3   0.17    350     11  312.9  313.6  313.0
  602.0   4367   -1.5  -41.4      3   0.17    325     15  314.1  314.8  314.1
  574.0   4746   -3.9  -41.9      3   0.17    310     18  315.5  316.2  315.6
  568.0   4829   -2.9  -50.9      1   0.06    307     19  317.6  317.9  317.7
  549.0   5097   -3.1  -52.1      1   0.06    296     21  320.5  320.8  320.5
  529.0   5388   -4.9  -53.4      1   0.05    285     23  321.8  322.0  321.8
  505.0   5753   -7.1  -55.1      1   0.04    285     29  323.4  323.6  323.4
  500.0   5830   -7.7  -45.7      3   0.13    285     30  323.6  324.1  323.6
  430.0   6982  -17.9  -42.9      9   0.20    285     46  324.9  325.7  324.9
  400.0   7520  -20.9  -42.9     12   0.22    285     53  327.7  328.6  327.8
  393.0   7650  -22.1  -43.1     13   0.22    285     54  327.8  328.7  327.9
  360.0   8290  -27.1  -30.6     72   0.84    285     60  329.4  332.6  329.6
  325.0   9019  -33.1  -36.4     72   0.53    285     67  330.9  333.0  331.1
  318.0   9172  -34.1  -37.3     73   0.49    285     69  331.6  333.5  331.7
  314.0   9261  -33.5  -36.3     76   0.55    284     69  333.7  335.8  333.8
  300.0   9580  -35.9  -39.3     71   0.42    280     70  334.7  336.3  334.7
  291.0   9787  -37.2  -41.1     67   0.36    280     71  335.7  337.1  335.8
  252.0  10767  -43.5  -49.5     51   0.17    266    100  340.5  341.2  340.5
  250.0  10820  -43.9  -48.9     57   0.18    265    102  340.7  341.4  340.7
  200.0  12280  -55.7  -61.7     47   0.05    275    114  344.4  344.6  344.4
  193.0  12505  -57.6  -63.2     49   0.04    275    116  344.9  345.0  344.9
  185.0  12773  -59.9  -64.9     52   0.03    273    117  345.4  345.5  345.4
  150.0  14060  -68.9                         265    121  351.2         351.2
  147.0  14179  -69.7                         265    121  351.8         351.8
  134.0  14726  -73.5                         265    110  354.5         354.5
  114.0  15670  -73.5                         279     76  371.3         371.3
  113.0  15723  -72.9                         280     74  373.3         373.3
  104.0  16215  -67.7                         273     62  392.2         392.2
  100.0  16450  -68.1                         270     56  395.9         395.9
   96.0  16693  -68.9                         270     41  398.9         398.9
   89.5  17111  -70.3                         265     50  404.2         404.2
   89.0  17145  -70.2                         265     51  405.2         405.2
   82.0  17636  -67.9                         250     37  419.4         419.4
   77.0  18014  -66.2                         270     30  430.6         430.6
   75.2  18156  -65.5                         268     26  434.9         434.9
   73.0  18336  -65.8                         265     20  438.1         438.1
   70.0  18590  -66.1                         275     21  442.6         442.6
   69.0  18677  -66.3                         280     23  444.0         444.0
   68.0  18766  -66.5                         278     22  445.5         445.5
   62.0  19331  -64.4                         265     16  462.1         462.1
   59.2  19613  -63.3                         232     10  470.6         470.6
   59.0  19634  -63.4                         230     10  470.8         470.8
   57.0  19845  -64.7                         205      6  472.6         472.6
   55.7  19986  -65.5                         211      9  473.9         473.9
   55.0  20064  -65.1                         215     11  476.6         476.6
   53.0  20292  -63.8                         225     10  484.5         484.5
   50.0  20650  -61.9                         145     14  497.2         497.2
   49.0  20776  -61.5                         125     14  501.0         501.0
   48.0  20905  -61.1                         100     10  505.0         505.0
   39.8  22076  -57.3                          74      5  542.2         542.2
   37.0  22535  -58.5                          64      4  550.6         550.6
   36.0  22708  -58.0                          60      3  556.2         556.2
   33.0  23258  -56.4                         175     10  574.4         574.4
   32.4  23374  -56.1                         178     10  578.2         578.2
   32.0  23454  -55.0                         180     10  583.3         583.3
   30.6  23741  -50.9                         270      7  601.9         601.9
   30.0  23870  -50.9                         310      6  605.3         605.3
   29.0  24091  -50.3                         310     10  612.9         612.9
   28.4  24227  -49.9                         311     10  617.6         617.6
   27.0  24557  -50.2                         315     10  625.7         625.7
   23.0  25601  -51.2                         255      8  652.1         652.1
   22.7  25687  -51.3                                     654.3         654.3
