
-----------------------------------------------------------------------------
   PRES   HGHT   TEMP   DWPT   RELH   MIXR   DRCT   SKNT   THTA   THTE   THTV
    hPa     m      C      C      %    g/kg    deg   knot     K      K      K 
-----------------------------------------------------------------------------
 1010.0      5   28.8   21.8     66  16.58     40      9  301.1  350.1  304.1
 1006.0     39   26.4   18.4     61  13.42     44      9  299.0  338.4  301.4
 1000.0     91   26.2   20.2     70  15.14     50      8  299.4  343.8  302.1
  952.0    523   21.6   19.8     90  15.52     15      2  298.9  344.3  301.7
  932.0    707   21.2   18.0     82  14.16      0      0  300.3  342.0  302.8
  925.0    773   21.0   17.4     80  13.70      0      1  300.8  341.2  303.2
  924.0    782   21.0   17.3     79  13.63    358      1  300.9  341.1  303.3
  896.0   1048   19.2   15.2     78  12.27    313      9  301.7  338.1  303.9
  894.0   1068   19.5   14.3     72  11.62    310     10  302.1  336.8  304.3
  889.0   1116   20.2   12.2     60  10.14    312     11  303.4  333.8  305.2
  866.0   1342   20.2    8.9     48   8.34    320     17  305.7  331.1  307.2
  861.0   1392   20.2    8.2     46   7.98    318     18  306.2  330.6  307.6
  850.0   1503   21.2    6.2     38   7.04    315     19  308.3  330.2  309.6
  849.0   1513   21.2    6.2     38   7.05    315     19  308.4  330.3  309.8
  743.0   2649   11.9    4.7     61   7.23    275     22  310.3  332.9  311.7
  727.0   2834   10.4    4.4     66   7.26    278     18  310.6  333.3  311.9
  717.0   2949    9.7    4.3     69   7.31    280     16  311.0  333.9  312.4
  700.0   3149    8.4    4.1     74   7.39    295     13  311.8  334.9  313.1
  693.0   3232    7.8    4.8     81   7.84    301     12  312.0  336.6  313.5
  670.0   3509    5.4    1.5     76   6.41    319      7  312.3  332.6  313.5
  669.0   3521    5.4    1.0     73   6.18    320      7  312.4  332.0  313.6
  664.0   3583    5.4   -1.6     61   5.15    310      7  313.1  329.6  314.1
  657.0   3669    4.9   -2.1     61   5.02    295      6  313.5  329.7  314.5
  644.0   3832    4.0   -3.0     60   4.79    268      7  314.3  329.7  315.2
  640.0   3882    3.5   -3.1     62   4.77    260      7  314.3  329.7  315.2
  607.0   4309   -0.5   -4.1     77   4.68    250     13  314.4  329.6  315.3
  592.0   4507   -2.0   -6.3     73   4.06    245     16  314.9  328.2  315.7
  576.0   4725   -3.7   -8.7     68   3.46    245     14  315.4  326.8  316.1
  575.0   4739   -3.7  -10.0     62   3.13    245     14  315.6  326.0  316.2
  568.0   4835   -3.9  -18.9     30   1.52    256     13  316.5  321.7  316.8
  554.0   5031   -5.3  -22.3     25   1.16    277     11  317.1  321.2  317.3
  543.0   5188   -6.7  -17.4     42   1.80    295     10  317.2  323.4  317.6
  540.0   5231   -7.1  -16.1     49   2.03    292     10  317.3  324.2  317.6
  536.0   5289   -6.3  -29.3     14   0.63    289     10  318.9  321.2  319.0
  527.0   5421   -6.1  -42.1      4   0.18    281     10  320.7  321.4  320.7
  500.0   5830   -8.7  -46.7      3   0.12    255      9  322.4  322.8  322.4
  499.0   5845   -8.8  -46.7      3   0.12    255      9  322.4  322.9  322.4
  471.0   6288  -12.2  -46.0      4   0.13    260      3  323.6  324.2  323.7
  446.0   6707  -15.3  -45.3      6   0.15    320      5  324.8  325.4  324.8
  400.0   7520  -22.1  -42.1     15   0.24    270      7  326.2  327.1  326.2
  394.0   7631  -23.1  -44.1     13   0.19    265      8  326.3  327.1  326.3
  368.0   8128  -26.3  -50.5      8   0.10    240     10  328.4  328.9  328.4
  362.0   8247  -27.1  -52.1      7   0.09    246      9  328.9  329.3  328.9
  349.0   8507  -29.5  -51.4     10   0.10    260      8  329.2  329.6  329.2
  318.0   9166  -35.5  -49.5     22   0.13    224     12  329.7  330.2  329.7
  307.0   9411  -37.1  -51.1     22   0.11    210     13  330.7  331.2  330.7
  306.0   9433  -37.3  -51.3     22   0.11    211     13  330.8  331.3  330.8
  300.0   9570  -38.1  -54.1     17   0.08    215     13  331.6  331.9  331.6
  285.0   9921  -39.5  -63.5      6   0.03    256     10  334.4  334.6  334.4
  280.0  10039  -40.5  -64.3      6   0.02    270      9  334.7  334.9  334.8
  257.0  10615  -45.2  -68.4      6   0.01    290      7  336.1  336.2  336.1
  250.0  10800  -46.7  -69.7      6   0.01    275     10  336.5  336.6  336.5
  237.0  11152  -49.6  -70.0      7   0.01    235     22  337.2  337.3  337.2
  235.0  11208  -50.1  -70.1      8   0.01    235     23  337.4  337.4  337.4
  213.0  11843  -53.3  -73.3      7   0.01    230     34  342.0  342.1  342.0
  200.0  12250  -55.3  -75.3      7   0.01    235     30  345.0  345.1  345.0
  197.0  12345  -55.7  -75.7      7   0.01    240     28  345.8  345.9  345.8
  175.0  13093  -59.2  -79.2      6   0.00    260     38  352.0  352.0  352.0
  171.0  13240  -59.9  -79.9      6   0.00    258     40  353.2  353.2  353.2
  160.0  13656  -58.7  -82.7      3   0.00    251     45  362.0  362.0  362.0
  154.0  13896  -59.9  -85.9      2   0.00    248     48  363.9  363.9  363.9
  150.0  14060  -60.5                         245     50  365.6         365.6
  146.0  14227  -61.1                         245     54  367.5         367.5
  133.0  14801  -63.0                         235     31  373.9         373.9
  124.0  15233  -64.5                         248     18  378.8         378.8
  123.0  15282  -64.8                         250     17  379.1         379.1
  113.0  15789  -68.1                         240     27  382.2         382.2
  107.0  16115  -70.3                         230     24  384.2         384.2
  100.0  16520  -72.9                         260     16  386.6         386.6
   99.7  16538  -72.9                         260     16  386.9         386.9
   98.1  16633  -71.5                         261     16  391.5         391.5
   88.3  17251  -74.1                         268     17  398.2         398.2
   86.0  17407  -71.0                         270     17  407.5         407.5
   84.9  17483  -69.5                         277     14  412.0         412.0
   83.0  17617  -69.9                         290     10  413.9         413.9
   79.0  17911  -70.8                         345      5  418.0         418.0
   78.4  17956  -70.9                         342      5  418.6         418.6
   73.0  18381  -70.1                         315      4  428.8         428.8
   70.0  18630  -69.7                         330      6  434.9         434.9
   69.0  18716  -69.4                         350      8  437.4         437.4
   64.7  19103  -67.9                          27      7  448.8         448.8
   59.6  19597  -69.5                          74      5  455.8         455.8
   56.0  19974  -67.9                         110      4  467.8         467.8
   50.0  20660  -64.9                          80     21  490.1         490.1
   49.1  20771  -63.7                          82     21  495.5         495.5
   48.0  20910  -63.8                          85     22  498.5         498.5
   46.0  21170  -64.0                          70     27  504.2         504.2
   42.2  21697  -64.3                          89     20  515.9         515.9
   41.0  21875  -63.6                          95     18  521.9         521.9
   40.0  22027  -63.1                         120     12  527.0         527.0
   37.0  22508  -61.3                         125     24  543.4         543.4
   35.7  22728  -60.5                          93     23  551.0         551.0
   35.0  22854  -59.6                          75     23  556.6         556.6
   34.0  23037  -58.2                          70     17  564.8         564.8
   32.0  23420  -55.4                         105     18  582.2         582.2
   31.0  23620  -53.9                          95     27  591.5         591.5
   30.0  23830  -54.7                          85     26  594.9         594.9
   28.0  24273  -54.6                          75     17  607.0         607.0
   27.0  24507  -54.6                          85     11  613.5         613.5
   26.0  24749  -54.5                         100     15  620.2         620.2
   25.3  24924  -54.5                          88     16  625.2         625.2
   24.0  25266  -53.5                          65     19  637.7         637.7
   22.0  25831  -51.8                         100     20  658.8         658.8
   20.0  26450  -49.9                          95     31  682.7         682.7
   18.0  27149  -47.4                         110     27  711.6         711.6
   17.0  27528  -46.0                          95     25  727.7         727.7
   15.1  28315  -43.1                         104     28  762.3         762.3
   15.0                                       105     28                     
