
-----------------------------------------------------------------------------
   PRES   HGHT   TEMP   DWPT   RELH   MIXR   DRCT   SKNT   THTA   THTE   THTV
    hPa     m      C      C      %    g/kg    deg   knot     K      K      K 
-----------------------------------------------------------------------------
 1010.0      5   27.0   19.0     62  13.89    165     10  299.3  340.1  301.8
 1000.0     88   25.4   18.4     65  13.50    155      8  298.6  338.1  301.0
  994.0    141   24.8   17.8     65  13.07    159      9  298.5  336.7  300.8
  992.0    159   24.6   17.8     66  13.08    160      9  298.5  336.7  300.8
  954.0    499   21.4   17.3     78  13.23    175     13  298.5  337.2  300.9
  925.0    768   18.8   17.0     89  13.35    145     13  298.5  337.6  300.9
  914.0    871   18.0   16.4     90  13.03    135     13  298.8  336.9  301.1
  885.0   1147   16.0   14.9     93  12.18    137     20  299.4  335.2  301.6
  875.0   1244   16.6   11.9     74  10.10    138     22  301.0  331.0  302.9
  866.0   1332   18.6    9.6     56   8.73    139     24  304.0  330.4  305.6
  857.0   1422   18.0    9.0     56   8.47    139     26  304.3  330.0  305.8
  850.0   1492   18.8    4.8     40   6.38    140     28  305.8  325.5  307.0
  837.0   1625   20.6  -21.4      5   0.83    139     30  309.1  312.0  309.2
  781.0   2211   16.3  -17.1      9   1.28    135     40  310.7  315.1  310.9
  700.0   3137    9.6  -10.4     23   2.49    145     35  313.1  321.4  313.6
  683.0   3340    7.8  -10.2     27   2.59    143     31  313.3  321.9  313.8
  661.0   3610    6.6  -27.4      7   0.61    141     25  314.9  317.1  315.0
  652.0   3721    5.9  -27.7      7   0.60    140     23  315.3  317.5  315.4
  597.0   4437    1.2  -29.8      8   0.54    178     12  317.9  319.9  318.0
  587.0   4574    3.4  -44.0      2   0.13    185     10  322.0  322.5  322.0
  586.0   4588    3.6  -45.4      1   0.11    185     10  322.4  322.9  322.4
  567.0   4852    2.2  -43.0      2   0.15    180      9  323.8  324.4  323.9
  555.0   5023    1.3  -41.5      2   0.18    170     15  324.7  325.5  324.8
  505.0   5780   -2.7  -34.8      6   0.40    220     19  328.8  330.3  328.9
  500.0   5860   -3.1  -34.1      7   0.43    220     20  329.2  330.9  329.3
  493.0   5971   -3.7  -36.7      6   0.34    223     21  329.8  331.1  329.9
  473.0   6291   -6.2  -36.2      7   0.37    230     24  330.6  332.1  330.7
  449.0   6693   -9.3  -35.7     10   0.41    230     19  331.6  333.2  331.7
  429.0   7045  -12.1  -35.2     13   0.45    200     16  332.4  334.2  332.5
  411.0   7375  -14.7  -34.7     17   0.49    203     24  333.2  335.1  333.3
  400.0   7580  -15.7  -38.7     12   0.34    205     29  334.5  335.9  334.6
  393.0   7713  -16.1  -41.0     10   0.27    210     34  335.6  336.7  335.7
  364.0   8288  -18.1  -51.1      4   0.10    242     32  340.4  340.9  340.4
  341.0   8765  -22.1  -54.4      4   0.07    270     30  341.4  341.7  341.4
  307.0   9532  -28.5  -59.7      3   0.04    285     24  342.8  343.0  342.9
  300.0   9700  -29.9  -60.9      3   0.04    285     25  343.1  343.3  343.1
  251.0  10943  -39.7  -71.7      2   0.01    300     32  346.5  346.6  346.5
  250.0  10970  -39.5  -71.5      2   0.01    300     32  347.2  347.2  347.2
  235.0  11383  -42.4  -74.2      2   0.01    315     34  348.9  349.0  348.9
  200.0  12460  -50.1  -81.1      1   0.00    300     47  353.3  353.3  353.3
  194.0  12655  -51.4  -81.8      2   0.00    300     47  354.2  354.2  354.2
  160.0  13889  -59.9  -85.9      2   0.00    305     53  360.0  360.0  360.0
  159.0  13928  -60.2                         305     53  360.0         360.0
  150.0  14290  -63.5                         305     52  360.5         360.5
  136.0  14884  -68.7                         302     50  361.5         361.5
  128.0  15238  -70.7                         300     49  364.2         364.2
  100.0  16680  -78.9                         305     39  375.0         375.0
   94.0  17029  -80.9                         315     34  377.9         377.9
   93.0  17089  -81.2                         325     38  378.4         378.4
   92.7  17107  -81.3                         325     37  378.5         378.5
   89.0  17340  -80.3                         315     50  385.0         385.0
   81.0  17877  -77.8                         310     29  400.5         400.5
   77.0  18166  -76.5                         330     26  409.0         409.0
   74.0  18393  -75.5                         315     24  415.8         415.8
   70.0  18710  -74.1                         250     11  425.5         425.5
   68.0  18879  -73.8                         170      5  429.8         429.8
   66.0  19053  -73.4                         100     10  434.3         434.3
   65.5  19097  -73.3                          78     11  435.4         435.4
   65.0  19142  -73.4                          55     13  436.2         436.2
   62.6  19362  -73.9                          34     18  439.8         439.8
   61.0  19515  -71.4                          20     22  448.6         448.6
   59.0  19712  -68.2                          10     10  460.0         460.0
   58.8  19732  -67.9                          18      9  461.2         461.2
   58.0  19814  -67.7                          50      4  463.5         463.5
   57.0  19919  -67.4                         100     10  466.4         466.4
   54.0  20246  -66.6                          95     10  475.5         475.5
   52.0  20473  -66.1                          70     18  481.9         481.9
   50.0  20710  -65.5                          70     10  488.7         488.7
   48.0  20964  -64.8                          70     13  496.1         496.1
   47.0  21095  -64.5                          55     21  499.9         499.9
   46.0  21229  -64.1                          40     16  503.9         503.9
   42.0  21795  -62.6                          45     11  520.9         520.9
   41.0  21945  -62.2                         100     10  525.5         525.5
   40.0  22099  -61.7                          85     15  530.3         530.3
   38.0  22418  -60.9                          90     13  540.3         540.3
   37.0  22584  -60.4                         125     12  545.6         545.6
   36.0  22755  -60.0                         125     19  551.1         551.1
   35.0  22930  -59.5                          80     25  556.8         556.8
   32.0  23488  -58.0                          85     27  575.3         575.3
   31.0  23686  -57.5                          70     21  582.0         582.0
   30.0  23890  -56.9                          80     25  588.9         588.9
   28.7  24171  -55.9                          90     26  599.2         599.2
   28.0  24328  -56.3                          95     27  602.3         602.3
   27.7  24396  -56.5                          94     28  603.6         603.6
   27.0  24562  -55.8                          90     29  610.0         610.0
   25.0  25058  -53.7                          90     27  629.7         629.7
   22.0  25884  -50.1                          80     29  663.7         663.7
   21.0  26184  -48.8                          90     26  676.4         676.4
   20.9  26215  -48.7                                     677.8         677.8
