
-----------------------------------------------------------------------------
   PRES   HGHT   TEMP   DWPT   RELH   MIXR   DRCT   SKNT   THTA   THTE   THTV
    hPa     m      C      C      %    g/kg    deg   knot     K      K      K 
-----------------------------------------------------------------------------
 1017.0      5   25.4   20.8     76  15.46      0      0  297.1  342.0  299.9
 1000.0    151   23.4   19.7     80  14.67    353      0  296.6  339.0  299.2
  956.0    543   19.6   18.9     96  14.59    336      2  296.5  338.8  299.1
  950.0    598   19.4   19.0     98  14.78    333      2  296.9  339.7  299.5
  925.0    828   17.8   16.7     93  13.10    323      2  297.5  335.6  299.8
  922.0    856   17.4   15.5     89  12.15    322      2  297.4  332.8  299.5
  912.0    949   18.6   14.2     76  11.28    317      3  299.5  332.8  301.6
  870.0   1354   17.8   10.8     64   9.43    299      4  302.8  331.1  304.5
  853.0   1522   16.2   11.8     75  10.29    291      4  302.8  333.6  304.7
  850.0   1552   16.2   11.2     72   9.92    290      4  303.1  332.9  304.9
  746.0   2650    9.6    0.6     53   5.39    238      8  307.4  324.3  308.4
  725.0   2887    7.6   -2.4     49   4.44    227      8  307.8  321.8  308.6
  708.0   3082    5.8    2.9     82   6.70    218      9  307.9  328.6  309.1
  700.0   3175    5.0    2.3     83   6.50    213      9  308.0  328.2  309.2
  696.0   3222    4.6    1.8     82   6.30    211      9  308.1  327.6  309.2
  691.0   3281    5.0   -5.0     48   3.83    208     10  309.1  321.4  309.9
  675.0   3472    5.8  -18.2     16   1.36    199     10  312.1  316.8  312.4
  651.0   3767    4.8  -33.7      4   0.34    185     11  314.2  315.5  314.2
  634.0   3983    4.0  -45.0      1   0.11    188     11  315.7  316.1  315.7
  620.0   4163    3.0  -44.5      2   0.12    190     11  316.6  317.1  316.6
  573.0   4798   -0.5  -42.5      2   0.16    183     19  319.7  320.3  319.7
  553.0   5080   -2.9  -39.4      4   0.23    180     22  320.1  321.0  320.2
  530.0   5416   -5.7  -35.7      7   0.35    197     21  320.6  322.0  320.7
  514.0   5655   -7.3  -38.3      6   0.27    210     21  321.6  322.6  321.6
  500.0   5870   -8.7  -40.7      6   0.22    210     24  322.4  323.2  322.4
  480.0   6184  -10.5  -45.5      4   0.14    208     25  323.9  324.5  324.0
  412.0   7329  -20.1  -44.2     10   0.18    200     31  326.1  326.8  326.1
  400.0   7550  -21.9  -43.9     12   0.20    195     31  326.4  327.2  326.5
  360.0   8317  -28.5  -53.5      7   0.07    190     25  327.6  327.9  327.6
  357.0   8376  -29.0  -53.8      7   0.07    190     24  327.8  328.1  327.8
  333.0   8866  -32.8  -56.5      8   0.05    165     19  329.1  329.3  329.1
  310.0   9369  -36.7  -59.2      8   0.04    210     25  330.4  330.6  330.4
  300.0   9600  -38.5  -60.5      8   0.04    215     29  331.0  331.1  331.0
  250.0  10830  -48.1  -64.1     14   0.03    240     35  334.4  334.6  334.4
  246.0  10935  -49.1  -64.6     15   0.03    240     35  334.5  334.6  334.5
  242.0  11042  -50.1  -65.1     15   0.02    240     37  334.6  334.7  334.6
  215.0  11802  -55.3  -70.3     14   0.01    237     55  338.0  338.0  338.0
  200.0  12260  -56.9  -75.9      7   0.01    235     66  342.5  342.5  342.5
  198.0  12324  -56.9  -76.3      7   0.01    235     66  343.5  343.6  343.5
  188.0  12651  -56.7  -78.7      5   0.00    231     62  348.9  349.0  348.9
  171.0  13247  -59.1  -82.7      3   0.00    225     56  354.5  354.5  354.5
  166.0  13433  -59.9  -83.9      3   0.00    225     49  356.2  356.2  356.2
  157.0  13778  -61.9                         225     36  358.6         358.6
  150.0  14060  -63.5                         230     37  360.5         360.5
  143.0  14349  -64.7                         230     43  363.3         363.3
  133.0  14787  -66.6                         210     33  367.6         367.6
  120.0  15409  -69.2                         230     24  373.8         373.8
  115.0  15667  -70.3                         235     27  376.4         376.4
  114.0  15719  -70.5                         233     28  376.9         376.9
  110.0  15933  -69.8                         225     34  382.0         382.0
  106.0  16153  -69.1                         220     29  387.4         387.4
  100.0  16500  -71.7                         235     25  388.9         388.9
   98.1  16613  -72.7                         240     27  389.1         389.1
   96.0  16741  -72.2                         235     27  392.6         392.6
   92.0  16994  -71.2                         205     22  399.4         399.4
   83.6  17561  -68.9                         188     11  415.1         415.1
   82.0  17676  -69.4                         185      9  416.3         416.3
   80.0  17823  -70.1                         235      5  417.9         417.9
   76.4  18097  -71.3                         235      9  420.9         420.9
   75.0  18207  -69.7                         235     10  426.5         426.5
   74.0  18287  -68.5                         220     12  430.6         430.6
   70.0  18620  -68.9                         160     19  436.6         436.6
   68.0  18795  -68.7                         135     16  440.8         440.8
   64.0  19160  -68.1                         115     13  449.7         449.7
   62.0  19352  -67.8                         130     10  454.4         454.4
   61.0  19450  -67.7                         140     11  456.8         456.8
   54.0  20185  -66.7                         110     12  475.4         475.4
   50.6  20577  -66.1                         110     20  485.6         485.6
   50.0  20650  -65.3                         110     21  489.2         489.2
   49.0  20775  -64.5                         105     20  493.9         493.9
   46.0  21164  -62.1                         130     22  508.7         508.7
   43.7  21481  -60.1                         107     24  521.1         521.1
   42.0  21728  -60.8                          90     25  525.4         525.4
   41.2  21847  -61.1                          98     24  527.5         527.5
   40.0  22033  -60.7                         110     23  533.0         533.0
   38.0  22355  -59.9                          90     27  542.8         542.8
   37.0  22523  -59.5                          80     26  547.9         547.9
   35.0  22872  -58.7                          95     24  558.8         558.8
   33.0  23241  -57.9                          90     23  570.5         570.5
   30.0  23840  -56.5                          65     16  590.0         590.0
   29.0  24055  -56.3                          65     18  596.3         596.3
   28.0  24278  -56.1                          95     15  602.9         602.9
   27.0  24509  -55.9                         110     17  609.8         609.8
   25.4  24897  -55.5                         104     23  621.6         621.6
   23.0  25536  -50.9                          95     34  653.0         653.0
   22.6  25649  -50.1                          89     32  658.6         658.6
   22.0  25825  -49.6                          80     30  665.3         665.3
   20.0  26450  -47.7                          85     31  689.4         689.4
   19.0  26791  -46.5                          85     26  703.1         703.1
   18.0  27150  -45.3                          60     24  717.9         717.9
   17.5  27337  -44.7                          60     18  725.7         725.7
   17.0  27532  -43.3                          60     11  736.2         736.2
   16.3  27816  -41.3                          57     13  751.6         751.6
   16.0  27941  -41.8                          55     14  754.1         754.1
   15.1  28332  -43.3                          86     18  761.6         761.6
   15.0  28377  -43.1                          90     19  763.7         763.7
   14.2  28747  -41.5                         106     29  781.2         781.2
   14.0                                       110     32                     
