
-----------------------------------------------------------------------------
   PRES   HGHT   TEMP   DWPT   RELH   MIXR   DRCT   SKNT   THTA   THTE   THTV
    hPa     m      C      C      %    g/kg    deg   knot     K      K      K 
-----------------------------------------------------------------------------
 1029.0      5   20.0   12.0     60   8.63    180     10  290.8  315.4  292.3
 1000.0    245   17.2   11.2     68   8.42    170     16  290.4  314.4  291.8
  979.0    426   15.6   10.6     72   8.26    159     22  290.5  314.1  291.9
  952.0    663   14.2    8.7     70   7.48    145     30  291.4  313.0  292.8
  925.0    906   12.8    6.8     67   6.74    135     28  292.4  312.0  293.6
  897.0   1164   10.6    6.6     76   6.86    126     25  292.7  312.6  293.9
  850.0   1611    8.6    4.1     73   6.07    110     21  295.1  313.1  296.2
  849.0   1621    8.5    4.1     74   6.07    110     21  295.1  313.1  296.2
  846.0   1650    8.2    4.0     75   6.06    110     21  295.1  313.0  296.2
  799.0   2120    5.6   -7.4     39   2.76    118     22  297.2  305.8  297.7
  791.0   2202    5.8  -16.2     19   1.37    119     22  298.3  302.7  298.5
  787.0   2244    5.8  -16.9     18   1.31    120     22  298.7  302.9  298.9
  750.0   2637    5.6  -23.0     11   0.81     90     10  302.6  305.4  302.8
  718.0   2993    5.4  -28.6      6   0.51    109      7  306.2  308.0  306.3
  700.0   3200    4.6  -31.4      5   0.40    120      5  307.6  309.0  307.6
  681.0   3419    2.9  -34.5      4   0.30    130      3  308.1  309.2  308.1
  662.0   3645    1.1  -37.8      4   0.22    100      7  308.6  309.4  308.6
  646.0   3840   -0.4  -40.6      3   0.17     95     12  309.0  309.7  309.0
  634.0   3990   -1.6  -42.7      3   0.14     75     10  309.3  309.9  309.4
  588.0   4590   -6.3  -51.3      1   0.06    184      6  310.6  310.8  310.6
  577.0   4738   -5.7  -53.7      1   0.04    212      5  312.9  313.1  313.0
  562.0   4944   -6.8  -54.8      1   0.04    250      4  314.0  314.2  314.0
  550.0   5112   -7.7  -55.7      1   0.04    260     10  314.9  315.1  314.9
  547.0   5155   -7.9  -55.9      1   0.04    261     10  315.1  315.3  315.2
  530.0   5400   -7.7  -29.7     15   0.62    270     13  318.2  320.5  318.4
  510.0   5697  -10.1  -25.5     27   0.95    300     16  318.9  322.3  319.1
  500.0   5850  -11.3  -23.3     36   1.18    290     21  319.2  323.4  319.4
  494.0   5942  -12.1  -21.4     46   1.40    290     22  319.3  324.3  319.6
  491.0   5989  -12.5  -20.5     51   1.53    291     23  319.4  324.8  319.7
  473.0   6273  -14.5  -25.2     40   1.05    295     29  320.3  324.1  320.5
  458.0   6517  -16.3  -29.3     32   0.74    278     32  321.1  323.8  321.2
  455.0   6566  -16.7  -28.7     35   0.79    275     33  321.1  324.0  321.3
  438.0   6851  -19.3  -25.3     59   1.12    276     35  321.4  325.4  321.6
  431.0   6971  -19.9  -28.9     45   0.82    277     36  322.1  325.1  322.3
  400.0   7520  -24.7  -31.7     52   0.68    280     40  322.8  325.3  322.9
  369.0   8097  -29.9  -34.9     62   0.54    285     50  323.5  325.5  323.6
  353.0   8414  -32.7  -36.6     68   0.47    290     59  323.8  325.6  323.9
  349.0   8494  -31.3  -50.3     14   0.11    290     64  326.7  327.2  326.7
  338.0   8721  -30.9  -55.9      7   0.06    290     76  330.3  330.5  330.3
  329.0   8913  -28.5  -60.5      3   0.03    290     87  336.1  336.3  336.1
  321.0   9088  -29.2  -59.6      4   0.04    290     97  337.5  337.7  337.5
  300.0   9570  -31.1  -57.1      6   0.06    295    106  341.4  341.7  341.4
  285.0   9930  -33.0  -62.2      4   0.03    300    110  343.8  344.0  343.8
  273.0  10233  -34.5  -66.5      2   0.02    300    113  345.8  345.9  345.8
  250.0  10840  -39.5  -69.5      3   0.01    300    118  347.2  347.3  347.2
  200.0  12340  -50.3  -78.3      2   0.00    295    113  352.9  353.0  353.0
  167.0  13489  -59.9  -82.9      3   0.00    295    112  355.6  355.6  355.6
  157.0  13869  -63.1                         295    112  356.5         356.5
  150.0  14150  -65.5                         290    108  357.1         357.1
  118.0  15588  -69.2                         270     65  375.6         375.6
  106.0  16231  -70.8                         280     40  384.2         384.2
  100.0  16580  -71.7                         290     41  388.9         388.9
   94.0  16942  -72.9                         300     46  393.6         393.6
   92.9  17011  -73.1                         295     45  394.4         394.4
   86.0  17469  -71.2                         275     43  407.0         407.0
   77.0  18125  -68.6                         270     25  425.6         425.6
   75.0  18281  -68.0                         280     25  430.1         430.1
   70.0  18690  -66.3                         235     23  442.2         442.2
   68.0  18866  -65.8                         205     15  447.0         447.0
   65.0  19141  -65.0                         215     12  454.5         454.5
   64.0  19235  -64.7                         195     10  457.1         457.1
   62.0  19428  -64.2                         100      2  462.6         462.6
   61.1  19517  -63.9                          53      6  465.1         465.1
   60.0  19628  -64.1                         355     10  466.9         466.9
   59.0  19731  -64.4                         350     14  468.7         468.7
   58.0  19835  -64.6                         355     10  470.5         470.5
   54.2  20248  -65.5                         290      5  477.6         477.6
   52.0  20501  -64.6                         250      2  485.4         485.4
   50.0  20740  -63.7                         335     10  492.9         492.9
   49.0  20866  -62.9                         340     14  497.7         497.7
   47.0  21126  -61.3                         230     13  507.5         507.5
   46.0  21261  -60.5                         205     15  512.6         512.6
   45.0  21398  -59.6                         180     12  517.9         517.9
   42.0  21829  -56.9                         200      9  534.9         534.9
   41.0  21979  -56.0                         180     10  540.9         540.9
   40.9  21995  -55.9                         162      9  541.5         541.5
   40.0  22136  -55.8                           0      0  545.3         545.3
   34.2  23135  -54.9                         135     10  572.5         572.5
   34.0  23172  -55.1                         140     10  573.1         573.1
   32.1  23538  -56.7                         140     10  578.2         578.2
   32.0  23558  -56.5                         140     10  579.1         579.1
   31.0  23760  -54.9                           0      0  588.9         588.9
   30.3  23906  -53.7                          14      2  596.0         596.0
   30.0  23970  -54.5                          20      3  595.5         595.5
   28.0  24408  -56.4                         130      3  601.9         601.9
   26.4  24781  -58.1                          81      9  607.5         607.5
   25.0  25127  -56.6                          35     15  621.2         621.2
   23.3  25574  -54.7                          56     14  639.5         639.5
   23.0                                        60     14                     
