
-----------------------------------------------------------------------------
   PRES   HGHT   TEMP   DWPT   RELH   MIXR   DRCT   SKNT   THTA   THTE   THTV
    hPa     m      C      C      %    g/kg    deg   knot     K      K      K 
-----------------------------------------------------------------------------
 1020.0      5   22.8   17.8     73  12.73    355     11  294.3  330.9  296.5
 1000.0    180   21.2   17.8     81  12.99     20     12  294.4  331.7  296.6
  998.0    197   21.1   17.7     81  12.93     20     12  294.4  331.6  296.7
  925.0    853   16.6   13.7     83  10.76     50     12  296.3  327.6  298.2
  876.0   1313   13.2   11.4     89   9.74     75      8  297.3  325.9  299.1
  852.0   1548   11.4   10.2     92   9.25     98      5  297.9  325.1  299.5
  850.0   1568   11.2   10.0     92   9.15    100      5  297.9  324.8  299.5
  809.0   1979    9.5    8.4     93   8.62     45     10  300.3  325.9  301.8
  782.0   2261    8.3    7.3     93   8.28     20     14  301.9  326.8  303.4
  753.0   2576    7.0    6.1     94   7.90     30     10  303.8  327.7  305.2
  739.0   2731    9.6  -13.4     18   1.85     40      9  308.3  314.4  308.6
  700.0   3179    7.0   -7.0     36   3.25     70      5  310.2  320.7  310.8
  628.0   4065    2.2   -4.8     60   4.29    190      2  314.5  328.4  315.3
  603.0   4392    0.7  -19.4     21   1.37    235      1  316.4  321.2  316.7
  592.0   4540    0.0  -26.0     12   0.78    217      3  317.3  320.1  317.4
  563.0   4942   -0.3  -38.3      4   0.25    169      7  321.5  322.5  321.6
  546.0   5184   -1.9  -41.5      3   0.19    140     10  322.4  323.2  322.5
  526.0   5479   -3.9  -45.3      2   0.13    150     11  323.6  324.1  323.6
  510.0   5723   -5.5  -48.5      2   0.09    125     10  324.5  324.9  324.5
  500.0   5880   -6.5  -50.5      2   0.07     95      7  325.1  325.4  325.1
  428.0   7072  -14.3  -43.0      7   0.20     75     10  329.8  330.6  329.9
  425.0   7126  -14.7  -42.7      7   0.21     76     10  330.0  330.9  330.1
  401.0   7561  -18.5  -43.7      9   0.20     85     10  330.6  331.4  330.6
  400.0   7580  -18.7  -43.7      9   0.20     85     10  330.6  331.4  330.6
  379.0   7973  -21.9  -44.8     11   0.19    120      5  331.6  332.3  331.6
  358.0   8387  -25.2  -45.9     13   0.18    145     10  332.5  333.2  332.5
  334.0   8893  -29.3  -47.3     16   0.16    139     16  333.6  334.2  333.6
  321.0   9174  -30.8  -53.4      9   0.08    135     20  335.3  335.6  335.3
  317.0   9263  -31.3  -55.3      8   0.07    139     20  335.8  336.1  335.8
  300.0   9650  -34.5  -55.5     10   0.07    155     19  336.6  336.9  336.6
  273.0  10297  -40.2  -58.6     12   0.05    195     19  337.6  337.8  337.6
  250.0  10900  -45.5  -61.5     15   0.04    205     22  338.3  338.5  338.3
  225.0  11593  -51.8  -65.9     17   0.02    220     28  338.9  339.0  338.9
  224.0  11623  -52.1  -66.1     17   0.02    219     28  338.9  339.1  338.9
  209.0  12067  -54.8  -70.0     14   0.01    200     34  341.5  341.6  341.5
  200.0  12350  -56.5  -72.5     12   0.01    200     32  343.1  343.2  343.1
  191.0  12639  -57.6  -74.5     10   0.01    195     25  345.9  346.0  345.9
  173.0  13261  -59.9  -78.9      7   0.00    211     28  352.0  352.1  352.0
  164.0  13590  -61.9                         220     30  354.2         354.2
  150.0  14140  -65.1                         215     31  357.7         357.7
  139.0  14601  -67.9                         209     26  360.7         360.7
  133.0  14863  -68.9                         205     23  363.5         363.5
  127.0  15136  -69.9                         185     22  366.5         366.5
  121.0  15423  -71.0                         185     18  369.7         369.7
  115.0  15725  -72.1                         170     13  373.0         373.0
  108.0  16097  -73.5                         215     10  377.1         377.1
  105.0  16264  -74.1                         195     12  379.0         379.0
  100.0  16550  -71.7                         175     14  388.9         388.9
   93.0  16981  -70.5                         130     16  399.5         399.5
   86.0  17446  -69.2                         115     15  411.1         411.1
   85.5  17481  -69.1                         112     15  412.0         412.0
   80.7  17825  -71.1                          84     15  414.7         414.7
   80.0  17877  -70.7                          80     15  416.5         416.5
   76.0  18186  -68.6                         120     17  427.2         427.2
   70.0  18680  -65.1                         105     18  444.8         444.8
   68.0  18858  -63.6                          90     25  451.6         451.6
   65.7  19069  -61.9                          75     19  459.9         459.9
   65.0  19135  -62.1                          70     17  460.9         460.9
   61.0  19525  -63.2                          95     18  466.8         466.8
   56.0  20050  -64.8                          60     18  474.8         474.8
   55.6  20094  -64.9                          61     17  475.5         475.5
   53.4  20342  -61.5                          69     10  488.9         488.9
   53.0  20389  -61.5                          70      9  490.0         490.0
   50.0  20750  -61.3                          95     11  498.6         498.6
   48.0  21005  -60.5                         115     16  506.2         506.2
   44.0  21548  -58.9                          85     26  522.9         522.9
   43.0  21692  -58.5                          90     24  527.4         527.4
   42.5  21765  -58.3                                     529.7         529.7
