
-----------------------------------------------------------------------------
   PRES   HGHT   TEMP   DWPT   RELH   MIXR   DRCT   SKNT   THTA   THTE   THTV
    hPa     m      C      C      %    g/kg    deg   knot     K      K      K 
-----------------------------------------------------------------------------
 1025.0      5   20.8   11.8     56   8.55    355     11  291.9  316.5  293.4
 1021.0     38   19.4   10.4     56   7.81    352     10  290.8  313.2  292.2
 1000.0    214   17.8   11.8     68   8.76    335      6  290.9  316.0  292.5
  968.0    492   15.4   10.4     72   8.24    306      6  291.2  314.9  292.7
  959.0    571   16.2    8.2     59   7.16    297      7  292.8  313.6  294.1
  929.0    841   14.4    7.4     63   7.00    269      7  293.7  314.1  294.9
  925.0    878   14.6    7.6     63   7.13    265      7  294.2  315.1  295.5
  919.0    933   15.6    2.6     42   5.05    253      8  295.8  310.9  296.7
  908.0   1035   15.3    2.3     42   5.00    230     10  296.5  311.5  297.4
  852.0   1572   13.8    0.8     41   4.78    148     12  300.4  315.0  301.3
  850.0   1592   13.6    0.6     41   4.72    145     12  300.4  314.8  301.2
  848.0   1612   13.4    0.5     41   4.71    140     12  300.4  314.8  301.2
  776.0   2350    6.6   -2.4     53   4.15    105     11  300.8  313.6  301.5
  768.0   2435    7.6  -21.4     11   0.91    101     11  302.7  305.8  302.9
  767.0   2446    7.7  -21.9     10   0.87    100     11  302.9  305.9  303.1
  757.0   2554    8.2  -26.8      6   0.57    102     11  304.6  306.6  304.8
  737.0   2774    6.6  -14.4     21   1.71    107     11  305.2  310.9  305.6
  726.0   2898    7.2  -23.8      9   0.78    110     10  307.2  309.9  307.4
  707.0   3115    5.6  -26.9      8   0.60    115     10  307.8  309.9  307.9
  700.0   3196    5.0  -28.0      7   0.55    115      8  308.0  309.9  308.1
  681.0   3420    4.2  -44.8      1   0.10     77      5  309.5  309.9  309.6
  644.0   3867    0.7  -48.3      1   0.07      0      0  310.5  310.8  310.5
  590.0   4567   -4.9  -53.9      1   0.04    355      8  311.9  312.1  311.9
  542.0   5225   -8.6  -55.0      1   0.04    350     16  315.1  315.3  315.1
  511.0   5682  -11.2  -55.7      1   0.04      0     14  317.3  317.5  317.3
  503.0   5804  -11.9  -55.9      1   0.04    356     15  317.9  318.1  317.9
  500.0   5850  -12.3  -55.3      1   0.04    355     15  318.0  318.2  318.0
  436.0   6869  -20.6  -51.4      5   0.08    325     14  320.1  320.4  320.1
  401.0   7491  -25.8  -49.0      9   0.11    280     16  321.2  321.7  321.2
  400.0   7510  -25.9  -48.9     10   0.11    280     16  321.2  321.7  321.3
  382.0   7840  -29.1  -50.1     11   0.10    284     16  321.3  321.7  321.3
  358.0   8293  -32.4  -54.3      9   0.07    290     15  322.9  323.2  322.9
  342.0   8612  -34.7  -57.3      8   0.05    270     18  324.0  324.2  324.0
  311.0   9275  -39.5  -63.5      6   0.02    278     20  326.2  326.3  326.2
  303.0   9452  -41.0  -58.4     13   0.05    280     20  326.6  326.8  326.6
  300.0   9520  -41.5  -56.5     18   0.06    280     20  326.8  327.0  326.8
  279.0  10007  -45.7  -52.7     45   0.10    270     23  327.6  328.0  327.6
  274.0  10128  -46.7  -51.7     57   0.12    273     22  327.8  328.3  327.8
  253.0  10652  -51.0  -58.7     40   0.06    285     20  328.9  329.2  328.9
  250.0  10730  -51.7  -59.7     38   0.05    290     21  329.1  329.3  329.1
  248.0  10782  -51.9  -59.9     38   0.05    290     22  329.5  329.7  329.5
  244.0  10888  -51.4  -62.8     24   0.03    295     25  331.9  332.0  331.9
  228.0  11329  -49.1  -75.1      3   0.01    295     45  341.8  341.9  341.8
  222.0  11502  -49.7  -76.3      3   0.01    295     53  343.5  343.5  343.5
  200.0  12180  -52.1  -81.1      2   0.00    275     55  350.1  350.1  350.1
  198.0  12244  -52.4  -81.3      2   0.00    275     56  350.7  350.7  350.7
  152.0  13927  -59.9  -85.9      2   0.00    285     61  365.3  365.3  365.3
  150.0  14010  -60.7                         285     61  365.3         365.3
  147.0  14134  -61.4                         280     62  366.3         366.3
  128.0  14986  -65.8                         290     48  373.1         373.1
  126.0  15082  -66.3                         288     47  373.9         373.9
  119.0  15430  -65.7                         279     44  381.1         381.1
  116.0  15583  -66.9                         275     43  381.7         381.7
  104.0  16238  -71.9                         285     42  384.2         384.2
  100.0  16470  -70.3                         280     38  391.6         391.6
   95.0  16776  -69.2                         285     34  399.6         399.6
   91.0  17033  -68.3                         274     31  406.3         406.3
   88.0  17233  -68.6                         265     29  409.6         409.6
   82.0  17654  -69.2                         225     17  416.7         416.7
   79.0  17877  -69.6                         235     15  420.4         420.4
   74.4  18235  -70.1                         276     18  426.6         426.6
   74.0  18267  -69.8                         280     18  427.8         427.8
   72.0  18431  -68.6                         275     25  433.8         433.8
   70.0  18600  -67.3                         265     25  440.1         440.1
   68.9  18695  -66.5                         254     22  443.8         443.8
   67.0  18864  -66.4                         235     18  447.6         447.6
   64.0  19141  -66.2                         245     10  453.8         453.8
   61.0  19431  -66.0                         275     12  460.5         460.5
   58.7  19663  -65.9                         251     12  465.9         465.9
   56.7  19874  -62.9                         230     12  477.4         477.4
   54.0  20175  -62.0                         200     12  486.0         486.0
   50.0  20650  -60.7                         180     16  500.0         500.0
   49.3  20738  -59.7                         167     16  504.4         504.4
   45.0  21306  -60.3                          80     15  516.1         516.1
   44.0  21446  -60.5                          55     10  519.1         519.1
   41.0  21885  -61.0                          75      4  528.4         528.4
   39.3  22149  -61.3                         139      9  534.1         534.1
   39.0  22197  -61.1                         150     10  535.9         535.9
   37.0  22527  -59.5                         130     15  548.1         548.1
   33.3  23188  -56.3                         134     11  573.2         573.2
   32.0  23441  -56.4                         135     10  579.6         579.6
   30.0  23850  -56.5                         165     11  590.0         590.0
   27.0  24523  -55.7                         140     18  610.4         610.4
   25.0  25015  -55.1                         150     22  625.7         625.7
   23.0  25547  -54.4                         125     20  642.7         642.7
   20.0  26440  -53.3                         135     27  672.3         672.3
   18.0  27121  -51.2                         140     30  699.4         699.4
   17.9  27157  -51.1                         139     30  700.9         700.9
   17.0  27491  -53.5                         131     30  703.6         703.6
   16.2  27804  -49.5                         123     31  726.3         726.3
   15.0  28307  -49.6                         110     31  742.2         742.2
   14.0  28759  -49.7                         125     32  756.7         756.7
   13.5  28997  -49.7                                     764.5         764.5
