
-----------------------------------------------------------------------------
   PRES   HGHT   TEMP   DWPT   RELH   MIXR   DRCT   SKNT   THTA   THTE   THTV
    hPa     m      C      C      %    g/kg    deg   knot     K      K      K 
-----------------------------------------------------------------------------
 1016.0      5   26.2   18.2     61  13.11     50      6  298.0  336.3  300.3
 1006.0     91   24.0   17.0     65  12.26     69      6  296.6  332.3  298.8
 1000.0    143   23.6   17.6     69  12.82     80      6  296.8  334.0  299.0
  975.0    363   21.4   17.1     76  12.74     83      6  296.7  333.7  299.0
  925.0    817   17.8   14.2     79  11.12     90      6  297.5  330.0  299.5
  859.0   1447   13.4   10.7     84   9.49     68      4  299.3  327.3  301.0
  850.0   1536   14.0    7.0     63   7.44     65      4  300.8  323.1  302.1
  836.0   1677   15.4    0.4     36   4.73     65      4  303.7  318.4  304.6
  822.0   1820   15.6   -3.4     27   3.64     66      4  305.4  316.9  306.1
  813.0   1913   14.4    7.4     63   8.00     66      4  305.1  329.4  306.5
  762.0   2459   11.8    0.8     47   5.35     68      4  308.0  324.7  309.0
  700.0   3165    8.8  -22.2      9   0.93     70      4  312.2  315.4  312.4
  688.0   3308    7.8  -27.2      6   0.60     70      4  312.6  314.8  312.8
  644.0   3849    5.0  -26.3      8   0.70     70      2  315.4  317.9  315.6
  641.0   3888    4.8  -26.2      8   0.71     69      2  315.6  318.2  315.8
  604.0   4368    0.2  -18.8     22   1.44     60      4  315.7  320.7  316.0
  500.0   5860   -8.3  -37.3      8   0.31     30      9  322.9  324.1  322.9
  494.0   5953   -8.8  -38.6      7   0.28     25     10  323.3  324.4  323.4
  479.0   6192  -10.2  -42.1      5   0.20     15     14  324.5  325.3  324.5
  478.0   6208  -10.3  -42.3      5   0.19     13     14  324.6  325.3  324.6
  469.0   6354  -10.1  -32.1     15   0.56    354     14  326.6  328.7  326.7
  449.0   6688  -12.4  -24.5     36   1.18    310     13  327.8  332.1  328.0
  445.0   6757  -12.9  -22.9     43   1.37    307     14  328.0  333.0  328.3
  442.0   6808  -13.3  -22.9     44   1.38    305     14  328.1  333.1  328.4
  419.0   7210  -16.4  -23.2     56   1.42    345     18  329.2  334.4  329.5
  404.0   7485  -18.5  -23.4     66   1.45    350     20  329.9  335.2  330.2
  400.0   7560  -19.1  -23.4     69   1.46    350     19  330.1  335.4  330.4
  384.0   7861  -21.2  -24.7     73   1.35    335     18  331.1  336.1  331.4
  370.0   8135  -23.2  -25.9     78   1.25    340     18  332.1  336.7  332.3
  365.0   8236  -23.9  -26.4     80   1.22    337     19  332.4  337.0  332.7
  341.0   8729  -27.5  -29.9     80   0.94    323     24  334.1  337.6  334.2
  328.0   9008  -29.5  -33.1     71   0.72    316     27  335.0  337.8  335.2
  327.0   9030  -29.6  -33.5     69   0.70    315     27  335.1  337.8  335.3
  308.0   9455  -32.5  -40.5     45   0.36    323     31  336.9  338.4  337.0
  304.0   9547  -33.3  -40.8     47   0.36    325     32  337.1  338.5  337.1
  300.0   9640  -34.1  -41.1     49   0.35    325     31  337.2  338.6  337.3
  281.0  10092  -38.3  -43.0     61   0.31    312     33  337.5  338.8  337.6
  276.0  10214  -39.3  -46.3     47   0.22    309     33  337.8  338.7  337.9
  250.0  10880  -45.1  -53.1     40   0.11    290     36  338.9  339.4  338.9
  245.0  11014  -46.3  -54.3     40   0.10    285     37  339.0  339.4  339.0
  234.0  11318  -49.1  -57.1     39   0.07    285     39  339.3  339.6  339.3
  220.0  11720  -52.3  -59.3     43   0.06    285     42  340.4  340.6  340.4
  217.0  11809  -52.0  -60.7     34   0.05    285     43  342.2  342.4  342.2
  200.0  12340  -50.1  -69.1      9   0.02    305     69  353.3  353.4  353.3
  198.0  12406  -49.7  -72.7      5   0.01    305     72  354.9  355.0  354.9
  197.0  12438  -49.9  -73.0      5   0.01    305     73  355.1  355.1  355.1
  178.0  13089  -54.3  -79.9      3   0.00    315     83  358.4  358.4  358.4
  156.0  13936  -59.9  -88.9      1   0.00    315     83  362.6  362.6  362.6
  154.0  14016  -60.7                         315     83  362.6         362.6
  150.0  14180  -62.3                         310     82  362.6         362.6
  125.0  15280  -70.3                         305     74  367.4         367.4
  124.0  15328  -70.7                         305     73  367.6         367.6
  100.0  16580  -76.7                         295     45  379.3         379.3
   92.0  17063  -74.7                         275     33  392.4         392.4
   90.4  17164  -74.3                         277     30  395.1         395.1
   88.0  17320  -75.0                         280     26  396.9         396.9
   84.0  17589  -76.1                         295     28  399.9         399.9
   80.6  17828  -77.1                         264     26  402.6         402.6
   78.0  18019  -75.8                         240     25  409.2         409.2
   72.0  18486  -72.5                         205     19  425.6         425.6
   70.0  18650  -71.3                         170     16  431.5         431.5
   69.2  18718  -70.9                         162     16  433.8         433.8
   69.0                                       160     16                     
