
-----------------------------------------------------------------------------
   PRES   HGHT   TEMP   DWPT   RELH   MIXR   DRCT   SKNT   THTA   THTE   THTV
    hPa     m      C      C      %    g/kg    deg   knot     K      K      K 
-----------------------------------------------------------------------------
 1023.0      5   21.0   15.0     69  10.58     10      5  292.2  322.5  294.1
 1000.0    196   18.2   13.2     73   9.62    295      7  291.4  318.8  293.0
  989.0    290   17.3   13.0     76   9.61    325      2  291.3  318.8  293.0
  965.0    500   15.2   12.6     84   9.58    327      5  291.3  318.7  293.0
  932.0    795   13.0   10.6     85   8.68    330      9  292.0  316.9  293.5
  926.0    849   12.7   10.0     84   8.39    330     10  292.1  316.3  293.6
  925.0    858   12.6    9.9     84   8.34    330     10  292.2  316.2  293.7
  892.0   1162   10.8    2.8     58   5.28    333     10  293.4  308.9  294.3
  875.0   1322    9.8    4.8     71   6.19    335     10  294.0  312.1  295.1
  868.0   1389    9.4    5.6     77   6.61    323      9  294.2  313.6  295.4
  850.0   1563    9.2    2.2     62   5.30    290      7  295.8  311.6  296.7
  834.0   1720    8.4    0.4     57   4.75    273      8  296.5  310.8  297.4
  772.0   2349    3.0   -1.8     70   4.35    205     12  297.4  310.5  298.1
  756.0   2519    1.6   -2.4     75   4.25    165     12  297.6  310.4  298.3
  747.0   2617    0.7   -2.8     77   4.19    170     14  297.7  310.4  298.4
  734.0   2760   -0.5   -3.3     81   4.10    173     13  297.8  310.3  298.6
  724.0   2869   -1.3   -5.0     75   3.65    175     12  298.2  309.4  298.8
  713.0   2991   -2.1   -7.0     69   3.19    201     11  298.6  308.4  299.1
  709.0   3036   -2.6   -6.6     74   3.30    210     11  298.5  308.7  299.1
  700.0   3137   -3.7   -5.7     86   3.59    205      9  298.4  309.4  299.0
  692.0   3228   -4.3   -5.6     91   3.66    198      9  298.7  309.9  299.3
  682.0   3343   -5.3   -6.9     89   3.36    190     10  298.8  309.2  299.4
  675.0   3424   -3.7  -24.7     18   0.77    212     10  301.5  304.1  301.6
  666.0   3530   -2.6  -36.7      5   0.25    240     10  303.9  304.8  303.9
  662.0   3578   -2.1  -42.1      3   0.14    240     10  304.9  305.5  305.0
  654.0   3674   -2.5  -41.2      3   0.16    240     10  305.6  306.2  305.6
  639.0   3857   -3.2  -39.6      4   0.19    275     11  306.8  307.5  306.8
  623.0   4058   -4.0  -37.8      5   0.24    250      7  308.1  309.0  308.1
  610.0   4224   -4.7  -36.4      6   0.28    280     11  309.2  310.2  309.2
  606.0   4276   -4.9  -35.9      7   0.30    273     12  309.5  310.6  309.6
  602.0   4328   -5.3  -34.5      8   0.34    265     12  309.7  310.9  309.7
  558.0   4919   -9.7  -18.7     48   1.57    269     27  311.2  316.6  311.5
  544.0   5115  -10.9  -21.3     42   1.29    270     32  312.1  316.5  312.4
  539.0   5186  -11.3  -22.3     40   1.19    266     32  312.4  316.6  312.6
  534.0   5258  -11.3  -35.3     12   0.36    263     33  313.2  314.6  313.3
  525.0   5388  -11.9  -56.9      1   0.03    256     34  314.1  314.2  314.1
  523.0   5417  -12.1  -55.0      1   0.04    255     34  314.2  314.4  314.2
  500.0   5760  -13.9  -32.9     18   0.48    265     45  316.0  317.8  316.1
  485.0   5990  -14.9  -33.9     18   0.45    265     52  317.6  319.2  317.6
  474.0   6162  -16.1  -24.1     50   1.16    265     58  318.2  322.2  318.4
  452.0   6518  -17.7  -40.7     12   0.24    265     69  320.5  321.5  320.6
  443.0   6667  -18.7  -28.7     41   0.81    265     74  321.1  324.1  321.2
  430.0   6888  -19.5  -31.7     33   0.63    265     81  322.9  325.2  323.0
  426.0   6957  -19.7  -32.7     31   0.58    266     82  323.4  325.6  323.5
  403.0   7365  -22.7  -38.7     22   0.34    269     87  324.7  326.0  324.8
  400.0   7420  -22.9  -35.9     29   0.45    270     88  325.1  326.9  325.2
  370.0   7988  -28.1  -36.1     46   0.48    268     97  325.6  327.4  325.6
  321.0   9004  -31.7  -52.7     11   0.09    265    113  334.1  334.4  334.1
  300.0   9480  -35.7  -51.7     18   0.11    265    116  334.9  335.4  335.0
  287.0   9785  -38.1  -58.1     10   0.05    265    118  335.8  336.0  335.8
  273.0  10127  -39.5  -58.5     11   0.05    265    121  338.6  338.8  338.6
  250.0  10720  -45.1  -54.1     36   0.10    265    125  338.9  339.3  338.9
  236.0  11104  -48.7  -54.7     50   0.10    265    127  339.1  339.5  339.1
  232.0  11217  -47.5  -66.5      9   0.02    265    128  342.6  342.6  342.6
  228.0  11332  -47.5  -70.5      5   0.01    265    129  344.3  344.3  344.3
  214.0  11747  -50.6  -70.2      8   0.01    265    131  345.7  345.8  345.7
  200.0  12190  -53.9  -69.9     12   0.02    265    127  347.2  347.3  347.3
  188.0  12585  -56.9  -71.9     13   0.01    262    122  348.6  348.7  348.6
  181.0  12824  -57.7  -74.7     10   0.01    260    119  351.2  351.2  351.2
  162.0  13522  -59.9  -82.9      3   0.00    266    108  358.7  358.7  358.7
  150.0  14000  -62.5                         270    101  362.2         362.2
  141.0  14375  -64.7                         270     91  364.8         364.8
  122.0  15252  -69.9                         280     95  370.7         370.7
  121.0  15301  -69.8                         280     96  371.8         371.8
  113.0  15710  -69.2                         275     94  380.2         380.2
  105.0  16148  -68.5                         260     68  389.6         389.6
  100.0  16440  -68.1                         270     58  395.9         395.9
   90.0  17070  -69.0                         270     57  406.1         406.1
   89.3  17117  -69.1                         267     57  406.9         406.9
   87.0  17274  -68.3                         255     57  411.5         411.5
   80.0  17780  -65.8                         265     50  426.6         426.6
   77.5  17971  -64.9                         256     52  432.4         432.4
   76.0  18090  -65.3                         250     53  434.0         434.0
   73.1  18326  -66.1                         239     46  437.2         437.2
   71.0  18504  -64.1                         230     41  445.1         445.1
   70.0  18590  -63.1                         235     34  449.1         449.1
   69.0  18679  -62.6                         255     28  452.0         452.0
   68.4  18733  -62.3                         262     29  453.8         453.8
   67.0  18860  -62.5                         280     32  456.0         456.0
   63.0  19240  -63.1                         270     31  462.8         462.8
   61.5  19389  -63.3                         265     23  465.5         465.5
   60.0  19541  -62.4                         260     14  470.9         470.9
   59.0  19645  -61.7                         285      7  474.7         474.7
   57.0  19858  -62.7                         300     10  477.1         477.1
   56.2  19945  -63.1                         290     13  478.1         478.1
   55.0  20079  -62.6                         275     17  482.3         482.3
   54.0  20193  -62.1                         270     19  485.8         485.8
   52.0  20427  -61.2                         300     19  493.2         493.2
   50.9  20559  -60.7                         308     20  497.5         497.5
   50.0  20670  -61.1                         315     21  499.1         499.1
   49.0  20795  -61.7                         315     21  500.6         500.6
   47.9  20936  -62.3                         295     25  502.4         502.4
   46.0  21192  -59.5                         260     32  514.9         514.9
   43.0  21617  -54.9                         255     23  536.3         536.3
   42.5  21691  -54.1                         267     22  540.0         540.0
   42.0  21766  -54.3                         280     21  541.4         541.4
   41.0  21920  -54.7                         250     17  544.2         544.2
   39.0  22239  -55.5                         270     14  549.9         549.9
   37.0  22575  -56.4                         305     21  556.1         556.1
   34.5  23021  -57.5                         251     17  564.3         564.3
   34.0  23114  -57.3                         240     16  567.3         567.3
   32.0  23499  -56.3                         285     20  579.7         579.7
   31.0  23701  -55.8                         270     23  586.4         586.4
   30.0  23910  -55.3                         250     17  593.3         593.3
   29.0  24126  -55.7                         257     16  598.0         598.0
   28.0  24352  -54.5                         265     15  607.4         607.4
   26.0  24830  -51.9                         250     13  627.7         627.7
   25.0  25083  -50.5                         265     10  638.7         638.7
   24.7  25161  -50.1                         292     12  642.1         642.1
   24.0  25347  -51.3                         355     16  644.1         644.1
   22.7  25708  -53.5                         323     16  647.8         647.8
   22.0  25910  -51.7                         305     16  659.0         659.0
   21.7  25999  -50.9                                     664.0         664.0
   20.0  26529  -51.7                                     677.2         677.2
