
-----------------------------------------------------------------------------
   PRES   HGHT   TEMP   DWPT   RELH   MIXR   DRCT   SKNT   THTA   THTE   THTV
    hPa     m      C      C      %    g/kg    deg   knot     K      K      K 
-----------------------------------------------------------------------------
 1027.0      5   18.8   16.2     85  11.40    190      6  289.7  321.9  291.7
 1011.0    138   17.2   14.6     85  10.43    149      9  289.4  318.9  291.3
 1000.0    231   17.8   13.2     74   9.62    120     11  290.9  318.4  292.6
  998.0    248   17.8   13.0     74   9.50    120     12  291.1  318.2  292.8
  985.0    360   17.6   11.6     68   8.78    106     16  292.0  317.2  293.6
  980.0    404   17.2   11.4     69   8.72    100     17  292.0  317.1  293.6
  925.0    894   12.8    9.5     80   8.12     95     18  292.4  315.8  293.8
  920.0    939   12.5    9.1     80   7.93     95     18  292.5  315.4  293.9
  869.0   1415    9.2    4.7     74   6.21    100     19  293.9  312.1  295.0
  863.0   1473    8.8    4.2     73   6.02    105     19  294.1  311.8  295.1
  850.0   1598    7.8    6.3     90   7.09    100     18  294.3  315.0  295.6
  849.0   1608    7.6    6.1     90   7.00    100     18  294.2  314.6  295.4
  817.0   1924    6.8    0.8     66   4.99     90     12  296.6  311.6  297.5
  807.0   2025    6.2    2.4     76   5.65     85     10  297.1  313.9  298.1
  792.0   2179    5.4    4.7     95   6.81     54     11  297.7  317.9  299.0
  784.0   2262    6.4    3.8     83   6.45     38     11  299.7  319.0  300.9
  778.0   2326    6.2    3.2     81   6.22     25     11  300.1  318.9  301.3
  767.0   2442    5.9    2.0     76   5.80     20     11  301.0  318.6  302.0
  765.0   2464    5.8    1.8     75   5.73     23     11  301.1  318.5  302.2
  758.0   2539    5.6    2.0     78   5.87     35     10  301.7  319.5  302.7
  725.0   2903    4.4    3.0     91   6.59    331      6  304.3  324.4  305.5
  700.0   3188    2.2    1.5     95   6.13    280      3  304.9  323.7  306.0
  678.0   3446    0.8    0.2     96   5.76    304      2  306.1  323.9  307.2
  671.0   3530    1.8    0.5     91   5.95    311      2  308.1  326.7  309.3
  648.0   3812    1.6   -2.1     76   5.09    337      1  311.0  327.2  312.0
  628.0   4063    0.3   -4.3     71   4.44      0      0  312.4  326.6  313.2
  565.0   4908   -3.9  -11.9     54   2.73    243      9  317.0  326.1  317.5
  561.0   4963   -4.3  -12.5     53   2.62    235     10  317.1  325.9  317.6
  547.0   5160   -5.9  -14.7     50   2.25    220     15  317.5  325.1  317.9
  500.0   5860  -11.5  -22.5     40   1.26    235     26  318.9  323.4  319.2
  479.0   6186  -14.1  -28.1     30   0.79    247     33  319.7  322.6  319.8
  473.0   6281  -14.9  -25.6     40   1.02    250     35  319.8  323.4  320.0
  465.0   6409  -16.1  -22.1     60   1.41    244     29  319.9  324.9  320.2
  459.0   6507  -15.8  -22.5     57   1.38    240     24  321.4  326.3  321.7
  456.0   6556  -15.7  -22.7     55   1.36    247     22  322.2  327.1  322.5
  444.0   6756  -16.3  -23.3     55   1.33    275     13  323.9  328.7  324.2
  440.0   6824  -16.5  -23.5     55   1.31    282     14  324.5  329.2  324.8
  432.0   6960  -17.5  -24.0     57   1.28    295     16  324.9  329.5  325.1
  400.0   7530  -21.9  -26.0     69   1.15    320     30  326.4  330.6  326.7
  374.0   8021  -24.8  -29.4     66   0.90    330     38  328.9  332.2  329.1
  365.0   8199  -25.9  -30.6     65   0.82    326     40  329.8  332.9  329.9
  327.0   8979  -31.8  -36.1     66   0.54    310     48  332.1  334.2  332.2
  300.0   9590  -36.5  -40.5     66   0.37    310     63  333.8  335.3  333.9
  290.0   9823  -38.7  -41.6     74   0.34    315     62  333.9  335.3  334.0
  284.0   9967  -40.1  -42.3     79   0.33    316     68  333.9  335.2  334.0
  281.0  10040  -40.3  -45.2     59   0.24    317     71  334.6  335.6  334.7
  264.0  10463  -42.5  -49.1     48   0.17    320     88  337.4  338.1  337.4
  260.0  10566  -43.1  -50.1     46   0.15    319     93  338.0  338.7  338.1
  250.0  10830  -43.7  -56.7     22   0.07    315    106  341.0  341.3  341.0
  241.0  11076  -44.1  -60.1     15   0.05    310    110  343.9  344.2  344.0
  231.0  11354  -46.3  -63.6     12   0.03    305    114  344.8  345.0  344.8
  200.0  12300  -53.7  -75.7      5   0.01    295     94  347.6  347.6  347.6
  195.0  12463  -54.7  -76.7      5   0.01    293     91  348.5  348.5  348.5
  178.0  13041  -59.9  -79.9      6   0.00    286     82  349.2  349.2  349.2
  176.0  13111  -60.5                         285     81  349.3         349.3
  155.0  13891  -67.6                         275     58  350.2         350.2
  153.0  13971  -68.3                         270     55  350.2         350.2
  151.0  14050  -68.0                         270     51  352.0         352.0
  150.0  14090  -67.9                         265     46  352.9         352.9
  146.0  14254  -66.8                         250     35  357.5         357.5
  143.0  14379  -66.0                         240     35  361.0         361.0
  136.0  14683  -64.1                         234     30  369.7         369.7
  122.0  15339  -65.7                         220     19  378.4         378.4
  100.0  16540  -68.7                         235     15  394.7         394.7
   97.0  16722  -69.4                         250     12  396.9         396.9
   92.0  17037  -70.5                         230     16  400.6         400.6
   91.3  17083  -70.7                         225     16  401.2         401.2
   88.0  17303  -70.3                         185     18  406.1         406.1
   84.0  17581  -69.9                         190     20  412.5         412.5
   80.0  17872  -69.4                         175     14  419.3         419.3
   77.0  18101  -69.0                         205      8  424.6         424.6
   70.0  18670  -68.1                         195     13  438.4         438.4
   69.0  18756  -68.2                         180     13  440.1         440.1
   62.7  19329  -68.5                         207     21  451.5         451.5
   62.0  19397  -68.1                         210     22  453.8         453.8
   58.0  19800  -65.8                         200     26  467.7         467.7
   57.0  19905  -65.2                         195     15  471.4         471.4
   55.0  20121  -64.0                         215      4  479.1         479.1
   54.9  20132  -63.9                         215      4  479.5         479.5
   52.0  20462  -65.1                         215     10  484.3         484.3
   51.0  20580  -65.5                         200     15  486.0         486.0
   50.0  20700  -65.9                         200     17  487.8         487.8
   47.3  21037  -65.5                         200     25  496.5         496.5
   47.0  21076  -65.2                         200     26  498.1         498.1
   45.0  21344  -63.2                         175     17  509.2         509.2
   43.0  21625  -61.1                         185     13  520.9         520.9
   42.0  21770  -60.1                         215     15  527.1         527.1
   41.3  21873  -59.3                         222     14  531.6         531.6
   40.0  22074  -59.2                         235     12  536.7         536.7
   39.0  22232  -59.1                         215     17  540.7         540.7
   38.4  22329  -59.1                         216     19  543.2         543.2
   37.0  22561  -59.7                         220     23  547.5         547.5
   36.0  22732  -60.1                         205     27  550.7         550.7
   34.3  23033  -60.9                         180     24  556.3         556.3
   34.0  23088  -60.7                         175     24  558.1         558.1
   33.0  23275  -60.2                         180     17  564.3         564.3
   32.0  23467  -59.7                         135     11  570.8         570.8
   31.0  23665  -59.1                         145      6  577.5         577.5
   30.0  23870  -58.5                         190     13  584.6         584.6
   26.2  24726  -55.9                         209     11  615.0         615.0
   26.0                                       210     11                     
