
-----------------------------------------------------------------------------
   PRES   HGHT   TEMP   DWPT   RELH   MIXR   DRCT   SKNT   THTA   THTE   THTV
    hPa     m      C      C      %    g/kg    deg   knot     K      K      K 
-----------------------------------------------------------------------------
 1024.0      5   21.6    9.6     46   7.38    115     11  292.8  314.2  294.1
 1020.0     38   19.6    8.6     49   6.92    117     11  291.1  311.1  292.3
 1000.0    206   18.0    9.0     56   7.25    125     13  291.1  312.1  292.4
  925.0    866   11.8    8.1     78   7.38    155     13  291.4  312.6  292.7
  922.0    893   11.6    8.0     79   7.33    155     13  291.4  312.5  292.7
  888.0   1207    8.6    6.5     87   6.88    155     17  291.5  311.4  292.7
  876.0   1319    8.0    6.1     88   6.77    155     18  292.0  311.6  293.2
  850.0   1568    6.6    5.1     90   6.52    150     16  293.1  312.1  294.2
  839.0   1675    6.2    4.5     89   6.33    150     12  293.8  312.3  294.9
  820.0   1862    5.6    3.4     86   6.00    175      7  295.0  312.7  296.1
  799.0   2074    4.9    2.2     83   5.65    200     10  296.4  313.2  297.4
  775.0   2324    4.0    0.8     80   5.26    207     16  298.1  313.9  299.0
  767.0   2409    6.0   -6.0     42   3.20    209     18  301.1  311.1  301.7
  751.0   2582    7.6  -25.4      7   0.65    214     22  304.7  306.9  304.8
  746.0   2637    8.1  -25.7      7   0.63    215     23  305.8  308.0  305.9
  745.0   2648    8.2  -25.8      7   0.63    215     23  306.0  308.2  306.1
  701.0   3147    6.0  -24.0      9   0.79    195     15  309.0  311.8  309.2
  700.0   3159    6.0  -24.0      9   0.79    195     15  309.1  311.9  309.2
  654.0   3714    4.2  -30.8      6   0.45    213     11  313.1  314.8  313.2
  603.0   4354   -0.9  -35.3      5   0.32    235      7  314.6  315.8  314.6
  543.0   5180   -7.5  -41.1      5   0.19    270     11  316.3  317.0  316.3
  500.0   5830  -12.7  -45.7      4   0.13    250     14  317.5  318.0  317.5
  494.0   5921  -13.4  -46.5      4   0.12    250     14  317.7  318.2  317.7
  437.0   6842  -20.9  -54.9      3   0.05    287      9  319.6  319.8  319.6
  417.0   7186  -22.9  -64.9      1   0.01    301      7  321.3  321.4  321.3
  412.0   7274  -23.6  -65.4      1   0.01    305      6  321.4  321.5  321.4
  400.0   7490  -25.5  -66.5      1   0.01    330      7  321.8  321.8  321.8
  334.0   8750  -36.3  -69.1      2   0.01    300     12  324.0  324.1  324.0
  300.0   9500  -42.7  -70.7      3   0.01    280     11  325.1  325.1  325.1
  299.0   9522  -42.9  -71.0      3   0.01    280     11  325.1  325.2  325.1
  282.0   9916  -46.1  -76.8      2   0.00    290     17  326.0  326.0  326.0
  274.0  10109  -47.7  -79.7      1   0.00    283     24  326.4  326.4  326.4
  265.0  10332  -47.0  -71.5      4   0.01    275     33  330.5  330.5  330.5
  261.0  10433  -46.7  -67.7      7   0.02    276     37  332.4  332.5  332.4
  250.0  10720  -47.7  -69.7      6   0.01    280     49  335.0  335.1  335.0
  221.0  11524  -51.9  -70.3      9   0.01    285     69  340.5  340.6  340.5
  211.0  11826  -53.5  -70.5     11   0.01    285     68  342.6  342.7  342.6
  200.0  12170  -53.5  -79.5      3   0.00    285     67  347.9  347.9  347.9
  187.0  12600  -54.9  -78.3      4   0.00    280     72  352.4  352.4  352.4
  185.0  12669  -55.1  -78.1      4   0.00    280     71  353.1  353.2  353.1
  164.0  13430  -58.4  -83.4      3   0.00    275     63  360.0  360.0  360.0
  155.0  13786  -59.9  -85.9      2   0.00    278     64  363.3  363.3  363.3
  151.0  13949  -61.0                         280     65  364.1         364.1
  150.0  13990  -61.3                         280     66  364.3         364.3
  134.0  14678  -64.3                         260     65  370.8         370.8
  128.0  14957  -65.6                         255     61  373.5         373.5
  113.0  15718  -68.9                         251     52  380.8         380.8
  109.0  15934  -68.8                         250     49  385.0         385.0
  102.0  16331  -68.6                         265     37  392.8         392.8
  100.0  16450  -68.5                         265     37  395.1         395.1
   90.0  17079  -69.9                         240     40  404.4         404.4
   89.9  17086  -69.9                                     404.5         404.5
