
-----------------------------------------------------------------------------
   PRES   HGHT   TEMP   DWPT   RELH   MIXR   DRCT   SKNT   THTA   THTE   THTV
    hPa     m      C      C      %    g/kg    deg   knot     K      K      K 
-----------------------------------------------------------------------------
 1017.0      5   24.4   18.4     69  13.27    155     13  296.1  334.6  298.5
 1013.0     39   22.8   15.8     65  11.26    155     15  294.9  327.4  296.9
 1000.0    148   21.2   16.6     75  12.02    155     20  294.4  328.9  296.5
  993.0    209   20.7   16.6     77  12.11    155     22  294.4  329.3  296.6
  984.0    288   20.0   16.6     81  12.22    152     22  294.5  329.7  296.7
  948.0    609   17.4   15.9     91  12.13    139     21  295.0  330.0  297.2
  925.0    819   16.6   14.1     85  11.05    130     20  296.3  328.4  298.2
  905.0   1004   15.6   12.4     82  10.10    120     19  297.1  326.6  298.9
  850.0   1535   12.6    7.6     72   7.76    115     16  299.3  322.4  300.7
  849.0   1545   12.6    6.6     67   7.25    115     16  299.4  321.1  300.7
  789.0   2156    8.2    6.6     90   7.80    115     11  301.1  324.4  302.5
  781.0   2240    8.1    5.3     83   7.20    115     10  301.8  323.6  303.1
  773.0   2325    8.0    4.0     76   6.64    114      9  302.6  322.8  303.8
  767.0   2390    8.6    4.6     76   6.98    114      8  303.9  325.2  305.2
  757.0   2498    8.2    3.2     71   6.40    113      7  304.6  324.3  305.8
  715.0   2966    4.7    1.1     77   5.82    110      1  305.8  323.8  306.9
  700.0   3140    3.4    0.3     80   5.62    200      3  306.2  323.6  307.3
  636.0   3914   -0.3   -4.5     73   4.33    269     10  310.5  324.3  311.3
  635.0   3927   -0.4   -4.5     74   4.33    270     10  310.5  324.4  311.4
  616.0   4169   -2.3   -4.7     84   4.41    300     13  311.0  325.1  311.9
  601.0   4365   -3.9   -4.8     93   4.48    305     14  311.4  325.7  312.3
  600.0   4379   -3.9   -5.0     92   4.43    305     14  311.5  325.7  312.4
  575.0   4715   -4.7   -9.5     69   3.25    282     14  314.4  325.1  315.1
  562.0   4892   -6.0  -10.5     71   3.07    270     14  314.9  325.1  315.5
  533.0   5304   -9.0  -12.8     74   2.69    305     17  316.1  325.1  316.6
  507.0   5692  -11.9  -15.0     78   2.37    310     18  317.2  325.2  317.6
  500.0   5800  -12.7  -15.6     79   2.28    305     17  317.5  325.2  317.9
  489.0   5968  -14.7  -16.1     89   2.24    299     19  317.1  324.6  317.5
  473.0   6219  -15.1  -19.4     70   1.75    291     23  319.6  325.7  319.9
  463.0   6379  -15.8  -21.7     61   1.47    285     25  320.7  325.9  321.0
  450.0   6593  -16.7  -24.7     50   1.15    285     26  322.2  326.3  322.4
  428.0   6965  -20.1  -26.1     59   1.07    285     28  322.5  326.3  322.7
  414.0   7209  -22.5  -29.5     53   0.81    285     29  322.5  325.4  322.6
  400.0   7460  -23.9  -35.9     32   0.45    285     30  323.8  325.6  323.9
  389.0   7663  -24.7  -42.7     17   0.23    285     31  325.4  326.3  325.4
  345.0   8522  -31.9  -55.1      8   0.06    285     35  327.0  327.3  327.1
  339.0   8648  -32.9  -56.9      7   0.05    283     38  327.3  327.5  327.3
  310.0   9273  -35.9  -60.9      6   0.03    274     52  331.5  331.7  331.5
  300.0   9500  -37.5  -57.5     11   0.05    270     57  332.4  332.6  332.4
  297.0   9569  -38.1  -56.1     13   0.06    270     58  332.5  332.8  332.5
  294.0   9639  -38.5  -48.5     34   0.16    271     59  332.9  333.6  332.9
  289.0   9757  -39.1  -58.1     12   0.05    271     60  333.7  333.9  333.7
  284.0   9877  -39.9  -50.9     30   0.13    272     62  334.2  334.7  334.2
  263.0  10400  -43.1  -50.1     46   0.15    274     68  336.9  337.6  337.0
  250.0  10740  -45.9  -51.9     51   0.13    275     72  337.7  338.2  337.7
  200.0  12190  -57.1  -63.1     46   0.04    270    103  342.2  342.4  342.2
  192.0  12447  -58.7  -64.1     49   0.04    270    104  343.7  343.8  343.7
  186.0  12646  -59.9  -64.9     52   0.03    269    100  344.8  345.0  344.8
  165.0  13387  -64.5                         265     85  349.1         349.1
  150.0  13970  -64.3                         270     70  359.1         359.1
  149.0  14011  -64.3                         270     69  359.8         359.8
  137.0  14523  -64.6                         265     74  368.0         368.0
  133.0  14703  -64.7                         263     64  371.0         371.0
  127.0  14986  -63.1                         260     48  378.8         378.8
  115.0  15590  -66.1                         265     38  384.1         384.1
  106.0  16086  -64.8                         270     29  395.7         395.7
  103.0  16260  -64.3                         258     22  399.8         399.8
  100.0  16440  -65.3                         245     15  401.3         401.3
   95.0  16749  -67.0                         295     14  403.8         403.8
   91.0  17009  -68.5                         305     16  405.9         405.9
   87.8  17225  -69.7                         290     19  407.7         407.7
   87.0  17279  -69.7                         285     20  408.8         408.8
   86.0  17348  -69.6                         275     22  410.3         410.3
   81.0  17707  -69.3                         225     17  417.9         417.9
   77.0  18010  -69.1                         225     13  424.5         424.5
   76.0  18088  -69.0                         210     10  426.2         426.2
   73.0  18329  -68.8                           0      0  431.6         431.6
   70.9  18503  -68.7                         329      6  435.5         435.5
   70.0  18580  -67.3                         315      9  440.1         440.1
   66.1  18929  -63.3                         193     10  456.0         456.0
   66.0  18938  -63.3                         190     10  456.3         456.3
   64.0  19128  -62.9                         145     13  461.2         461.2
   62.0  19324  -62.4                         125     12  466.4         466.4
   60.0  19526  -61.9                         140     10  471.9         471.9
   56.5  19897  -61.1                         127     17  481.9         481.9
   56.0  19952  -61.3                         125     18  482.7         482.7
   54.0  20176  -62.1                         130     22  485.8         485.8
   51.0  20528  -63.5                          90     19  490.8         490.8
   50.0  20650  -63.9                          90     18  492.5         492.5
   49.8  20675  -64.3                          91     18  492.1         492.1
   48.0  20904  -63.5                         100     19  499.2         499.2
   46.0  21170  -62.5                          75     30  507.6         507.6
   44.0  21447  -61.5                          70     25  516.5         516.5
   43.0  21590  -61.0                         100     22  521.2         521.2
   40.0  22041  -59.4                          85     21  536.1         536.1
   39.0  22199  -58.9                          95     19  541.4         541.4
   38.0  22361  -58.3                         110     23  546.9         546.9
   33.5  23147  -55.5                          88     29  574.4         574.4
   33.0  23243  -55.5                          85     30  576.9         576.9
   30.0  23850  -55.3                          80     35  593.3         593.3
   27.0  24523  -55.1                          80     37  611.9         611.9
   26.7  24594  -55.1                          81     37  613.9         613.9
   25.6  24864  -52.3                          84     38  629.3         629.3
   22.0  25850  -50.8                          95     40  661.6         661.6
   20.0  26470  -49.9                          85     43  682.7         682.7
   16.3  27818  -46.3                          80     45  735.4         735.4
   16.0                                        80     45                     
