
-----------------------------------------------------------------------------
   PRES   HGHT   TEMP   DWPT   RELH   MIXR   DRCT   SKNT   THTA   THTE   THTV
    hPa     m      C      C      %    g/kg    deg   knot     K      K      K 
-----------------------------------------------------------------------------
 1010.0      5   22.8   20.7     88  15.47    350      5  295.1  339.6  297.8
 1000.0     87   21.6   19.0     85  14.03     10      6  294.8  335.1  297.2
  964.0    405   19.0   17.0     88  12.80     26     10  295.2  332.2  297.5
  925.0    760   17.4   16.3     93  12.76     45     14  297.1  334.2  299.4
  908.5    914   16.8   15.8     94  12.55     40     15  298.0  334.6  300.2
  883.0   1158   15.8   14.9     94  12.21     36     13  299.4  335.3  301.6
  862.0   1364   16.0   14.4     90  12.11     32     11  301.7  337.6  303.9
  850.0   1484   15.4   14.0     91  11.96     30     10  302.3  337.9  304.4
  846.0   1524   15.2   13.8     92  11.88     30     10  302.5  337.8  304.6
  786.8   2134   12.0   11.2     95  10.72     45      4  305.4  337.8  307.4
  741.0   2639    9.4    9.0     97   9.82     12      8  307.8  337.8  309.6
  731.8   2743    9.1    8.6     97   9.69      5      9  308.5  338.3  310.3
  705.3   3048    8.0    7.5     97   9.32      0     17  310.6  339.5  312.4
  700.0   3111    7.8    7.3     97   9.25    355     20  311.1  339.8  312.8
  654.8   3658    5.2    4.2     94   7.97    335     33  314.1  339.3  315.6
  639.0   3858    4.2    3.1     93   7.54    330     32  315.2  339.2  316.6
  607.2   4267    2.3    0.9     91   6.79    320     30  317.6  339.5  318.9
  562.6   4877   -0.6   -2.3     88   5.78    300     24  321.2  340.2  322.3
  501.8   5791   -5.0   -7.2     85   4.48    315     30  326.6  341.8  327.5
  500.0   5820   -5.1   -7.3     85   4.45    310     30  326.8  341.9  327.6
  454.0   6575   -8.9  -11.4     82   3.54    301     33  331.1  343.5  331.8
  447.0   6696   -8.9  -12.6     75   3.27    300     34  332.6  344.1  333.3
  400.0   7550  -14.3  -17.7     75   2.39    290     38  336.3  345.0  336.8
  396.3   7620  -14.8  -18.1     76   2.33    285     38  336.6  345.1  337.1
  344.0   8677  -22.1  -24.9     78   1.48    296     43  340.5  346.1  340.9
  312.0   9388  -26.7  -31.1     66   0.92    304     47  343.8  347.4  343.9
  309.4   9449  -27.2  -31.8     65   0.87    305     47  343.9  347.3  344.1
  300.0   9670  -29.1  -34.1     62   0.72    305     50  344.2  347.1  344.4
  256.0  10786  -37.9  -44.9     48   0.27    301     54  347.2  348.4  347.3
  251.0  10923  -38.7  -51.7     24   0.13    300     55  348.0  348.6  348.0
  250.0  10950  -38.9  -51.9     24   0.13    300     55  348.1  348.7  348.1
  217.1  11887  -47.5  -56.7     34   0.08    300     56  349.1  349.5  349.1
  200.0  12430  -52.5  -59.5     42   0.06    285     52  349.5  349.8  349.5
  175.0  13282  -59.9  -64.9     52   0.04    277     58  350.9  351.1  350.9
  170.0  13460  -61.4                         275     59  351.3         351.3
  163.1  13716  -63.5                         275     59  351.9         351.9
  151.0  14190  -67.5                         261     56  352.9         352.9
  150.0  14230  -67.7                         260     56  353.3         353.3
  147.6  14326  -68.1                         260     57  354.2         354.2
  129.0  15129  -71.7                         250     37  361.6         361.6
  120.0  15545  -74.1                         245     26  364.8         364.8
  113.9  15850  -75.8                         245     17  367.1         367.1
  102.5  16459  -79.3                         250     12  371.7         371.7
  100.0  16600  -80.1                         305     10  372.7         372.7
   97.1  16764  -81.0                         305      9  374.0         374.0
   97.0  16771  -81.1                         280      9  374.0         374.0
   96.4  16806  -81.3                         275      9  374.3         374.3
   91.0  17134  -80.3                         320      1  382.6         382.6
   74.7  18255  -76.7                         354      7  412.2         412.2
   70.0  18630  -74.5                           5      9  424.7         424.7
   60.0  19551  -68.4                         150     10  457.5         457.5
   55.0  20070  -64.9                          76     17  477.0         477.0
   54.0  20182  -65.3                          60     18  478.6         478.6
   50.3  20614  -66.7                          55     14  485.1         485.1
   50.0  20650  -66.5                          55     14  486.4         486.4
   49.0  20775  -65.9                          55     14  490.7         490.7
   46.0  21166  -63.9                          80     15  504.4         504.4
   41.0  21877  -60.2                          50     14  530.3         530.3
   39.0  22187  -58.7                          75     15  541.9         541.9
   36.4  22613  -56.5                          85     14  558.3         558.3
   35.0  22861  -57.6                          90     13  561.7         561.7
   34.9  22879  -57.7                          90     13  561.9         561.9
   31.0  23632  -54.7                          70     21  589.3         589.3
   30.0  23840  -53.9                          75     19  597.1         597.1
   28.2  24239  -52.1                          93     22  612.7         612.7
   28.0  24285  -52.3                          95     22  613.5         613.5
   27.0  24519  -53.3                          75     22  617.1         617.1
   26.2  24713  -54.1                          76     23  620.1         620.1
   23.0  25553  -51.7                          80     29  650.8         650.8
   22.8  25609  -51.5                                     652.9         652.9
