
-----------------------------------------------------------------------------
   PRES   HGHT   TEMP   DWPT   RELH   MIXR   DRCT   SKNT   THTA   THTE   THTV
    hPa     m      C      C      %    g/kg    deg   knot     K      K      K 
-----------------------------------------------------------------------------
 1028.0      5   21.2   11.2     53   8.19    125     10  292.0  315.6  293.5
 1024.0     39   18.8    9.8     56   7.48    128     11  290.0  311.4  291.3
 1006.0    193   17.8   10.8     64   8.14    141     13  290.4  313.8  291.9
 1000.0    245   17.4   10.4     63   7.97    145     14  290.6  313.4  291.9
  999.0    253   17.3   10.4     64   7.97    145     14  290.5  313.4  291.9
  929.0    867   10.8    9.2     90   7.92    154     18  290.0  312.6  291.4
  925.0    903   10.6    9.1     90   7.90    155     18  290.1  312.7  291.5
  887.0   1251    8.8    5.9     82   6.59    155     22  291.8  311.0  293.0
  869.0   1422    8.0    4.3     77   6.03    157     20  292.7  310.3  293.7
  850.0   1604    6.8    3.3     78   5.74    160     18  293.3  310.1  294.3
  820.0   1898    4.4    3.3     93   5.95    155     12  293.7  311.2  294.8
  802.0   2079    3.6    2.2     91   5.62    165     11  294.8  311.4  295.8
  782.0   2284    3.0   -3.0     65   3.94    177      9  296.2  308.2  297.0
  769.0   2420    1.9   -2.0     75   4.31    185      8  296.4  309.4  297.2
  766.0   2451    1.6   -1.8     78   4.40    184      8  296.5  309.8  297.3
  753.0   2589    1.2   -3.8     69   3.85    182      7  297.5  309.3  298.2
  742.0   2707    0.2   -3.7     75   3.93    180      6  297.7  309.6  298.4
  740.0   2729    0.0   -3.7     76   3.95    181      6  297.7  309.7  298.4
  725.0   2893   -0.5   -8.5     55   2.79    193      9  298.9  307.6  299.4
  722.0   2926   -0.1  -12.1     40   2.10    195     10  299.6  306.3  300.0
  719.0   2960    0.2  -15.8     29   1.56    194     11  300.4  305.4  300.6
  710.0   3060    0.4  -21.6     17   0.96    192     15  301.7  304.9  301.9
  700.0   3174   -0.3  -24.3     14   0.77    190     19  302.1  304.7  302.3
  691.0   3277   -0.5  -36.5      5   0.24    187     20  303.0  303.9  303.1
  686.0   3335   -0.9  -35.6      5   0.27    185     20  303.2  304.2  303.3
  675.0   3464   -1.7  -33.7      7   0.33    189     20  303.7  304.9  303.8
  659.0   3655   -2.1  -42.0      3   0.14    195     21  305.4  305.9  305.4
  657.0   3679   -2.1  -43.1      3   0.13    195     21  305.6  306.1  305.6
  613.0   4224   -5.5  -45.3      3   0.11    190     21  307.8  308.2  307.8
  589.0   4538   -7.5  -46.5      3   0.10    212     25  309.0  309.4  309.0
  560.0   4931   -8.4  -40.2      6   0.21    240     31  312.4  313.2  312.5
  557.0   4972   -8.5  -39.5      6   0.22    240     31  312.8  313.7  312.9
  502.0   5770  -14.5  -44.5      6   0.15    250     37  314.9  315.5  315.0
  500.0   5800  -14.5  -45.5      5   0.13    250     37  315.3  315.8  315.3
  492.0   5922  -14.9  -45.9      5   0.13    251     39  316.3  316.8  316.3
  419.0   7121  -22.7  -51.7      5   0.08    260     55  321.1  321.4  321.1
  400.0   7460  -25.3  -49.3      9   0.11    265     63  322.0  322.5  322.0
  385.0   7736  -27.5  -41.5     25   0.26    268     68  322.7  323.7  322.7
  377.0   7886  -28.5  -43.2     23   0.22    270     71  323.3  324.1  323.3
  374.0   7943  -28.9  -43.9     22   0.21    270     75  323.5  324.3  323.5
  363.0   8158  -26.7  -46.7     13   0.16    270     88  329.2  329.9  329.2
  356.0   8298  -26.9  -41.9     23   0.27    270     97  330.8  331.9  330.8
  354.0   8338  -27.2  -41.6     24   0.28    270     99  330.9  332.0  330.9
  341.0   8606  -29.5  -39.5     37   0.37    270    103  331.3  332.8  331.4
  339.0   8648  -29.9  -39.7     38   0.36    270    104  331.4  332.8  331.4
  328.0   8882  -32.1  -41.1     40   0.32    272     99  331.5  332.7  331.5
  320.0   9056  -31.5  -63.5      3   0.02    274     95  334.6  334.7  334.6
  317.0   9122  -31.6  -63.6      3   0.02    275     93  335.3  335.4  335.3
  312.0   9235  -31.9  -63.9      3   0.02    276     97  336.5  336.6  336.5
  300.0   9510  -33.9  -62.9      4   0.03    280    107  337.5  337.6  337.5
  295.0   9628  -34.5  -58.5      7   0.05    280    112  338.2  338.5  338.3
  291.0   9723  -34.2  -61.0      5   0.04    280    116  340.1  340.2  340.1
  288.0   9796  -33.9  -62.9      4   0.03    280    116  341.4  341.6  341.4
  279.0  10018  -34.9  -68.9      2   0.01    280    118  343.1  343.2  343.1
  272.0  10196  -34.5  -69.5      2   0.01    280    119  346.2  346.2  346.2
  250.0  10780  -39.1  -71.1      2   0.01    280    122  347.8  347.9  347.8
  215.0  11796  -47.9  -71.9      5   0.01    280    126  349.5  349.5  349.5
  202.0  12205  -50.5  -73.6      5   0.01    280    127  351.7  351.7  351.7
  200.0  12270  -50.9  -73.9      5   0.01    280    127  352.0  352.1  352.0
  174.0  13156  -58.6  -79.0      6   0.00    280    116  353.6  353.6  353.6
  170.0  13304  -59.9  -79.9      6   0.00    279    111  353.8  353.8  353.8
  160.0  13680  -61.7                         277     96  356.9         356.9
  153.0  13957  -60.9                         276     86  362.9         362.9
  150.0  14080  -61.3                         275     81  364.3         364.3
  131.0  14910  -64.6                         265     55  372.8         372.8
  125.0  15197  -65.7                         260     50  375.8         375.8
  109.0  16029  -65.1                         265     37  391.9         391.9
  100.0  16550  -67.7                         240     26  396.7         396.7
   95.7  16816  -67.1                         242     24  402.9         402.9
   93.0  16988  -68.3                         243     22  403.8         403.8
   91.5  17086  -67.5                         243     21  407.2         407.2
   88.0  17320  -69.5                         245     19  407.8         407.8
   86.6  17416  -70.3                         236     20  408.1         408.1
   85.0  17528  -69.3                         225     22  412.2         412.2
   82.4  17714  -67.7                         197     20  419.2         419.2
   80.0  17892  -68.8                         170     18  420.5         420.5
   79.0  17967  -69.3                         168     17  421.0         421.0
   76.1  18191  -68.9                         161     14  426.4         426.4
   73.5  18402  -65.7                         154     12  437.4         437.4
   72.0  18528  -64.9                         150     10  441.6         441.6
   70.0  18700  -63.9                         150     13  447.3         447.3
   69.7  18726  -63.9                         146     13  447.9         447.9
   67.0  18968  -63.9                         105     18  453.0         453.0
   64.0  19248  -63.9                          95     15  458.9         458.9
   62.1  19432  -63.9                         104     17  462.9         462.9
   60.3  19613  -61.9                         113     19  471.3         471.3
   60.0  19643  -62.0                         115     19  471.7         471.7
   58.0  19852  -62.6                         100     22  474.9         474.9
   57.2  19938  -62.9                         101     22  476.2         476.2
   54.0  20293  -61.1                         105     22  488.2         488.2
   53.3  20374  -60.7                         100     22  491.0         491.0
   52.0  20527  -60.8                          90     23  494.3         494.3
   50.0  20770  -60.9                          95     18  499.5         499.5
   48.0  21025  -60.6                         105     23  506.0         506.0
   41.3  21962  -59.7                         102     26  530.6         530.6
   38.0  22488  -56.8                         100     28  550.7         550.7
   37.0  22656  -55.9                         102     30  557.2         557.2
   34.0  23194  -56.1                         110     38  570.5         570.5
   30.0  23990  -56.3                         100     44  590.6         590.6
   28.6  24294  -55.1                          97     42  602.0         602.0
   27.4  24566  -56.3                          94     40  606.1         606.1
   26.0  24903  -55.2                          90     37  618.4         618.4
   20.5  26429  -50.1                          95     39  677.3         677.3
   20.0  26590  -50.5                          95     39  680.8         680.8
   19.0  26923  -51.6                          95     40  687.6         687.6
   18.7  27027  -51.9                                     689.7         689.7
