
-----------------------------------------------------------------------------
   PRES   HGHT   TEMP   DWPT   RELH   MIXR   DRCT   SKNT   THTA   THTE   THTV
    hPa     m      C      C      %    g/kg    deg   knot     K      K      K 
-----------------------------------------------------------------------------
 1017.0      5   25.8   15.8     54  11.22     30      8  297.5  330.3  299.5
 1013.0     40   24.0   13.0     50   9.37     21      8  296.1  323.4  297.7
 1000.0    154   23.0   14.0     57  10.14    350      9  296.1  325.7  298.0
  966.0    455   20.4   13.4     64  10.09    343     11  296.5  325.9  298.3
  925.0    828   18.2    6.2     45   6.47    335     14  297.9  317.2  299.1
  915.7    914   17.7    4.3     41   5.74    330     14  298.2  315.4  299.3
  911.0    958   17.4    3.4     39   5.39    328     14  298.4  314.6  299.4
  888.0   1176   18.2   -5.8     19   2.81    317     13  301.4  310.3  301.9
  852.3   1524   15.9   -5.2     23   3.05    300     11  302.6  312.2  303.2
  850.0   1547   15.8   -5.2     23   3.07    300     11  302.7  312.4  303.2
  814.0   1912   12.4   -6.6     26   2.88    247      9  302.8  312.0  303.4
  801.0   2047   14.2  -21.8      7   0.84    228      8  306.2  309.1  306.3
  792.7   2134   14.1  -23.1      6   0.76    215      7  306.9  309.6  307.1
  731.0   2815   13.2  -32.8      3   0.33    252      9  313.2  314.4  313.2
  710.9   3048   11.7  -35.6      2   0.26    265     10  314.0  315.0  314.0
  700.0   3177   10.8  -37.2      2   0.23    245     10  314.4  315.3  314.5
  685.0   3353    9.4  -35.6      3   0.27    245     10  314.9  315.9  314.9
  659.7   3658    7.1  -32.9      4   0.36    230      5  315.6  317.0  315.7
  635.5   3962    4.7  -30.2      6   0.49    260      3  316.3  318.1  316.4
  612.0   4267    2.4  -27.5      9   0.66    290     10  317.0  319.4  317.1
  552.0   5105   -4.1  -20.1     28   1.41    317     15  318.8  323.8  319.1
  546.6   5182   -4.5  -21.6     25   1.25    320     16  319.2  323.6  319.4
  500.0   5880   -8.5  -35.5      9   0.37    310     10  322.6  324.1  322.7
  486.2   6096   -8.9  -35.0     10   0.41    310     10  324.8  326.3  324.8
  485.0   6115   -8.9  -34.9     10   0.41    309     10  324.9  326.5  325.0
  448.8   6706  -13.4  -27.8     29   0.88    270     18  326.6  329.8  326.7
  436.0   6926  -15.1  -25.1     42   1.15    265     18  327.1  331.3  327.4
  413.9   7315  -17.3  -31.5     28   0.67    255     17  329.2  331.8  329.4
  400.0   7570  -18.7  -35.7     21   0.46    270     23  330.6  332.4  330.7
  399.0   7589  -18.7  -34.7     23   0.51    270     23  330.8  332.8  330.9
  378.0   7990  -22.5  -31.5     44   0.73    278     24  331.0  333.8  331.1
  352.0   8510  -27.1  -40.1     28   0.33    287     25  331.6  332.9  331.6
  329.0   8996  -29.9  -54.9      7   0.07    296     27  334.2  334.5  334.2
  308.6   9449  -33.0  -53.1     12   0.09    305     28  336.1  336.5  336.1
  300.0   9650  -34.3  -52.3     14   0.10    290     24  336.9  337.4  336.9
  284.0  10030  -37.1  -49.1     28   0.15    266     23  338.2  338.9  338.2
  270.5  10363  -39.0  -53.7     20   0.09    245     22  340.2  340.6  340.2
  255.0  10766  -41.3  -59.3     13   0.05    245     31  342.6  342.8  342.6
  250.0  10900  -42.3  -62.3      9   0.04    245     34  343.0  343.2  343.1
  205.5  12192  -52.7  -70.9      9   0.01    240     61  346.5  346.6  346.5
  200.0  12370  -54.1  -72.1      9   0.01    245     61  346.9  347.0  346.9
  189.0  12730  -57.3  -73.3     11   0.01    243     63  347.4  347.5  347.4
  174.0  13248  -59.9  -75.9     11   0.01    240     67  351.5  351.5  351.5
  172.0  13319  -60.4                         240     67  351.8         351.8
  169.4  13411  -61.0                         240     67  352.2         352.2
  150.0  14160  -66.3                         245     45  355.7         355.7
  138.6  14630  -69.0                         250     43  359.1         359.1
  124.0  15296  -72.7                         255     38  363.9         363.9
  112.8  15850  -74.1                         260     33  371.4         371.4
  102.0  16435  -75.5                         245      8  379.4         379.4
  101.6  16459  -75.4                         235     12  380.1         380.1
  100.0  16550  -75.1                         305      5  382.4         382.4
   98.0  16667  -75.6                         330     10  383.6         383.6
   97.0  16726  -75.9                         312      7  384.2         384.2
   96.4  16764  -75.5                         300      5  385.6         385.6
   92.0  17035  -73.0                         290     11  395.8         395.8
   88.3  17274  -70.7                         308     10  405.0         405.0
   88.0  17294  -70.7                         310     10  405.4         405.4
   86.0  17431  -70.6                         300     10  408.3         408.3
   79.0  17933  -70.3                         225      2  418.9         418.9
   77.0  18085  -70.2                         125     10  422.2         422.2
   75.0  18241  -70.1                          95     17  425.5         425.5
   72.0  18483  -70.0                          70     16  430.8         430.8
   70.1  18642  -69.9                          70     14  434.3         434.3
   70.0  18650  -69.9                          70     14  434.5         434.5
   67.0  18916  -68.7                          85     15  442.5         442.5
   62.0  19386  -66.6                          45     18  457.1         457.1
   61.0  19485  -66.2                          50     15  460.2         460.2
   57.0  19896  -64.4                          85     15  473.3         473.3
   54.4  20180  -63.1                          85     18  482.6         482.6
   50.0  20700  -62.9                          85     23  494.8         494.8
   47.0  21086  -62.1                          85     25  505.6         505.6
   43.0  21640  -60.9                         100     27  521.6         521.6
   40.0  22091  -59.9                          80     21  534.9         534.9
   36.0  22748  -58.5                          95     29  554.9         554.9
   31.9  23502  -56.9                          88     37  578.7         578.7
   31.1  23662  -57.7                          87     39  580.8         580.8
   30.0  23890  -56.1                          85     41  591.1         591.1
   29.0  24107  -55.1                          75     43  599.6         599.6
   26.9  24589  -52.9                          65     43  618.8         618.8
   26.0  24808  -53.2                          60     43  623.9         623.9
   23.5  25458  -54.3                          75     36  639.1         639.1
   22.0  25884  -53.0                          85     31  655.3         655.3
   20.1  26467  -51.1                          85     28  678.0         678.0
   20.0  26500  -50.3                          85     28  681.5         681.5
   19.0  26836  -50.0                          90     25  692.6         692.6
   18.0  27190  -49.6                         115     27  704.5         704.5
   16.0  27961  -48.8                         110     28  731.2         731.2
   15.8  28043  -48.7                                     734.2         734.2
