
-----------------------------------------------------------------------------
   PRES   HGHT   TEMP   DWPT   RELH   MIXR   DRCT   SKNT   THTA   THTE   THTV
    hPa     m      C      C      %    g/kg    deg   knot     K      K      K 
-----------------------------------------------------------------------------
 1024.0      5   16.0    9.0     63   7.08    210      7  287.2  307.3  288.4
 1010.0    120   14.4    8.4     67   6.89    302      9  286.7  306.3  287.9
 1005.0    161   14.9    9.4     70   7.41    335     10  287.6  308.7  288.9
 1000.0    203   15.4   10.4     72   7.97    345     10  288.6  311.2  289.9
  987.0    314   16.2   10.2     68   7.97    352     11  290.4  313.3  291.8
  951.0    629   13.6    8.9     73   7.57     10     13  290.9  312.7  292.2
  935.0    773   12.4    8.3     76   7.40     25     10  291.1  312.4  292.4
  925.0    863   13.0    4.0     54   5.54     20      8  292.6  308.9  293.6
  920.0    909   12.6    3.6     54   5.41     16      7  292.6  308.6  293.6
  908.0   1019   13.2   -2.8     33   3.44      8      6  294.4  304.8  295.0
  869.0   1386   11.2   -4.8     32   3.09    339      2  296.0  305.5  296.5
  863.0   1444   11.5   -7.0     27   2.63    335      1  296.9  305.1  297.4
  857.0   1503   11.8   -9.2     22   2.23    278      3  297.8  304.8  298.2
  850.0   1571   11.2   -3.8     35   3.41    210      5  297.9  308.4  298.5
  795.0   2124    6.0   -3.0     52   3.87    224     10  298.1  309.9  298.8
  792.0   2155    5.8   -3.6     51   3.73    225     10  298.2  309.6  298.8
  778.0   2301    4.8   -6.2     45   3.11    219     11  298.6  308.2  299.2
  758.0   2514    5.4  -19.6     15   1.07    211     12  301.5  305.1  301.7
  734.0   2775    4.3  -19.4     16   1.12    200     14  303.1  306.9  303.3
  700.0   3161    2.8  -19.2     18   1.20    210     16  305.6  309.6  305.8
  670.0   3514    1.7  -26.5     10   0.66    230     16  308.2  310.5  308.3
  657.0   3672    1.2  -29.7      8   0.50    255     20  309.3  311.1  309.4
  652.0   3734    1.0  -31.0      7   0.44    256     19  309.8  311.4  309.9
  636.0   3931   -0.6  -32.3      7   0.40    260     16  310.2  311.7  310.3
  621.0   4121   -2.0  -33.5      7   0.37    290     13  310.6  312.0  310.7
  597.0   4434   -4.5  -35.5      7   0.31    264     13  311.3  312.5  311.4
  572.0   4769   -6.5  -26.4     19   0.78    235     14  312.9  315.6  313.0
  559.0   4949   -7.5  -21.5     32   1.23    232     16  313.7  317.9  313.9
  549.0   5089   -8.3  -23.7     28   1.03    230     17  314.4  318.0  314.6
  516.0   5567  -10.9  -31.4     17   0.54    255     23  316.8  318.8  316.9
  500.0   5810  -12.3  -35.3     13   0.38    250     25  318.0  319.4  318.1
  492.0   5933  -12.9  -38.8      9   0.27    240     26  318.7  319.8  318.8
  481.0   6106  -13.7  -43.7      6   0.17    243     30  319.8  320.4  319.8
  455.0   6520  -17.3  -44.6      7   0.16    250     40  320.4  321.0  320.4
  400.0   7480  -25.7  -46.7     12   0.14    250     39  321.5  322.1  321.5
  386.0   7733  -27.9  -47.3     14   0.14    250     37  321.9  322.4  321.9
  337.0   8696  -36.5  -49.5     25   0.12    238     47  322.9  323.4  322.9
  326.0   8922  -38.5  -51.5     24   0.10    235     50  323.1  323.6  323.2
  300.0   9490  -43.7  -56.7     22   0.06    235     49  323.6  323.9  323.7
  294.0   9624  -44.8  -57.5     23   0.05    235     50  323.9  324.2  324.0
  280.0   9948  -47.5  -59.5     24   0.04    235     54  324.6  324.8  324.6
  274.0  10091  -46.7  -61.6     17   0.04    240     56  327.8  328.0  327.8
  250.0  10700  -43.3  -70.3      4   0.01    250     94  341.6  341.6  341.6
  242.0  10919  -42.8  -74.6      2   0.01    250    107  345.5  345.5  345.5
  240.0  10975  -42.7  -75.7      1   0.01    250    107  346.5  346.5  346.5
  208.0  11932  -46.9  -79.9      1   0.00    258    110  354.4  354.4  354.4
  200.0  12190  -49.3  -80.3      1   0.00    260    111  354.5  354.6  354.5
  191.0  12485  -51.6  -81.0      2   0.00    260    113  355.5  355.5  355.5
  167.0  13345  -58.4  -83.0      3   0.00    255     99  358.1  358.1  358.1
  164.0  13461  -59.3  -83.3      3   0.00    259     94  358.5  358.5  358.5
  161.0  13577  -57.9  -82.9      3   0.00    264     89  362.7  362.7  362.7
  160.0  13616  -58.2  -83.2      3   0.00    265     87  362.9  362.9  362.9
  154.0  13856  -59.9  -84.9      2   0.00    268     90  363.9  363.9  363.9
  150.0  14020  -61.1                         270     92  364.6         364.6
  142.0  14356  -63.4                         270     99  366.3         366.3
  132.0  14804  -66.5                         275     97  368.6         368.6
  131.0  14851  -65.8                         275     96  370.7         370.7
  128.0  14992  -63.5                         273     95  377.2         377.2
  125.0  15136  -64.0                         270     94  378.9         378.9
  119.0  15434  -65.0                         255     80  382.3         382.3
  109.0  15967  -66.9                         250     47  388.6         388.6
  103.0  16311  -68.1                         275     34  392.6         392.6
  100.0  16490  -68.7                         290     36  394.7         394.7
   92.8  16932  -71.3                         285     45  398.1         398.1
   90.0  17115  -70.3                         285     50  403.5         403.5
   83.0  17596  -67.8                         260     45  418.1         418.1
   80.0  17815  -66.7                         275     40  424.8         424.8
   73.0  18367  -66.2                         270     32  437.2         437.2
   70.0  18620  -65.9                         250     33  443.1         443.1
   67.0  18886  -65.9                         255     14  448.6         448.6
   65.0  19069  -65.9                         280      9  452.6         452.6
   64.0  19163  -65.9                         300     10  454.6         454.6
   59.9  19565  -65.9                         291     23  463.2         463.2
   57.0  19869  -63.5                         285     33  475.2         475.2
   54.2  20178  -61.1                         240     30  487.7         487.7
   53.0  20318  -60.8                         220     28  491.5         491.5
   52.0  20436  -60.6                         215     24  494.7         494.7
   50.0  20680  -60.1                         235     16  501.4         501.4
   48.0  20934  -59.9                         260     14  507.7         507.7
   46.0  21200  -59.8                         250      9  514.3         514.3
   45.0  21337  -59.7                         270      7  517.8         517.8
   44.0  21477  -59.6                         300     10  521.3         521.3
   43.0  21620  -59.5                         304     11  525.0         525.0
   40.0  22076  -58.6                         315     13  538.1         538.1
   38.0  22399  -58.0                           0     13  547.7         547.7
   37.0  22568  -57.7                           0     24  552.7         552.7
   34.0  23101  -56.6                         325     25  569.0         569.0
   31.0  23683  -55.5                         315     26  587.2         587.2
   30.0  23890  -55.1                         290     27  593.8         593.8
   29.0  24108  -54.8                         275     27  600.4         600.4
   28.0  24334  -54.6                         285     22  607.2         607.2
   27.0  24568  -54.3                         260     19  614.3         614.3
   25.0  25064  -53.7                         270     14  629.7         629.7
   24.0  25326  -53.3                         285     17  638.0         638.0
   21.0  26186  -52.3                         275     19  666.0         666.0
   20.0  26500  -51.9                         305     23  676.6         676.6
   19.0  26835  -51.0                         310     23  689.5         689.5
   17.0  27560  -48.9                         275     22  718.3         718.3
   16.8  27637  -48.7                                     721.4         721.4
