
-----------------------------------------------------------------------------
   PRES   HGHT   TEMP   DWPT   RELH   MIXR   DRCT   SKNT   THTA   THTE   THTV
    hPa     m      C      C      %    g/kg    deg   knot     K      K      K 
-----------------------------------------------------------------------------
 1015.0      5   27.0   16.0     51  11.39    115     10  298.9  332.4  300.9
 1009.0     58   25.2   15.2     54  10.87    135     15  297.6  329.4  299.5
 1000.0    137   24.4   15.4     57  11.12    135     17  297.6  330.1  299.5
  929.0    776   18.2   14.3     78  11.12    160     17  297.5  330.0  299.5
  925.0    813   17.8   14.2     79  11.12    160     16  297.5  330.0  299.5
  850.0   1530   11.8    9.5     86   8.84    145     27  298.5  324.6  300.1
  845.0   1579   11.3    9.4     88   8.83    145     28  298.5  324.6  300.1
  840.0   1629   10.8    9.3     90   8.83    145     27  298.4  324.5  300.0
  834.0   1689   11.8    4.8     62   6.51    144     25  300.1  319.7  301.3
  798.0   2057   10.2   -3.8     37   3.63    142     17  302.2  313.6  302.9
  775.0   2301   11.0  -12.0     19   1.98    140     11  305.6  312.1  306.0
  773.0   2323   11.7  -16.8     12   1.34    140     11  306.6  311.1  306.8
  771.0   2344   12.4  -21.6      8   0.89    140     11  307.6  310.6  307.7
  731.0   2787    9.7  -24.3      7   0.73    150      8  309.3  311.9  309.4
  716.0   2959    8.6  -25.4      7   0.68    154     12  310.0  312.4  310.1
  711.0   3017    8.8  -28.6      5   0.51    155     14  310.8  312.6  310.9
  700.0   3146    9.2  -35.8      3   0.26    145     19  312.6  313.6  312.7
  672.0   3481    7.8  -34.2      3   0.32    125     24  314.7  315.9  314.8
  628.0   4038    5.4  -31.6      5   0.44    125     22  318.1  319.8  318.2
  607.0   4312    3.0  -31.4      6   0.46    125     21  318.4  320.1  318.5
  576.0   4734   -0.8  -31.2      8   0.49    135     21  318.8  320.6  318.9
  566.0   4875   -2.1  -31.1      9   0.51    133     20  318.9  320.8  319.0
  541.0   5232   -4.5  -33.5      8   0.42    127     16  320.2  321.8  320.3
  515.0   5618   -5.6  -43.4      3   0.16    120     12  323.4  324.0  323.4
  500.0   5850   -6.3  -49.3      2   0.09    175      8  325.3  325.6  325.3
  488.0   6039   -7.2  -51.6      1   0.07    150     10  326.5  326.8  326.5
  475.0   6249   -8.1  -54.1      1   0.05    139     11  327.9  328.1  327.9
  471.0   6314   -8.6  -53.5      1   0.06    135     11  328.0  328.3  328.0
  461.0   6480   -9.9  -51.8      2   0.07    150     10  328.4  328.7  328.4
  445.0   6752  -12.1  -49.1      3   0.10    150     10  329.0  329.4  329.0
  441.0   6820  -12.4  -50.1      3   0.09    150     10  329.4  329.8  329.4
  405.0   7466  -15.6  -59.7      1   0.03     85     14  333.4  333.5  333.4
  400.0   7560  -16.1  -61.1      1   0.03     90     11  334.0  334.1  334.0
  397.0   7617  -16.5  -61.5      1   0.02     87     11  334.2  334.3  334.2
  389.0   7768  -17.6  -61.9      1   0.02     80     10  334.7  334.8  334.7
  372.0   8099  -20.0  -62.8      1   0.02    145      3  335.8  335.9  335.8
  355.0   8446  -22.5  -63.8      1   0.02    240     10  337.0  337.1  337.0
  342.0   8722  -24.5  -64.5      1   0.02    242     17  337.9  337.9  337.9
  300.0   9670  -28.9  -68.9      1   0.01    250     42  344.5  344.6  344.5
  295.0   9790  -29.5  -69.5      1   0.01    254     45  345.3  345.4  345.3
  288.0   9958  -30.8  -70.2      1   0.01    260     49  345.9  345.9  345.9
  250.0  10950  -38.5  -74.5      1   0.01    265     48  348.7  348.7  348.7
  205.0  12275  -49.0  -79.7      2   0.00    270     58  352.5  352.5  352.5
  200.0  12440  -50.3  -80.3      2   0.00    270     58  352.9  353.0  352.9
  185.0  12944  -54.5  -81.5      2   0.00    265     60  354.1  354.1  354.1
  164.0  13707  -59.9  -83.9      3   0.00    258     63  357.4  357.5  357.4
  155.0  14057  -62.2                         255     65  359.4         359.4
  150.0  14260  -63.5                         255     62  360.5         360.5
  146.0  14426  -64.9                         256     61  360.9         360.9
  124.0  15394  -70.1                         265     52  368.7         368.7
  111.0  16051  -73.6                         245     52  374.0         374.0
  100.0  16670  -76.9                         240     33  378.9         378.9
   91.0  17207  -78.7                         225     29  385.6         385.6
   87.0  17463  -79.6                         240     20  388.8         388.8
   85.7  17549  -79.9                         240     22  389.9         389.9
   85.0  17597  -79.1                         235     25  392.5         392.5
   83.0  17734  -76.8                         215     29  399.9         399.9
   79.3  17997  -72.3                         153     17  414.4         414.4
   78.0  18093  -73.0                         130     12  414.8         414.8
   77.0  18168  -73.6                         125     10  415.2         415.2
   75.0  18320  -74.7                          55      4  415.9         415.9
   71.0  18638  -77.1                         320     10  417.4         417.4
   70.7  18663  -77.3                         319     10  417.5         417.5
   70.0  18720  -76.7                         315      9  420.0         420.0
   66.6  19007  -76.1                         270      9  427.3         427.3
   65.3  19122  -73.1                         252     10  436.2         436.2
   63.0  19334  -72.7                         220     10  441.5         441.5
   60.0  19622  -72.2                         155     14  448.8         448.8
   56.0  20029  -71.5                         145     17  459.4         459.4
   54.0  20244  -71.2                         100     20  465.0         465.0
   53.0  20354  -71.0                         100     18  467.9         467.9
   52.0  20467  -70.8                         130     17  470.9         470.9
   51.5  20524  -70.7                         124     18  472.5         472.5
   50.0  20700  -69.5                         105     20  479.3         479.3
   48.0  20947  -67.7                         110     18  489.1         489.1
   47.0  21075  -66.8                         115     25  494.2         494.2
   46.0  21205  -65.9                         105     31  499.5         499.5
   42.7  21656  -62.7                          64     23  518.1         518.1
   42.0  21758  -62.6                          55     21  520.9         520.9
   40.0  22060  -62.2                          80     19  529.1         529.1
   39.0  22216  -62.1                          70     15  533.4         533.4
   38.0  22376  -61.9                          80     13  537.8         537.8
   36.0  22710  -61.5                          97     22  547.1         547.1
   34.0  23068  -60.2                         115     32  559.5         559.5
   32.0  23447  -58.9                          95     35  572.8         572.8
   30.0  23850  -57.5                          80     31  587.3         587.3
   29.0  24065  -56.8                          80     25  595.0         595.0
   28.0  24287  -56.1                          70     26  603.0         603.0
   27.0  24518  -55.3                          76     28  611.4         611.4
   25.8  24810  -51.5                          82     30  630.2         630.2
   23.0  25558  -50.1                         100     35  655.5         655.5
   22.0  25848  -49.5                          85     35  665.5         665.5
   21.3  26058  -49.1                          92     36  672.9         672.9
   21.0  26151  -49.3                          95     37  675.0         675.0
   20.0  26470  -50.1                          75     38  682.1         682.1
   19.5  26636  -49.5                                     688.9         688.9
