
-----------------------------------------------------------------------------
   PRES   HGHT   TEMP   DWPT   RELH   MIXR   DRCT   SKNT   THTA   THTE   THTV
    hPa     m      C      C      %    g/kg    deg   knot     K      K      K 
-----------------------------------------------------------------------------
 1012.0      5   26.2   18.2     61  13.17    355      7  298.3  336.8  300.7
 1000.0    110   24.0   17.0     65  12.34      5      9  297.1  333.1  299.4
  993.0    172   23.2   17.2     69  12.59      3      9  296.9  333.6  299.2
  984.0    251   22.7   16.7     69  12.27      0      9  297.2  332.9  299.4
  937.0    675   19.8   13.8     68  10.66    340     14  298.4  329.7  300.3
  925.0    787   19.0   13.0     68  10.27    345     13  298.7  329.0  300.6
  908.0    946   17.6   12.6     72  10.15    355     13  298.9  328.8  300.7
  888.0   1136   16.0   12.0     77  10.01    355     11  299.1  328.7  300.9
  871.0   1301   15.6   11.7     78  10.03    355     10  300.3  330.1  302.1
  850.0   1508   15.0   11.4     79  10.05    325      7  301.9  331.8  303.7
  846.0   1548   14.8   11.0     78   9.83    325      7  302.0  331.4  303.8
  800.0   2019   11.4    9.7     89   9.53    327      6  303.3  331.9  305.0
  769.0   2350   11.2    5.2     67   7.26    328      5  306.5  328.8  307.9
  751.0   2548    9.8    2.8     62   6.27    328      4  307.1  326.5  308.2
  712.0   2988    6.3    0.8     68   5.74    330      3  307.9  325.9  309.0
  700.0   3128    5.2    0.2     70   5.58    330      3  308.2  325.7  309.2
  684.0   3316    3.8   -0.8     72   5.30    325      4  308.7  325.4  309.7
  658.0   3631    2.4   -5.6     56   3.85    318      6  310.6  322.9  311.3
  621.0   4096   -0.7   -3.6     81   4.75    306      9  312.2  327.4  313.1
  602.0   4342   -1.8   -6.1     73   4.06    300     10  313.7  326.9  314.5
  554.0   5001   -4.7  -12.7     54   2.61    314     11  317.8  326.6  318.3
  549.0   5072   -5.2  -13.0     54   2.58    315     11  318.0  326.8  318.5
  533.0   5303   -6.8  -13.8     57   2.47    280     11  318.8  327.2  319.3
  511.0   5632   -9.1  -15.1     62   2.33    276     12  319.9  327.9  320.3
  506.0   5708   -8.9  -19.1     44   1.68    275     12  321.0  326.9  321.3
  505.0   5723   -8.9  -19.9     41   1.57    277     12  321.2  326.7  321.5
  500.0   5800   -9.5  -20.5     40   1.51    285     11  321.4  326.7  321.7
  495.0   5877   -9.9  -21.5     38   1.40    295     10  321.8  326.8  322.1
  474.0   6211  -11.7  -25.7     30   1.00    295     13  323.6  327.3  323.8
  462.0   6407  -13.3  -22.2     47   1.41    295     14  324.0  329.1  324.3
  454.0   6540  -14.3  -19.8     64   1.77    275     15  324.3  330.6  324.6
  447.0   6658  -15.3  -17.6     83   2.16    272     18  324.6  332.1  325.0
  444.0   6709  -15.7  -17.8     84   2.14    270     19  324.7  332.2  325.1
  430.0   6950  -17.5  -18.6     91   2.06    253     17  325.4  332.6  325.8
  428.0   6985  -17.7  -19.4     86   1.93    250     17  325.6  332.4  325.9
  421.0   7109  -18.3  -22.3     71   1.53    262     17  326.3  331.8  326.6
  413.0   7252  -19.1  -22.3     76   1.56    276     18  327.1  332.7  327.4
  405.0   7398  -19.7  -25.2     61   1.22    290     18  328.1  332.6  328.4
  400.0   7490  -20.1  -27.1     54   1.04    290     16  328.8  332.6  329.0
  391.0   7659  -21.1  -30.5     42   0.77    290     11  329.6  332.6  329.8
  389.0   7697  -21.3  -31.3     40   0.72    287     11  329.8  332.6  330.0
  370.0   8065  -24.3  -49.3      8   0.12    258     11  330.6  331.1  330.6
  353.0   8406  -26.9  -34.9     47   0.56    230     11  331.6  333.8  331.7
  345.0   8571  -28.3  -38.4     37   0.40    230     11  331.9  333.5  332.0
  338.0   8718  -29.5  -41.5     30   0.30    239     13  332.2  333.4  332.2
  309.0   9354  -34.3  -41.3     49   0.33    276     22  334.1  335.4  334.1
  306.0   9422  -34.8  -42.5     46   0.30    280     23  334.3  335.5  334.3
  300.0   9560  -35.9  -44.9     39   0.23    275     26  334.7  335.6  334.7
  288.0   9840  -38.5  -48.5     34   0.16    275     31  334.9  335.6  334.9
  287.0   9864  -38.7  -48.4     35   0.17    275     31  334.9  335.6  334.9
  270.0  10278  -42.3  -46.1     66   0.23    282     30  335.6  336.5  335.6
  259.0  10556  -44.7  -58.7     19   0.05    286     29  336.1  336.3  336.1
  250.0  10790  -46.9  -59.9     21   0.05    290     28  336.2  336.4  336.2
  214.0  11794  -56.2  -64.9     33   0.03    295     33  337.1  337.2  337.1
  201.0  12199  -59.9  -66.9     40   0.02    286     35  337.3  337.4  337.3
  200.0  12230  -60.3  -67.2     40   0.02    285     35  337.1  337.2  337.1
  192.0  12483  -62.7  -69.4     40   0.02    275     31  337.2  337.3  337.2
  184.0  12745  -63.1  -71.8     30   0.01    270     25  340.7  340.8  340.7
  173.0  13125  -63.7  -75.2     20   0.01    253     32  345.8  345.8  345.8
  171.0  13197  -63.3  -75.8     17   0.01    250     33  347.6  347.7  347.6
  165.0  13418  -62.0  -77.8     10   0.01    255     36  353.4  353.4  353.4
  158.0  13686  -60.4  -80.2      6   0.00    245     54  360.5  360.5  360.5
  156.0  13765  -59.9  -80.9      5   0.00    240     48  362.6  362.6  362.6
  150.0  14010  -60.7                         225     30  365.3         365.3
  146.0  14176  -61.9                         220     24  366.1         366.1
  140.0  14433  -63.7                         230     17  367.4         367.4
  133.0  14748  -65.9                         265     24  368.8         368.8
  132.0  14794  -65.7                         270     25  370.0         370.0
  127.0  15029  -64.7                         255     24  375.9         375.9
  126.0  15077  -64.5                         258     23  377.1         377.1
  124.0  15174  -64.9                         265     21  378.2         378.2
  118.0  15472  -66.0                         275     32  381.5         381.5
  113.0  15733  -67.0                         265     41  384.4         384.4
  107.0  16062  -68.2                         250     33  388.2         388.2
  100.0  16470  -69.7                         265     33  392.8         392.8
   98.5  16560  -70.1                         260     36  393.7         393.7
   89.0  17166  -68.5                         185     12  408.5         408.5
   87.0  17301  -68.1                         200      7  411.9         411.9
   84.0  17511  -67.6                         180      7  417.2         417.2
   82.6  17611  -67.3                         173      8  419.7         419.7
   77.0  18031  -68.7                         145     10  425.4         425.4
   74.0  18269  -69.4                         125      2  428.6         428.6
   73.0  18350  -69.7                         125      4  429.8         429.8
   70.0  18600  -68.7                         125     10  437.1         437.1
   68.0  18777  -68.2                          95     10  441.8         441.8
   65.0  19052  -67.4                          85     14  449.3         449.3
   63.0  19242  -66.8                          75     11  454.6         454.6
   62.0  19339  -66.5                          80     10  457.3         457.3
   59.0  19642  -65.7                         110      6  465.8         465.8
   58.0  19746  -65.3                         120     10  468.8         468.8
   53.0  20295  -63.7                         115     21  484.7         484.7
   51.0  20529  -63.0                          90     25  491.7         491.7
   50.0  20650  -62.7                          80     23  495.3         495.3
   49.9  20662  -62.5                          81     23  496.1         496.1
   48.0  20904  -62.2                         100     18  502.2         502.2
   44.0  21446  -61.6                          75     14  516.4         516.4
   41.0  21885  -61.1                          80     12  528.2         528.2
   40.0  22039  -60.9                          90     16  532.3         532.3
   39.0  22197  -60.8                          70     19  536.6         536.6
   38.0  22358  -60.6                          95     22  541.1         541.1
   35.0  22870  -60.0                          75     24  555.5         555.5
   32.0  23428  -59.4                          85     27  571.6         571.6
   30.0  23830  -58.9                          70     19  583.5         583.5
   29.0  24044  -58.6                          80     21  590.0         590.0
   27.0  24494  -57.9                          75     15  604.1         604.1
   26.0  24732  -57.5                          95     20  611.7         611.7
   24.3  25158  -56.9                          87     20  625.5         625.5
   24.0                                        85     20                     
