
-----------------------------------------------------------------------------
   PRES   HGHT   TEMP   DWPT   RELH   MIXR   DRCT   SKNT   THTA   THTE   THTV
    hPa     m      C      C      %    g/kg    deg   knot     K      K      K 
-----------------------------------------------------------------------------
 1011.0      5   26.2   21.2     74  15.95     10      5  298.4  345.0  301.3
 1000.0     98   24.8   18.8     69  13.85      0      2  297.9  338.4  300.4
  951.0    537   20.8   18.4     86  14.21     16      3  298.2  339.7  300.7
  925.0    777   19.2   16.8     86  13.18     25      3  298.9  337.6  301.3
  901.0   1002   17.6   15.6     88  12.50    305      1  299.5  336.3  301.8
  858.0   1420   14.6   13.3     92  11.31    158      3  300.6  334.1  302.7
  850.0   1500   15.6   10.6     72   9.53    130      3  302.5  331.0  304.2
  849.0   1510   15.8    9.8     68   9.03    131      3  302.8  329.9  304.4
  841.0   1591   17.0    5.0     45   6.54    137      4  304.9  324.9  306.1
  807.0   1942   16.2   -6.8     20   2.86    166      8  307.6  316.9  308.2
  791.0   2111   14.5    3.7     48   6.34    180     10  307.6  327.3  308.8
  786.0   2165   14.0    7.0     63   8.06    177      9  307.6  332.4  309.1
  756.0   2491   11.6    5.1     64   7.36    160      4  308.5  331.2  309.8
  733.0   2750    9.7    3.7     66   6.84    165     10  309.1  330.4  310.4
  729.0   2796    9.4    3.4     66   6.75    167     11  309.2  330.3  310.5
  716.0   2945    9.0   -6.0     34   3.43    175     15  310.4  321.5  311.1
  712.0   2991    8.6    0.6     57   5.65    178     16  310.5  328.3  311.5
  700.0   3132    8.0    1.0     61   5.91    185     19  311.3  330.0  312.4
  697.0   3167    7.8    1.0     62   5.92    185     21  311.4  330.2  312.6
  685.0   3310    6.9    0.8     65   5.95    180     25  312.0  330.9  313.1
  647.0   3778    4.0    0.2     76   6.04    203     17  313.9  333.1  315.0
  644.0   3816    3.8   -0.6     73   5.71    205     16  314.0  332.3  315.1
  631.0   3982    2.8   -4.2     60   4.46    197     13  314.8  329.2  315.6
  624.0   4072    3.8  -35.2      4   0.31    193     11  316.9  318.1  317.0
  619.0   4137    3.4  -34.3      4   0.34    190     10  317.2  318.5  317.2
  609.0   4269    2.6  -32.4      6   0.42    203      5  317.7  319.3  317.8
  604.0   4336    2.5  -19.0     19   1.42    210      3  318.3  323.3  318.6
  602.0   4363    2.4  -13.6     30   2.23    211      3  318.6  326.2  319.0
  581.0   4649    1.8  -27.2     10   0.71    223      6  321.1  323.7  321.2
  553.0   5045   -1.5  -15.3     34   2.11    240     10  321.8  329.1  322.2
  546.0   5147   -2.3  -12.3     46   2.74    227     10  322.0  331.3  322.5
  542.0   5205   -2.7  -12.4     47   2.73    220     10  322.1  331.5  322.7
  523.0   5487   -4.8  -13.1     52   2.68    245     15  323.0  332.2  323.5
  518.0   5563   -5.3  -13.3     53   2.66    239     14  323.2  332.4  323.8
  510.0   5685   -5.8  -17.4     40   1.93    230     13  324.0  330.8  324.4
  509.0   5700   -5.9  -17.9     38   1.85    231     13  324.1  330.6  324.5
  500.0   5840   -7.1  -16.1     49   2.19    240     14  324.3  332.0  324.8
  489.0   6013   -8.6  -17.6     48   1.98    260     14  324.6  331.5  325.0
  470.0   6320  -11.2  -20.2     47   1.64    255     15  325.0  330.9  325.4
  465.0   6403  -11.9  -20.9     47   1.56    243     17  325.1  330.7  325.4
  459.0   6503  -11.5  -32.5     16   0.55    229     19  326.9  328.9  327.0
  453.0   6603  -12.0  -35.5     12   0.41    215     21  327.4  329.0  327.5
  420.0   7181  -15.1  -53.1      2   0.07    212     30  330.6  330.9  330.6
  400.0   7550  -15.7  -55.7      2   0.05    210     36  334.5  334.7  334.5
  386.0   7818  -16.7  -50.7      4   0.09    209     38  336.6  337.0  336.6
  342.0   8715  -22.3  -54.3      4   0.07    207     46  340.8  341.1  340.9
  300.0   9660  -30.5  -47.5     17   0.18    205     54  342.3  343.0  342.3
  295.0   9779  -31.7  -47.7     19   0.17    205     55  342.2  343.0  342.3
  273.0  10324  -36.1  -61.1      6   0.04    205     57  343.5  343.7  343.5
  263.0  10581  -38.4  -59.2      9   0.05    205     58  343.9  344.1  343.9
  254.0  10822  -40.5  -57.5     14   0.06    202     57  344.1  344.4  344.2
  250.0  10930  -40.9  -59.9     11   0.05    200     57  345.1  345.3  345.1
  211.0  12061  -49.7  -69.7      8   0.02    200     42  348.5  348.6  348.5
  200.0  12410  -50.9  -74.9      4   0.01    200     37  352.0  352.0  352.0
  175.0  13258  -57.0  -79.6      4   0.00    190     47  355.7  355.8  355.7
  164.0  13670  -59.9  -81.9      4   0.00    195     49  357.4  357.5  357.4
  155.0  14018  -62.4                         200     51  358.9         358.9
  150.0  14220  -63.9                         200     46  359.8         359.8
  143.0  14512  -65.7                         205     34  361.6         361.6
  140.0  14641  -64.7                         201     31  365.6         365.6
  129.0  15126  -68.0                         185     18  368.4         368.4
  123.0  15408  -69.8                         195     14  370.0         370.0
  112.0  15964  -73.6                         225     19  373.1         373.1
  105.0  16347  -76.1                         225     35  375.1         375.1
  104.0  16403  -76.5                         220     32  375.4         375.4
  100.0  16630  -75.3                         200     20  382.0         382.0
   97.0  16806  -76.3                         195     10  383.4         383.4
   95.0  16926  -77.0                         215      5  384.3         384.3
   92.0  17111  -78.1                         240     10  385.7         385.7
   91.4  17148  -78.3                         235     13  386.0         386.0
   88.0  17365  -78.5                         190     18  389.7         389.7
   86.0  17496  -78.7                         185     14  392.0         392.0
   82.8  17713  -78.9                         209     11  395.8         395.8
   82.0  17769  -78.4                         215     10  397.9         397.9
   79.0  17985  -76.6                         175     10  405.8         405.8
   73.7  18387  -73.3                         122     10  421.0         421.0
   73.0  18443  -73.0                         115     10  422.7         422.7
   71.0  18606  -72.3                         130     13  427.7         427.7
   70.0  18690  -71.9                         125     18  430.2         430.2
   68.0  18861  -71.3                         105     22  435.1         435.1
   63.0  19313  -69.8                          95     21  448.0         448.0
   61.0  19503  -69.2                         115     18  453.5         453.5
   56.0  20009  -67.5                          97     27  468.6         468.6
   54.0  20227  -66.6                          90     31  475.6         475.6
   50.0  20690  -64.7                          95     26  490.6         490.6
   46.0  21204  -63.6                          80     18  505.0         505.0
   44.0  21478  -63.1                          85     13  512.8         512.8
   43.0  21619  -62.8                         115     17  516.9         516.9
   38.2  22349  -61.3                          95     34  538.5         538.5
   36.7  22600  -57.7                          88     39  553.9         553.9
   36.0  22722  -57.5                          85     42  557.5         557.5
   33.0  23275  -56.5                          85     29  574.1         574.1
   30.0  23880  -55.5                          75     29  592.7         592.7
   29.4  24009  -54.7                          72     34  598.4         598.4
   29.0  24098  -54.4                          70     37  601.6         601.6
   28.0  24326  -53.5                          85     30  610.0         610.0
   23.0  25603  -48.9                          70     31  659.0         659.0
   22.1  25862  -47.9                          83     28  669.4         669.4
   22.0  25892  -47.9                          85     28  670.2         670.2
   20.2  26455  -48.1                          85     35  686.2         686.2
   20.0                                        85     36                     
