
-----------------------------------------------------------------------------
   PRES   HGHT   TEMP   DWPT   RELH   MIXR   DRCT   SKNT   THTA   THTE   THTV
    hPa     m      C      C      %    g/kg    deg   knot     K      K      K 
-----------------------------------------------------------------------------
 1029.0      5   17.6   10.6     64   7.85    190      7  288.4  310.7  289.8
 1006.0    195   16.0   10.0     68   7.72    135      9  288.7  310.6  290.0
 1000.0    245   15.6    9.6     67   7.55    120     10  288.8  310.3  290.1
  987.0    356   15.6    7.6     59   6.67    114     10  289.8  309.0  291.0
  929.0    865   11.0    6.7     75   6.67     87     12  290.2  309.4  291.4
  925.0    901   10.8    6.4     74   6.56     85     12  290.4  309.3  291.5
  873.0   1382    7.2    1.2     66   4.80     47     15  291.4  305.6  292.3
  850.0   1602    5.4    1.5     76   5.04     30     17  291.8  306.6  292.7
  786.0   2237    0.8    0.2     96   4.96     26     22  293.5  308.1  294.3
  765.0   2456    3.8  -35.2      4   0.25     25     24  299.0  299.9  299.0
  743.0   2692    2.6  -29.4      7   0.45     23     26  300.2  301.8  300.3
  728.0   2857    3.6  -30.4      6   0.42     22     27  303.0  304.5  303.1
  700.0   3174    2.4  -33.6      5   0.32     20     30  305.1  306.3  305.2
  691.0   3278    1.8  -35.2      4   0.28     18     29  305.6  306.6  305.6
  658.0   3673    3.4  -45.6      1   0.10     11     26  311.7  312.1  311.7
  578.0   4710   -2.5  -44.5      2   0.13    352     19  316.5  317.1  316.6
  500.0   5840  -11.1  -46.1      4   0.12    330     10  319.4  319.9  319.5
  437.0   6857  -18.9  -47.9      6   0.12    309     21  322.1  322.6  322.1
  400.0   7510  -22.1  -54.1      4   0.06    295     28  326.2  326.4  326.2
  396.0   7584  -22.3  -53.3      4   0.07    294     29  326.9  327.1  326.9
  344.0   8601  -30.7  -57.7      5   0.05    285     41  328.9  329.1  328.9
  300.0   9560  -36.9  -62.9      5   0.03    275     52  333.2  333.4  333.2
  287.0   9867  -39.3  -63.3      6   0.03    274     60  334.1  334.2  334.1
  263.0  10466  -41.1  -65.1      6   0.02    271     75  339.9  340.0  339.9
  250.0  10810  -44.1  -67.1      6   0.02    270     84  340.4  340.4  340.4
  200.0  12280  -53.7  -72.7      8   0.01    270    103  347.6  347.6  347.6
  198.0  12344  -54.1  -73.2      8   0.01    270    103  347.9  348.0  347.9
  172.0  13233  -59.9  -80.9      5   0.00    265     82  352.6  352.6  352.6
  166.0  13453  -61.7                         264     76  353.2         353.2
  153.0  13958  -61.1                         261     64  362.6         362.6
  150.0  14080  -61.9                         260     61  363.2         363.2
  118.0  15525  -71.9                         275     59  370.6         370.6
  113.0  15780  -70.3                         276     51  378.2         378.2
  104.0  16269  -72.3                         279     36  383.5         383.5
  100.0  16500  -71.3                         280     29  389.7         389.7
   86.0  17404  -69.2                         285     19  411.2         411.2
   81.0  17763  -68.3                         305     18  420.0         420.0
   78.0  17989  -67.8                         300     19  425.7         425.7
   74.0  18305  -67.0                         275     15  433.7         433.7
   73.4  18354  -66.9                         278     16  435.0         435.0
   71.0  18554  -68.2                         290     21  436.5         436.5
   70.0  18640  -68.7                         290     22  437.1         437.1
   69.9  18649  -68.7                         289     22  437.3         437.3
   67.0  18909  -67.2                         245     18  445.8         445.8
   65.0  19095  -66.2                         200     10  452.0         452.0
   58.0  19794  -62.1                         150     10  476.0         476.0
   57.0  19901  -61.5                         120     13  479.8         479.8
   55.0  20120  -60.3                          65     15  487.6         487.6
   52.0  20465  -58.3                          15     13  500.0         500.0
   51.7  20500  -58.1                          11     13  501.3         501.3
   50.0  20710  -59.5                         350     13  502.8         502.8
   48.0  20965  -60.1                          20      6  507.3         507.3
   46.0  21235  -59.4                          80     10  515.3         515.3
   45.0  21375  -59.0                          90      8  519.5         519.5
   43.0  21663  -58.2                         120     10  528.2         528.2
   39.0  22284  -56.5                          95     19  547.5         547.5
   37.0  22618  -55.6                          95     25  558.1         558.1
   35.0  22971  -54.6                          80     22  569.6         569.6
   33.0  23345  -53.6                          75     23  582.0         582.0
   30.0  23950  -51.9                         100     25  602.5         602.5
   28.0  24400  -50.7                          85     28  617.8         617.8
   27.0  24638  -50.1                         105     24  625.9         625.9
   25.4  25036  -49.1                          89     30  639.9         639.9
   25.0  25140  -49.2                          85     32  642.5         642.5
   23.0  25686  -49.8                          90     34  656.4         656.4
   22.0  25976  -50.1                          75     36  663.9         663.9
   20.0  26600  -50.7                          70     37  680.2         680.2
   17.0  27656  -51.5                          85     30  710.1         710.1
   16.2  27969  -51.7                                     719.2         719.2
