
-----------------------------------------------------------------------------
   PRES   HGHT   TEMP   DWPT   RELH   MIXR   DRCT   SKNT   THTA   THTE   THTV
    hPa     m      C      C      %    g/kg    deg   knot     K      K      K 
-----------------------------------------------------------------------------
 1012.0      5   23.6   14.6     57  10.42    120     10  295.7  326.0  297.6
 1000.0    108   22.4   14.4     61  10.41    130      8  295.6  325.8  297.4
  933.0    705   16.4   13.1     81  10.25    139      8  295.3  325.1  297.2
  925.0    778   15.6   12.8     83  10.14    140      8  295.2  324.6  297.1
  880.0   1200   12.0   11.6     97   9.84    146      6  295.8  324.4  297.5
  855.0   1441   10.0    8.1     88   7.98    149      5  296.1  319.5  297.5
  850.0   1490   10.4    7.8     84   7.87    150      5  297.0  320.2  298.4
  846.0   1529   11.0    7.9     81   7.96    150      5  298.1  321.6  299.5
  835.0   1639   10.2    7.2     82   7.68    160      6  298.3  321.1  299.7
  809.0   1902   10.0   -1.0     46   4.42    183      9  300.8  314.4  301.6
  805.0   1944   10.6  -17.4     12   1.22    187      9  301.9  305.9  302.1
  796.0   2037   10.4  -13.3     17   1.73    195     10  302.6  308.3  302.9
  780.0   2206   10.0   -6.0     32   3.15    212     10  304.0  313.9  304.6
  763.0   2389    8.6    1.6     61   5.66    231     10  304.4  321.8  305.4
  715.0   2922    4.7   -0.2     71   5.30    285     10  305.8  322.2  306.8
  700.0   3096    3.4   -0.8     74   5.18    275     10  306.2  322.4  307.2
  677.0   3367    1.4   -2.0     78   4.90    259      8  306.9  322.3  307.8
  663.0   3536    2.2   -7.8     48   3.22    249      7  309.7  320.1  310.3
  643.0   3783    0.9   -9.1     47   2.99    235      5  310.9  320.6  311.4
  636.0   3871    0.4   -9.6     47   2.92    236      7  311.3  320.9  311.9
  627.0   3985    1.2  -23.8     14   0.90    236     10  313.5  316.7  313.7
  595.0   4406   -0.3  -37.3      4   0.26    239     21  316.5  317.5  316.5
  586.0   4527   -1.0  -33.7      6   0.38    240     24  317.1  318.5  317.1
  554.0   4974   -3.5  -20.5     26   1.36    254     24  319.2  324.0  319.5
  541.0   5161   -4.2  -24.9     18   0.94    260     24  320.5  323.9  320.7
  515.0   5549   -5.8  -34.2      9   0.41    250     26  323.2  324.8  323.3
  513.0   5579   -5.9  -34.9      8   0.39    250     26  323.4  324.9  323.5
  500.0   5780   -7.5  -35.5      9   0.37    250     29  323.8  325.3  323.9
  480.0   6095  -10.3  -25.3     28   1.02    254     30  324.2  327.9  324.4
  470.0   6256  -11.5  -17.5     61   2.07    256     31  324.6  331.9  325.1
  424.0   7036  -16.5  -28.5     35   0.86    265     33  327.9  331.2  328.1
  400.0   7470  -20.3  -29.3     44   0.85    270     35  328.5  331.7  328.7
  385.0   7752  -22.7  -29.3     55   0.88    270     37  329.0  332.3  329.2
  381.0   7829  -23.3  -29.3     58   0.89    267     37  329.2  332.5  329.3
  353.0   8386  -26.1  -49.1     10   0.12    245     37  332.6  333.2  332.7
  347.0   8508  -27.2  -49.4     10   0.12    240     37  332.7  333.3  332.8
  307.0   9378  -35.4  -51.1     19   0.11    240     40  333.1  333.6  333.1
  303.0   9471  -36.3  -51.3     20   0.11    237     41  333.1  333.6  333.2
  300.0   9540  -36.7  -50.7     22   0.12    235     42  333.5  334.0  333.6
  272.0  10208  -42.7  -47.7     58   0.19    244     52  334.3  335.1  334.3
  254.0  10665  -46.3  -56.0     32   0.08    250     59  335.6  335.9  335.6
  253.0  10691  -46.5  -56.5     31   0.07    249     59  335.6  336.0  335.7
  250.0  10770  -47.1  -57.1     31   0.07    245     60  335.9  336.2  335.9
  204.0  12085  -58.3  -67.3     31   0.02    236     88  338.4  338.5  338.4
  200.0  12210  -57.9  -66.9     31   0.02    235     91  340.9  341.0  340.9
  199.0  12242  -57.6  -67.2     28   0.02    235     92  341.9  341.9  341.9
  195.0  12370  -56.5  -68.5     21   0.02    233     89  345.6  345.7  345.6
  183.0  12768  -59.4  -74.8     12   0.01    225     81  347.2  347.3  347.2
  181.0  12837  -59.9  -75.9     11   0.01    226     82  347.5  347.6  347.5
  171.0  13191  -60.0                         230     87  353.0         353.0
  167.0  13338  -60.1                         234     82  355.3         355.3
  150.0  14000  -63.5                         250     62  360.5         360.5
  142.0  14334  -65.3                         265     70  363.1         363.1
  136.0  14597  -66.7                         265     74  365.1         365.1
  134.0  14687  -65.7                         263     74  368.4         368.4
  130.0  14870  -66.1                         260     75  370.9         370.9
  115.0  15608  -67.7                         245     37  381.2         381.2
  108.0  15986  -68.5                         245     32  386.5         386.5
  100.0  16450  -69.5                         275     31  393.2         393.2
   94.0  16820  -68.8                         245     27  401.6         401.6
   90.0  17081  -68.3                         190     13  407.6         407.6
   88.0  17215  -68.0                         170     10  410.7         410.7
   79.5  17823  -66.9                         302      2  425.2         425.2
   79.0  17861  -67.1                         310      2  425.6         425.6
   75.9  18101  -68.3                         357      5  427.9         427.9
   74.7  18197  -65.9                          16      6  434.9         434.9
   72.0  18420  -66.0                          60      9  439.3         439.3
   70.0  18590  -66.1                          45      9  442.6         442.6
   67.0  18855  -65.5                          70      2  449.4         449.4
   65.0  19039  -65.1                         125     11  454.2         454.2
   64.8  19058  -65.1                         121     12  454.7         454.7
   64.0  19133  -65.3                         105     18  455.8         455.8
   61.0  19424  -66.1                          65     11  460.3         460.3
   60.4  19484  -66.3                          71     11  461.2         461.2
   58.0  19730  -64.9                          95     11  469.8         469.8
   56.0  19943  -63.7                          94     12  477.2         477.2
   51.0  20518  -62.0                          90     16  494.2         494.2
   50.3  20603  -61.7                          87     19  496.8         496.8
   50.0  20640  -61.5                          85     21  498.1         498.1
   47.0  21024  -61.7                          70     22  506.6         506.6
   43.6  21490  -61.9                          72     20  517.0         517.0
   39.0  22190  -58.6                          75     17  542.0         542.0
   36.0  22693  -56.3                          95     22  560.7         560.7
   35.8  22728  -56.1                          94     22  562.0         562.0
   33.0  23245  -57.5                          80     20  571.5         571.5
   32.6  23323  -57.7                          81     21  573.0         573.0
   30.0  23850  -56.1                          90     26  591.1         591.1
   29.3  24000  -55.7                          87     27  596.2         596.2
   29.0  24065  -56.5                          85     28  595.9         595.9
   28.9  24087  -56.7                          84     28  595.8         595.8
   27.0  24524  -54.7                          60     20  613.1         613.1
   25.0  25017  -52.5                          65     16  633.2         633.2
   23.7  25360  -50.9                          81     15  647.4         647.4
   23.0  25556  -50.4                          90     14  654.4         654.4
   20.0  26470  -48.3                          60     11  687.6         687.6
   16.2  27868  -44.7                         225      2  741.9         741.9
   16.0  27951  -45.1                         235      1  743.3         743.3
   15.4  28206  -46.3                         161      6  747.5         747.5
   15.0  28381  -45.9                         110      9  754.3         754.3
   14.0  28841  -45.0                         105     13  772.5         772.5
   13.7  28985  -44.7                                     778.3         778.3
