
-----------------------------------------------------------------------------
   PRES   HGHT   TEMP   DWPT   RELH   MIXR   DRCT   SKNT   THTA   THTE   THTV
    hPa     m      C      C      %    g/kg    deg   knot     K      K      K 
-----------------------------------------------------------------------------
 1022.0      5   25.8   16.8     58  11.91    150      7  297.1  331.8  299.2
 1014.0     75   23.6   15.6     61  11.11    139      8  295.6  327.8  297.6
 1000.0    197   22.4   15.4     65  11.12    120     10  295.6  327.8  297.5
  925.0    870   16.4   14.0     86  10.98    110     14  296.1  327.9  298.0
  911.0   1000   15.2   13.6     90  10.86    107     15  296.1  327.7  298.1
  850.0   1586   12.0    7.1     72   7.50     95     22  298.7  321.0  300.1
  765.0   2462    8.0   -7.0     34   2.97    109     17  303.5  312.9  304.1
  755.0   2570    8.8  -10.2     25   2.34    110     16  305.5  313.1  306.0
  732.0   2825    6.4   -9.6     31   2.53    114     14  305.6  313.8  306.1
  700.0   3190    5.2  -18.8     16   1.24    120     12  308.2  312.4  308.4
  683.0   3390    4.2  -19.8     16   1.17    116     12  309.3  313.3  309.5
  661.0   3657    5.6  -33.4      4   0.35    111     11  313.8  315.1  313.8
  588.0   4603    0.0  -31.0      8   0.49     94      9  317.9  319.7  318.0
  543.0   5234   -5.3  -27.3     16   0.75     82      8  318.9  321.6  319.1
  527.0   5469   -5.1  -36.1      7   0.33     78      8  321.9  323.2  321.9
  500.0   5880   -7.7  -39.7      6   0.24     70      7  323.6  324.6  323.6
  490.0   6037   -8.9  -40.9      6   0.22     79      7  324.0  324.9  324.0
  406.0   7460  -21.5  -37.5     22   0.38    163     12  325.6  327.0  325.6
  400.0   7570  -22.3  -37.3     24   0.39    170     12  325.9  327.4  326.0
  358.0   8376  -27.3  -52.3      7   0.08    145     15  329.7  330.1  329.7
  300.0   9620  -37.9  -56.9     12   0.06    105     20  331.8  332.1  331.9
  253.0  10771  -48.1  -62.1     18   0.04     91     26  333.3  333.4  333.3
  252.0  10797  -48.3  -62.3     18   0.03     91     26  333.4  333.5  333.4
  250.0  10850  -48.5  -62.5     18   0.03     90     26  333.8  334.0  333.8
  200.0  12280  -58.3  -72.3     15   0.01     90     25  340.3  340.3  340.3
  197.0  12375  -59.3  -73.3     15   0.01     98     24  340.2  340.2  340.2
  192.0  12536  -59.9  -72.9     17   0.01    111     23  341.7  341.8  341.7
  175.0  13115  -59.9  -76.9      9   0.01    160     19  350.9  350.9  350.9
  150.0  14070  -63.7                         240     12  360.1         360.1
  108.0  16053  -69.5                         240     14  384.6         384.6
  100.0  16510  -70.1                         255     12  392.0         392.0
   96.4  16728  -70.7                         255     11  395.0         395.0
   96.0  16752  -70.7                         255     11  395.4         395.4
   87.0  17333  -71.6                         215     10  405.0         405.0
   79.8  17843  -72.3                         183     10  413.6         413.6
   76.0  18133  -71.1                         165     10  421.9         421.9
   73.0  18371  -70.1                         165     14  428.9         428.9
   72.0  18453  -69.8                         150     10  431.3         431.3
   70.0  18620  -69.1                          90      6  436.2         436.2
   62.2  19329  -68.9                         184      3  451.6         451.6
   61.0  19448  -68.3                         200      3  455.4         455.4
   59.0  19651  -67.4                         105     10  461.9         461.9
   58.0  19755  -66.9                          85     10  465.2         465.2
   52.0  20421  -63.8                          80     11  487.2         487.2
   50.0  20660  -62.7                          65     14  495.3         495.3
   49.0  20786  -62.1                          50     11  499.6         499.6
   46.0  21179  -60.3                          70     15  513.0         513.0
   44.0  21455  -59.0                          70     12  522.7         522.7
   42.9  21613  -58.3                          84     12  528.3         528.3
   42.0  21747  -58.1                          95     12  532.0         532.0
   35.0  22903  -56.1                          60     19  565.5         565.5
   34.0  23087  -55.8                          65     13  571.0         571.0
   33.0  23276  -55.5                         100     11  576.8         576.8
   31.0  23672  -54.9                         105     17  589.0         589.0
   30.0  23880  -54.5                          95     19  595.5         595.5
   28.0  24326  -53.8                          75     19  609.4         609.4
   22.0  25884  -51.1                          75     18  660.7         660.7
   21.0  26185  -50.6                          95     23  671.0         671.0
   20.0  26500  -50.1                          90     21  682.1         682.1
   18.0  27193  -48.8                          85     26  707.1         707.1
   15.0  28393  -46.5                                     752.4         752.4
