
-----------------------------------------------------------------------------
   PRES   HGHT   TEMP   DWPT   RELH   MIXR   DRCT   SKNT   THTA   THTE   THTV
    hPa     m      C      C      %    g/kg    deg   knot     K      K      K 
-----------------------------------------------------------------------------
 1016.0      5   25.8   19.8     69  14.52    135     11  297.6  339.9  300.2
 1000.0    146   23.2   19.6     80  14.57    155     14  296.4  338.5  298.9
  996.0    181   22.6   19.5     83  14.54    159     14  296.1  338.1  298.7
  990.0    234   22.1   19.4     84  14.51    165     15  296.1  338.1  298.7
  956.0    538   19.4   18.6     95  14.32    151     25  296.3  337.8  298.9
  941.0    674   18.9   17.9     94  13.89    145     30  297.2  337.6  299.7
  925.0    822   18.4   17.1     92  13.44    140     29  298.1  337.3  300.5
  915.0    915   17.9   16.8     93  13.31    135     28  298.6  337.5  300.9
  867.0   1376   15.6   15.2     97  12.68    135     24  300.8  338.2  303.1
  850.0   1544   15.4   14.4     94  12.28    135     22  302.3  338.8  304.5
  831.0   1736   14.4   12.9     91  11.41    140     24  303.1  337.2  305.2
  810.0   1953   13.2   11.3     88  10.49    131     18  304.1  335.7  306.0
  797.0   2090   14.6    5.6     55   7.20    126     15  307.0  329.2  308.4
  795.0   2111   14.5    5.3     54   7.07    125     14  307.1  328.9  308.4
  776.0   2314   13.1    2.3     48   5.85    145     10  307.8  326.0  308.8
  740.0   2713   10.4   -3.6     37   3.98    140     10  309.0  321.7  309.8
  721.0   2929    8.6   -3.4     43   4.15    138     10  309.4  322.6  310.1
  702.0   3150    7.4  -15.6     18   1.63    135     10  310.4  315.9  310.7
  700.0   3173    7.0  -15.0     19   1.71    135     10  310.2  316.0  310.5
  687.0   3327    6.0  -11.6     27   2.30    130     10  310.7  318.3  311.1
  668.0   3556    4.4   -6.6     45   3.51    144      9  311.5  322.8  312.1
  648.0   3805    5.8  -21.2     12   1.09    159      8  315.8  319.6  316.0
  567.0   4880   -0.3  -37.7      4   0.26    225      3  320.9  321.9  321.0
  535.0   5348   -2.9  -44.9      2   0.13    191      9  323.1  323.7  323.2
  530.0   5422   -3.5  -44.0      3   0.15    185     10  323.3  323.9  323.3
  503.0   5833   -6.9  -38.9      6   0.26    220      8  324.0  325.0  324.1
  500.0   5880   -7.3  -38.3      6   0.28    215      8  324.1  325.2  324.1
  478.0   6228  -10.1  -41.1      6   0.22    218     12  324.8  325.7  324.9
  457.0   6570  -12.1  -44.7      5   0.16    220     15  326.5  327.2  326.6
  443.0   6807  -13.4  -47.1      4   0.12    200     20  327.7  328.2  327.8
  421.0   7195  -15.7  -51.2      3   0.08    220     22  329.7  330.0  329.7
  415.0   7304  -16.3  -52.3      3   0.07    220     23  330.2  330.5  330.2
  400.0   7580  -18.3  -52.3      3   0.08    220     26  331.1  331.4  331.1
  365.0   8252  -24.4  -54.9      4   0.06    225     29  331.8  332.1  331.8
  360.0   8354  -25.3  -55.3      4   0.06    229     30  331.9  332.1  331.9
  332.0   8930  -29.3  -50.9     11   0.11    255     33  334.1  334.6  334.1
  303.0   9580  -33.9  -45.9     29   0.21    273     34  336.5  337.4  336.6
  300.0   9650  -34.3  -47.3     26   0.18    275     34  336.9  337.7  336.9
  292.0   9836  -35.9  -48.9     25   0.15    275     36  337.3  338.0  337.3
  258.0  10686  -43.0  -56.0     23   0.08    275     35  338.9  339.3  338.9
  254.0  10793  -43.9  -56.9     22   0.07    280     39  339.1  339.4  339.1
  250.0  10900  -43.7  -58.7     17   0.06    285     43  341.0  341.2  341.0
  202.0  12314  -50.6  -75.1      4   0.01    290     72  351.5  351.6  351.5
  200.0  12380  -50.9  -75.9      4   0.01    290     72  352.0  352.0  352.0
  194.0  12577  -51.7  -76.7      3   0.01    289     73  353.8  353.8  353.8
  177.0  13160  -55.7  -78.8      4   0.00    285     75  356.6  356.6  356.6
  161.0  13762  -59.9  -80.9      5   0.00    279     68  359.3  359.4  359.3
  150.0  14200  -62.5                         275     63  362.2         362.2
  148.0  14281  -62.9                         275     59  363.0         363.0
  127.0  15204  -67.1                         285     41  371.5         371.5
  125.0  15300  -67.6                         295     37  372.4         372.4
  122.0  15446  -68.2                         300     40  373.7         373.7
  107.0  16238  -71.9                         300     43  381.1         381.1
  104.0  16409  -72.7                         289     39  382.7         382.7
  100.0  16640  -72.5                         275     34  387.4         387.4
   92.4  17101  -75.3                         270     31  390.7         390.7
   89.0  17317  -75.6                         265     26  394.4         394.4
   87.6  17409  -75.7                         262     21  395.9         395.9
   87.0  17449  -75.2                         260     19  397.8         397.8
   84.5  17619  -72.9                         285     10  405.7         405.7
   84.0  17653  -73.1                         290      8  406.0         406.0
   82.0  17794  -73.7                         310     10  407.5         407.5
   78.6  18041  -74.9                         340     18  410.0         410.0
   78.0  18085  -74.5                         345     19  411.8         411.8
   73.7  18417  -71.5                         311     11  424.8         424.8
   73.0  18473  -71.7                         305     10  425.5         425.5
   70.0  18720  -72.7                         190      4  428.5         428.5
   67.9  18898  -73.7                         131      4  430.1         430.1
   67.0  18977  -73.3                         105      4  432.6         432.6
   64.0  19247  -72.0                          60     10  441.1         441.1
   61.0  19530  -70.7                          75     11  450.2         450.2
   60.0  19628  -70.2                          65     12  453.3         453.3
   58.0  19828  -69.3                          80     14  459.9         459.9
   57.2  19910  -68.9                          84     12  462.6         462.6
   56.0  20036  -69.2                          90     10  464.7         464.7
   54.9  20154  -69.5                          85      7  466.7         466.7
   54.0  20254  -68.1                          80      4  472.1         472.1
   53.0  20366  -66.5                         115     10  478.4         478.4
   51.9  20493  -64.7                         104     19  485.4         485.4
   51.0  20599  -64.7                          95     26  487.8         487.8
   50.0  20720  -64.7                          90     26  490.6         490.6
   48.0  20973  -63.5                          85     28  499.2         499.2
   43.0  21656  -60.3                          80     25  522.9         522.9
   39.8  22136  -58.1                          48     19  540.2         540.2
   39.0  22265  -57.9                          40     17  543.9         543.9
   38.0  22430  -57.6                          50     17  548.7         548.7
   37.0  22599  -57.3                          95     22  553.6         553.6
   35.0  22952  -56.7                          85     24  564.0         564.0
   33.0  23325  -56.1                         105     33  575.2         575.2
   31.0  23722  -55.5                          85     39  587.4         587.4
   30.0  23930  -55.1                          75     31  593.8         593.8
   29.0  24147  -54.9                          75     23  600.3         600.3
   26.0  24848  -54.1                          90     27  621.4         621.4
   25.0  25099  -53.8                          85     40  629.2         629.2
   23.0  25634  -53.3                          65     24  646.1         646.1
   21.0  26217  -52.6                          75     21  665.0         665.0
   20.0  26530  -52.3                          80     35  675.3         675.3
   19.0  26863  -51.4                         105     30  688.0         688.0
   18.4  27071  -50.9                         102     32  696.0         696.0
   18.0                                       100     34                     
