
-----------------------------------------------------------------------------
   PRES   HGHT   TEMP   DWPT   RELH   MIXR   DRCT   SKNT   THTA   THTE   THTV
    hPa     m      C      C      %    g/kg    deg   knot     K      K      K 
-----------------------------------------------------------------------------
 1025.0      5   21.4   14.4     64  10.16    130      8  292.5  321.6  294.3
 1020.0     47   19.4   11.4     60   8.36    128      8  290.9  314.9  292.4
 1000.0    214   18.0   13.0     73   9.49    120      8  291.1  318.2  292.8
  925.0    876   12.2   10.0     86   8.40    105      6  291.8  315.9  293.2
  915.0    967   11.4   10.0     91   8.49     95      5  291.9  316.3  293.4
  886.0   1236   10.2    9.5     95   8.50     65      3  293.4  317.9  294.9
  866.0   1427    9.4    9.2     99   8.50     26      6  294.4  319.1  295.9
  850.0   1582   10.4    9.1     92   8.60    355      8  297.0  322.3  298.6
  842.0   1661    9.8    8.2     90   8.17    352      8  297.2  321.2  298.7
  834.0   1740   10.0    6.0     76   7.08    349      8  298.2  319.3  299.5
  826.0   1821   11.4  -11.6     19   1.91    346      8  300.5  306.7  300.9
  819.0   1892   11.6  -13.4     16   1.67    344      8  301.5  306.9  301.8
  804.0   2046   10.6    1.6     54   5.37    338      9  302.0  318.4  303.0
  759.0   2523    7.6   -6.4     36   3.14    320      9  303.8  313.7  304.3
  741.0   2720    6.2   -1.8     57   4.55    313      9  304.3  318.5  305.2
  713.0   3035    5.2   -5.8     45   3.50    301     10  306.6  317.7  307.2
  700.0   3185    4.0   -5.0     52   3.78    295     10  306.9  318.9  307.6
  699.0   3197    3.9   -5.0     52   3.79    295     10  306.9  318.9  307.6
  665.0   3601    1.0   -5.0     64   3.98    303     19  308.0  320.7  308.8
  662.0   3637    1.0   -7.0     55   3.43    304     20  308.4  319.4  309.1
  657.0   3698    0.6   -5.8     62   3.80    305     21  308.6  320.8  309.3
  647.0   3821   -0.3   -3.3     80   4.66    308     19  309.0  323.7  309.9
  644.0   3859   -0.3   -7.3     59   3.45    308     19  309.4  320.5  310.1
  638.0   3934    0.3  -16.5     27   1.66    310     18  310.9  316.5  311.2
  621.0   4151    2.0  -43.0      2   0.14    346     18  315.3  315.8  315.3
  611.0   4282    3.4  -37.6      3   0.25      8     18  318.4  319.3  318.4
  610.0   4295    3.3  -37.6      3   0.25     10     18  318.4  319.3  318.4
  511.0   5698   -8.3  -39.5      6   0.24     20     10  320.9  321.8  320.9
  500.0   5870   -9.7  -39.7      7   0.24      5      6  321.1  322.1  321.2
  497.0   5916  -10.1  -39.8      7   0.24    355      6  321.2  322.2  321.3
  482.0   6151  -12.1  -40.1      8   0.24    318     13  321.6  322.5  321.6
  473.0   6295  -11.7  -43.8      5   0.17    295     17  323.8  324.5  323.9
  469.0   6360  -11.5  -45.5      4   0.14    290     19  324.8  325.4  324.9
  449.0   6690  -13.2  -44.9      5   0.16    265     27  326.8  327.4  326.8
  427.0   7072  -15.1  -44.1      6   0.18    276     29  329.1  329.8  329.1
  400.0   7560  -19.5  -46.5      7   0.15    290     31  329.6  330.2  329.6
  372.0   8085  -24.0  -48.9      8   0.12    300     42  330.5  331.0  330.5
  314.0   9311  -34.5  -54.5     11   0.07    276     56  332.3  332.6  332.3
  300.0   9630  -36.1  -62.1      5   0.03    270     60  334.4  334.5  334.4
  299.0   9653  -36.2  -62.1      5   0.03    270     60  334.5  334.7  334.6
  282.0  10056  -38.1  -63.1      5   0.03    273     62  337.5  337.6  337.5
  261.0  10581  -43.1  -60.1     14   0.04    278     65  337.7  337.9  337.7
  250.0  10870  -43.1  -66.1      6   0.02    280     66  341.9  341.9  341.9
  243.0  11057  -44.2  -67.4      6   0.02    280     68  343.0  343.1  343.0
  200.0  12340  -51.5  -76.5      3   0.01    275     66  351.1  351.1  351.1
  198.0  12405  -51.7  -76.7      3   0.01    275     66  351.8  351.8  351.8
  179.0  13049  -57.3  -78.9      5   0.00    275     71  352.8  352.8  352.8
  171.0  13340  -59.9  -79.9      6   0.00    271     72  353.2  353.2  353.2
  168.0  13450  -60.8                         270     72  353.5         353.5
  165.0  13563  -61.7                         267     70  353.8         353.8
  151.0  14109  -64.3                         255     62  358.4         358.4
  150.0  14150  -64.5                         260     60  358.8         358.8
  140.0  14564  -66.5                         275     46  362.5         362.5
  133.0  14872  -67.9                         290     46  365.2         365.2
  123.0  15341  -70.1                         275     48  369.4         369.4
  119.0  15539  -71.1                         290     44  371.2         371.2
  115.0  15744  -72.0                         300     45  373.1         373.1
  114.0  15797  -72.3                         300     45  373.5         373.5
  100.0  16570  -71.3                         255     32  389.7         389.7
   96.0  16810  -71.9                         250     22  393.1         393.1
   90.0  17190  -72.8                         270     15  398.5         398.5
   88.0  17322  -73.2                         290     11  400.4         400.4
   86.1  17450  -73.5                         309     12  402.3         402.3
   85.0  17527  -73.1                         320     12  404.6         404.6
   83.0  17668  -72.4                         320     15  408.8         408.8
   74.0  18350  -69.0                         285     12  429.6         429.6
   72.0  18513  -68.1                         305      9  434.8         434.8
   70.0  18680  -67.3                         340     12  440.1         440.1
   69.9  18689  -67.1                         340     12  440.7         440.7
   67.0  18944  -66.9                         330     20  446.5         446.5
   64.0  19219  -66.7                         285     13  452.8         452.8
   63.0  19314  -66.6                         290     10  455.1         455.1
   61.0  19508  -66.5                         335     11  459.6         459.6
   59.1  19699  -66.3                         330     14  464.1         464.1
   59.0  19709  -66.3                         330     14  464.3         464.3
   57.0  19917  -66.6                         310     10  468.3         468.3
   55.0  20132  -66.9                         310      5  472.4         472.4
   54.0  20243  -66.2                         310      2  476.5         476.5
   50.0  20710  -63.3                           5      5  493.9         493.9
   47.6  21014  -60.9                           5      6  506.6         506.6
   40.1  22086  -58.7                           5     10  537.6         537.6
   36.8  22624  -59.9                           5     12  547.8         547.8
   32.4  23429  -55.1                           5     15  580.9         580.9
   32.0  23508  -55.2                           5     15  582.6         582.6
   31.0  23711  -55.6                           0     17  587.1         587.1
   30.0  23920  -55.9                         335     16  591.6         591.6
   29.0  24135  -55.9                         320     16  597.4         597.4
   28.6  24224  -55.9                         325     16  599.8         599.8
   27.0  24595  -54.0                         345     14  615.0         615.0
   25.0  25090  -51.5                         330     22  635.8         635.8
   23.9  25380  -50.1                         295     19  648.2         648.2
   23.0  25628  -51.3                         265     16  652.0         652.0
   21.0  26216  -54.0                         285     11  660.8         660.8
   20.8  26278  -54.3                         294     10  661.8         661.8
   20.0  26530  -53.3                         330      6  672.3         672.3
   19.7  26628  -52.1                                     678.9         678.9
