
-----------------------------------------------------------------------------
   PRES   HGHT   TEMP   DWPT   RELH   MIXR   DRCT   SKNT   THTA   THTE   THTV
    hPa     m      C      C      %    g/kg    deg   knot     K      K      K 
-----------------------------------------------------------------------------
 1018.0      5   24.8   13.8     50   9.83     30      8  296.4  325.1  298.2
 1009.0     82   22.2   12.2     53   8.92     10      7  294.6  320.5  296.2
 1000.0    160   21.6   10.6     50   8.08    350      6  294.8  318.3  296.2
  997.0    186   21.2   11.2     53   8.44    345      6  294.6  319.2  296.1
  989.0    256   22.2    4.2     31   5.25    331      7  296.3  312.0  297.2
  957.0    541   21.0    3.0     30   4.99    276      9  297.9  312.9  298.8
  948.0    623   21.0    3.4     31   5.17    260     10  298.7  314.3  299.6
  933.0    760   21.0    4.0     33   5.49    257     13  300.0  316.7  301.0
  925.0    835   21.6    2.6     29   5.01    255     15  301.4  316.8  302.3
  924.0    844   21.5    2.5     29   5.00    255     16  301.4  316.7  302.3
  900.0   1070   19.7    1.4     29   4.72    250     13  301.8  316.3  302.7
  850.0   1559   15.8   -1.2     31   4.14    285      3  302.7  315.6  303.4
  834.0   1720   14.5   -2.5     31   3.84      0      0  303.0  315.0  303.7
  830.0   1761   14.2   -2.8     31   3.77    359      0  303.1  314.8  303.8
  817.0   1894   13.2   -3.8     30   3.55    354      0  303.4  314.5  304.0
  725.0   2881    3.6   -7.4     44   3.04    318      2  303.4  313.0  303.9
  722.0   2915    4.4  -16.6     20   1.45    317      2  304.6  309.4  304.9
  716.0   2983    4.6  -20.4     14   1.06    314      2  305.6  309.2  305.8
  706.0   3098    4.0  -21.0     14   1.02    310      2  306.1  309.6  306.3
  700.0   3167    5.0  -33.0      4   0.34    275      3  308.0  309.2  308.1
  691.0   3272    4.2  -38.8      3   0.19    275      4  308.2  309.0  308.3
  662.0   3619    2.1  -39.5      3   0.19    275      8  309.7  310.4  309.8
  649.0   3779    1.2  -39.8      3   0.19    265     13  310.4  311.1  310.4
  637.0   3929    0.9  -40.3      3   0.18    255     18  311.7  312.4  311.7
  590.0   4543   -0.5  -42.5      2   0.15    273     26  317.0  317.6  317.0
  584.0   4624   -1.0  -43.0      2   0.15    275     27  317.4  318.0  317.4
  556.0   5015   -3.3  -45.3      2   0.12    261     33  319.1  319.6  319.1
  554.0   5043   -3.4  -45.3      2   0.12    260     33  319.4  319.8  319.4
  519.0   5558   -4.9  -44.9      3   0.14    263     36  323.5  324.1  323.6
  500.0   5850   -7.1  -45.1      3   0.14    265     37  324.3  324.9  324.4
  496.0   5912   -7.5  -45.6      3   0.13    265     37  324.5  325.1  324.6
  466.0   6390  -11.0  -49.6      3   0.09    260     40  326.1  326.5  326.1
  445.0   6744  -13.5  -52.5      2   0.07    258     36  327.2  327.5  327.2
  419.0   7195  -17.7  -36.4     18   0.41    255     31  327.5  329.1  327.6
  412.0   7322  -18.9  -31.9     31   0.64    255     31  327.6  330.0  327.7
  400.0   7540  -21.1  -32.1     37   0.65    255     32  327.5  329.9  327.6
  383.0   7859  -24.3  -35.3     35   0.50    263     38  327.4  329.3  327.5
  372.0   8072  -24.9  -51.9      6   0.09    268     42  329.3  329.7  329.3
  368.0   8150  -25.4  -51.9      7   0.09    270     44  329.6  330.0  329.6
  332.0   8889  -30.6  -52.4     10   0.09    265     63  332.3  332.7  332.3
  320.0   9153  -32.5  -52.5     12   0.09    269     59  333.2  333.6  333.3
  313.0   9309  -31.3  -57.3      6   0.05    271     57  337.0  337.3  337.1
  300.0   9610  -32.3  -61.3      4   0.03    275     53  339.7  339.9  339.7
  299.0   9634  -32.5  -60.5      4   0.04    275     53  339.8  339.9  339.8
  279.0  10112  -36.2  -62.3      5   0.03    275     48  341.2  341.4  341.2
  250.0  10870  -42.1  -65.1      6   0.02    260     53  343.3  343.4  343.3
  245.0  11005  -43.5  -66.5      6   0.02    258     55  343.2  343.3  343.2
  240.0  11142  -44.2  -67.7      6   0.02    255     57  344.2  344.3  344.2
  213.0  11931  -48.3  -74.3      3   0.01    266     55  349.8  349.8  349.8
  203.0  12243  -51.0  -76.3      3   0.01    270     54  350.3  350.3  350.3
  200.0  12340  -51.9  -76.9      3   0.01    270     54  350.4  350.4  350.4
  171.0  13338  -59.9  -79.9      6   0.00    258     58  353.2  353.2  353.2
  163.0  13637  -60.3                         254     59  357.4         357.4
  154.0  13988  -63.4                         250     60  357.9         357.9
  150.0  14150  -64.9                         250     59  358.1         358.1
  142.0  14482  -66.8                         260     53  360.4         360.4
  137.0  14699  -68.1                         263     58  361.8         361.8
  133.0  14876  -68.8                         265     63  363.6         363.6
  117.0  15640  -71.9                         265     47  371.5         371.5
  111.0  15951  -71.5                         267     45  377.9         377.9
  102.0  16445  -75.9                         270     43  378.7         378.7
  100.0  16560  -75.7                         265     43  381.2         381.2
   96.0  16795  -76.4                         245     38  384.3         384.3
   94.3  16898  -76.7                         250     33  385.7         385.7
   91.0  17104  -76.3                         260     23  390.4         390.4
   88.0  17298  -76.0                         260     27  394.8         394.8
   83.0  17635  -75.4                         270     21  402.7         402.7
   80.8  17790  -75.1                         255     21  406.4         406.4
   78.0  17996  -73.7                         235     21  413.5         413.5
   76.0  18148  -72.6                         235     20  418.8         418.8
   75.8  18163  -72.5                         234     19  419.3         419.3
   75.0  18226  -70.2                         230     17  425.4         425.4
   74.7  18250  -69.3                         226     16  427.8         427.8
   73.0  18388  -68.0                         200     10  433.2         433.2
   72.0  18470  -67.3                         190      7  436.5         436.5
   71.0  18555  -67.4                         180      3  438.1         438.1
   70.0  18640  -67.5                         155      3  439.6         439.6
   67.3  18878  -68.1                         168      7  443.3         443.3
   64.0  19183  -66.9                         185     12  452.3         452.3
   58.6  19719  -64.9                         145     19  468.4         468.4
   58.0  19782  -65.0                         140     20  469.5         469.5
   53.0  20332  -66.0                         120     30  479.6         479.6
   52.3  20414  -66.1                         113     30  481.1         481.1
   50.2  20665  -62.5                          92     28  495.2         495.2
   50.0  20690  -62.3                          90     28  496.2         496.2
   48.0  20942  -62.8                          90     22  500.9         500.9
   47.6  20993  -62.9                          91     23  501.8         501.8
   46.0  21205  -61.2                          95     29  510.9         510.9
   45.4  21286  -60.5                          90     29  514.5         514.5
   43.0  21626  -59.8                          70     31  524.2         524.2
   42.0  21773  -59.5                          75     30  528.4         528.4
   38.6  22301  -58.5                          58     19  544.0         544.0
   38.0  22399  -58.7                          55     17  546.0         546.0
   36.0  22737  -59.3                          80     20  552.9         552.9
   34.0  23095  -59.9                          87     22  560.4         560.4
   32.0  23475  -58.9                          95     25  572.7         572.7
   30.0  23880  -57.9                          85     26  586.2         586.2
   28.0  24320  -56.4                          80     34  602.2         602.2
   25.0  25043  -53.8                          95     34  629.2         629.2
   24.2  25251  -53.1                          92     35  637.2         637.2
   21.0  26165  -53.2                          80     37  663.1         663.1
   20.1  26448  -53.3                          84     40  671.3         671.3
   20.0  26480  -53.1                          85     40  672.9         672.9
   18.0  27164  -51.5                          90     39  698.4         698.4
   16.1  27887  -49.9                          86     42  726.3         726.3
   14.0  28801  -49.7                          80     45  756.5         756.5
   13.8  28895  -49.7                                     759.7         759.7
