
-----------------------------------------------------------------------------
   PRES   HGHT   TEMP   DWPT   RELH   MIXR   DRCT   SKNT   THTA   THTE   THTV
    hPa     m      C      C      %    g/kg    deg   knot     K      K      K 
-----------------------------------------------------------------------------
 1009.0      5   29.6   23.6     70  18.57     60      7  302.0  357.1  305.3
 1000.0     85   28.2   22.2     70  17.17     95      3  301.4  352.1  304.4
  984.0    228   26.4   21.9     76  17.13    120      3  300.9  351.5  304.0
  973.0    328   25.6   21.8     80  17.22    137      3  301.1  352.0  304.2
  951.0    530   24.6   20.7     79  16.45    172      4  302.1  350.8  305.0
  946.0    576   25.4   18.4     65  14.29    180      4  303.3  345.9  305.9
  925.0    774   24.6   14.6     54  11.42    215      4  304.5  338.8  306.6
  862.0   1390   22.2    2.2     27   5.23    202      6  308.1  324.6  309.1
  850.0   1511   21.2    2.2     28   5.30    200      6  308.3  325.0  309.3
  838.0   1632   20.1    2.0     30   5.29    200     10  308.4  325.1  309.4
  771.0   2342   13.5    0.6     41   5.22    210     10  308.8  325.2  309.8
  760.0   2464   12.4    0.4     44   5.21    206      9  308.8  325.2  309.8
  700.0   3146    6.0    0.0     65   5.50    180      6  309.1  326.4  310.1
  691.0   3252    5.0    0.3     72   5.69    156      5  309.1  327.0  310.2
  661.0   3614    2.4    0.4     87   6.00     72      2  310.1  329.0  311.3
  644.0   3825    1.4   -3.6     69   4.58     23      1  311.3  326.0  312.2
  636.0   3926    1.8  -16.2     25   1.71      0      0  312.9  318.7  313.2
  623.0   4092    1.2  -22.8     15   0.99    338      2  314.1  317.5  314.3
  617.0   4170    1.6  -26.4     10   0.72    327      3  315.4  318.0  315.5
  601.0   4381   -0.1  -26.1     12   0.76    299      5  315.8  318.6  315.9
  593.0   4489   -1.1  -11.1     47   2.78    285      6  315.9  325.1  316.4
  591.0   4516   -1.3  -11.3     47   2.74    281      6  315.9  325.1  316.4
  586.0   4583   -1.3  -21.3     20   1.20    272      7  316.7  320.9  316.9
  584.0   4611   -1.5  -15.5     34   1.97    269      7  316.8  323.5  317.1
  576.0   4721   -0.5  -35.5      5   0.32    254      9  319.2  320.4  319.3
  566.0   4861    0.2  -37.8      4   0.26    235     10  321.6  322.6  321.7
  532.0   5353   -4.1  -31.6     10   0.51    180      7  322.3  324.2  322.4
  521.0   5519   -5.5  -29.5     13   0.64    183      9  322.5  324.8  322.6
  500.0   5840   -8.3  -31.3     14   0.56    190     12  322.9  325.0  323.0
  450.0   6646  -14.1  -39.4     10   0.28    215     21  325.4  326.6  325.5
  437.0   6870  -15.7  -41.7      9   0.23    215     21  326.1  327.1  326.2
  415.0   7257  -19.5  -43.5     10   0.20    215     22  326.1  326.9  326.1
  414.0   7275  -19.6  -44.0     10   0.19    215     22  326.2  327.0  326.2
  406.0   7420  -20.3  -47.9      7   0.12    230     24  327.1  327.6  327.1
  400.0   7530  -20.9  -50.9      5   0.09    230     24  327.7  328.1  327.8
  383.0   7850  -21.7  -56.7      3   0.05    219     23  330.8  331.0  330.8
  377.0   7965  -22.7  -56.5      3   0.05    215     23  331.0  331.2  331.0
  367.0   8162  -24.3  -56.3      3   0.05    218     25  331.4  331.6  331.4
  362.0   8262  -24.1  -59.1      2   0.04    219     26  332.9  333.1  332.9
  338.0   8757  -28.3  -61.3      3   0.03    226     31  333.8  333.9  333.8
  323.0   9078  -30.5  -62.8      3   0.03    230     34  335.1  335.2  335.1
  307.0   9437  -33.0  -64.4      3   0.02    225     37  336.6  336.6  336.6
  300.0   9600  -34.1  -65.1      3   0.02    230     34  337.2  337.3  337.2
  289.0   9860  -35.7  -66.7      3   0.02    243     37  338.5  338.6  338.5
  287.0   9907  -36.0  -66.8      3   0.02    245     38  338.7  338.8  338.7
  250.0  10850  -42.7  -69.7      4   0.01    250     44  342.4  342.5  342.4
  239.0  11154  -43.7  -70.7      3   0.01    251     47  345.4  345.4  345.4
  222.0  11647  -48.3  -72.3      5   0.01    254     52  345.7  345.7  345.7
  214.0  11887  -49.7  -73.7      4   0.01    255     54  347.1  347.2  347.1
  200.0  12330  -52.3  -76.3      4   0.01    255     52  349.8  349.8  349.8
  170.0  13363  -58.9  -80.3      5   0.00    265     49  355.4  355.4  355.4
  166.0  13514  -59.9  -80.9      5   0.00    264     51  356.2  356.2  356.2
  150.0  14140  -64.3                         260     61  359.1         359.1
  148.0  14222  -65.1                         259     60  359.1         359.1
  123.0  15323  -70.2                         240     47  369.4         369.4
  116.0  15672  -71.8                         255     32  372.7         372.7
  108.0  16097  -73.7                         280     35  376.6         376.6
  105.0  16265  -74.5                         275     36  378.2         378.2
  100.0  16550  -72.7                         250     26  387.0         387.0
   97.0  16727  -73.3                         240     24  389.2         389.2
   91.0  17099  -74.7                         270     26  393.7         393.7
   85.0  17496  -76.1                         260     28  398.6         398.6
   84.0  17565  -76.3                         263     26  399.5         399.5
   82.0  17706  -75.5                         270     22  403.8         403.8
   79.0  17923  -74.3                         250     19  410.6         410.6
   77.0  18073  -73.5                         270     12  415.4         415.4
   74.2  18289  -72.3                         242      6  422.3         422.3
   74.0  18304  -72.4                         240      6  422.4         422.4
   72.0  18465  -73.3                         310      8  423.8         423.8
   70.0  18630  -74.3                         290     10  425.1         425.1
   69.8  18647  -74.3                         288     10  425.4         425.4
   69.0  18715  -74.0                         280     10  427.6         427.6
   67.0  18890  -73.0                         330     10  433.2         433.2
   62.0  19351  -70.7                         305      3  448.1         448.1
   60.0  19546  -69.7                         265     11  454.6         454.6
   57.0  19851  -68.1                         200     17  464.9         464.9
   54.1  20162  -66.5                         163     19  475.5         475.5
   52.0  20402  -66.3                         135     21  481.4         481.4
   50.0  20640  -66.1                         100     17  487.3         487.3
   49.0  20763  -65.9                         100     15  490.6         490.6
   46.0  21149  -65.3                          65     17  500.9         500.9
   45.0  21284  -65.1                          90     14  504.6         504.6
   43.0  21561  -64.7                          60     19  512.2         512.2
   41.2  21823  -64.3                          78     14  519.5         519.5
   41.0  21853  -64.2                          80     13  520.5         520.5
   40.0  22007  -63.7                          65     14  525.4         525.4
   39.0  22165  -63.2                          75     12  530.6         530.6
   38.0  22327  -62.6                          95     14  535.9         535.9
   35.0  22839  -60.9                          85     14  553.1         553.1
   34.0  23020  -60.3                         100     19  559.3         559.3
   33.0  23206  -59.7                          85     25  565.7         565.7
   31.0  23596  -58.4                          50     25  579.4         579.4
   30.0  23800  -57.7                          75     19  586.8         586.8
   29.0  24014  -56.6                          60     22  595.5         595.5
   28.9  24036  -56.5                          62     21  596.4         596.4
   28.0  24236  -56.5                          80     14  601.8         601.8
   23.3  25401  -56.5                          61     16  634.2         634.2
   23.0  25484  -56.1                          60     16  637.9         637.9
   22.0  25769  -54.5                         100     12  650.5         650.5
   21.0  26067  -53.0                         120     16  664.0         664.0
   20.0  26380  -51.3                         110     21  678.4         678.4
   19.0  26716  -49.2                         110     26  694.8         694.8
   18.2  26998  -47.5                          94     28  708.9         708.9
   18.0  27071  -47.3                          90     29  711.7         711.7
   16.0  27854  -45.2                          90     37  743.1         743.1
   15.6  28022  -44.7                                     750.0         750.0
