
-----------------------------------------------------------------------------
   PRES   HGHT   TEMP   DWPT   RELH   MIXR   DRCT   SKNT   THTA   THTE   THTV
    hPa     m      C      C      %    g/kg    deg   knot     K      K      K 
-----------------------------------------------------------------------------
 1018.0      5   25.2   17.2     61  12.27    160      7  296.8  332.5  299.0
 1000.0    159   22.2   16.2     69  11.71    170     11  295.4  329.2  297.4
  995.0    202   21.8   16.1     70  11.69    170     11  295.4  329.2  297.5
  943.0    666   17.7   15.0     84  11.48    105     13  295.7  329.0  297.8
  935.0    739   17.0   14.8     87  11.44    105     13  295.8  328.9  297.8
  925.0    831   16.4   13.1     81  10.34    105     13  296.1  326.1  297.9
  893.0   1130   14.4    8.4     67   7.80    109     15  297.0  320.0  298.4
  871.0   1340   12.6    9.5     81   8.63    112     16  297.2  322.6  298.8
  850.0   1545   11.4    8.2     81   8.09    115     17  298.1  322.0  299.5
  820.0   1845    9.6    6.5     81   7.46    120     16  299.2  321.5  300.6
  779.0   2269    6.0    5.1     94   7.12    128     14  299.8  321.1  301.1
  771.0   2354    5.2    3.1     86   6.24    130     14  299.8  318.6  300.9
  769.0   2375    6.2    0.1     65   5.04    130     14  301.1  316.5  302.0
  764.0   2429    8.6   -7.4     31   2.88    135     14  304.3  313.5  304.8
  753.0   2549    9.2  -19.8     11   1.06    147     13  306.2  309.8  306.4
  732.0   2783   10.0  -33.0      3   0.33    170     11  309.6  310.8  309.6
  700.0   3152    7.4  -31.6      4   0.39    160     11  310.6  312.1  310.7
  683.0   3352    6.3  -31.4      5   0.41    155     10  311.6  313.1  311.7
  663.0   3593    5.0  -31.2      5   0.43    135      7  312.8  314.3  312.8
  602.0   4377    0.6  -30.4      8   0.51    149     10  316.5  318.4  316.6
  599.0   4417    0.8  -35.1      5   0.33    150     10  317.2  318.4  317.2
  591.0   4525    1.4  -47.6      1   0.09    159     12  319.1  319.4  319.1
  572.0   4787    0.4  -35.3      5   0.33    180     16  320.9  322.2  321.0
  564.0   4900    0.0  -30.0      8   0.56    182     17  321.7  323.8  321.8
  531.0   5379   -4.3  -25.3     18   0.93    188     22  322.1  325.5  322.3
  500.0   5850   -8.1  -28.1     18   0.76    195     26  323.1  325.9  323.2
  463.0   6441  -12.9  -33.0     17   0.52    205     26  324.2  326.2  324.3
  459.0   6507  -13.5  -33.5     17   0.50    205     26  324.4  326.2  324.4
  418.0   7213  -17.7  -49.7      4   0.10    200     22  327.8  328.2  327.8
  416.0   7248  -18.0  -50.0      4   0.10    200     22  327.8  328.2  327.8
  400.0   7540  -20.5  -52.5      4   0.07    215     23  328.3  328.6  328.3
  398.0   7576  -20.8  -52.5      4   0.07    215     23  328.3  328.7  328.4
  334.0   8831  -31.2  -54.4      8   0.07    200     43  331.0  331.3  331.1
  300.0   9600  -37.5  -55.5     14   0.07    215     57  332.4  332.7  332.4
  293.0   9762  -38.3  -55.3     15   0.07    222     61  333.5  333.8  333.5
  281.0  10049  -36.5  -68.5      2   0.01    235     69  340.1  340.2  340.1
  259.0  10608  -38.5  -73.9      1   0.01    250     63  345.2  345.3  345.2
  250.0  10850  -39.3  -76.3      1   0.00    250     64  347.5  347.5  347.5
  235.0  11272  -41.8  -78.1      1   0.00    245     72  349.9  349.9  349.9
  230.0  11418  -42.7  -78.7      1   0.00    246     70  350.7  350.7  350.7
  204.0  12218  -48.2  -82.5      1   0.00    250     57  354.3  354.3  354.3
  200.0  12350  -49.1  -83.1      1   0.00    255     56  354.9  354.9  354.9
  172.0  13314  -57.1  -88.8      1   0.00    250     65  357.3  357.3  357.3
  163.0  13657  -59.9  -90.9      1   0.00    252     61  358.1  358.1  358.1
  150.0  14170  -64.3                         255     55  359.1         359.1
  141.0  14546  -67.1                         255     54  360.6         360.6
  119.0  15548  -72.3                         255     34  368.9         368.9
  109.0  16066  -75.0                         270     28  373.2         373.2
  104.0  16343  -76.5                         255     31  375.4         375.4
  100.0  16570  -75.7                         255     22  381.2         381.2
   93.3  16970  -77.3                         260     23  385.7         385.7
   93.0  16989  -77.2                         260     23  386.2         386.2
   86.0  17441  -75.7                         225     10  398.0         398.0
   82.5  17682  -74.9                         319      3  404.4         404.4
   81.0  17788  -75.5                           0      0  405.2         405.2
   77.5  18043  -77.1                         356      9  407.1         407.1
   77.0  18081  -75.5                         355     10  411.2         411.2
   76.5  18119  -73.9                         354     10  415.3         415.3
   74.0  18314  -73.2                         350     13  420.7         420.7
   73.0  18394  -73.0                         340     10  422.9         422.9
   70.0  18640  -72.1                         180      9  429.8         429.8
   66.1  18981  -68.9                         110     13  443.9         443.9
   64.0  19176  -68.5                          70     15  448.9         448.9
   59.0  19669  -67.3                         100     15  462.0         462.0
   55.0  20093  -66.4                          90     16  473.5         473.5
   51.0  20550  -65.4                         110     16  486.3         486.3
   50.0  20670  -65.1                         105     20  489.7         489.7
   48.1  20906  -64.7                          96     20  496.1         496.1
   48.0  20919  -64.6                          95     20  496.6         496.6
   46.0  21182  -62.5                         105     21  507.6         507.6
   43.9  21470  -60.3                          88     27  519.9         519.9
   43.0  21599  -60.8                          80     29  521.9         521.9
   41.6  21805  -61.5                          83     30  525.0         525.0
   39.0  22211  -59.2                          90     31  540.5         540.5
   35.1  22873  -55.5                          75     31  566.7         566.7
   35.0  22892  -55.5                          75     31  567.3         567.3
   30.0  23880  -53.1                          75     34  599.3         599.3
   28.0  24332  -51.7                          85     34  615.1         615.1
   26.0  24818  -50.2                          75     36  632.6         632.6
   21.0  26217  -45.8                          95     27  685.6         685.6
   20.7  26311  -45.5                          94     28  689.3         689.3
   20.0  26540  -46.1                          90     29  694.3         694.3
   19.0  26882  -45.7                          75     33  705.6         705.6
   16.0  28028  -44.5                          80     36  745.1         745.1
   15.9  28070  -44.5                                     746.5         746.5
