
-----------------------------------------------------------------------------
   PRES   HGHT   TEMP   DWPT   RELH   MIXR   DRCT   SKNT   THTA   THTE   THTV
    hPa     m      C      C      %    g/kg    deg   knot     K      K      K 
-----------------------------------------------------------------------------
 1010.0      5   21.8   13.8     60   9.91    220      4  294.1  322.7  295.9
 1002.0     75   20.0   13.0     64   9.47    248      5  293.0  320.3  294.6
 1000.0     93   20.0   13.0     64   9.49    255      5  293.1  320.5  294.8
  925.0    762   16.6    8.6     59   7.63    275      8  296.3  318.7  297.6
  922.0    790   16.4    8.4     59   7.55    276      8  296.4  318.6  297.7
  850.0   1476   11.6    5.6     67   6.75    310      6  298.3  318.4  299.5
  822.0   1755    9.4    5.3     76   6.84    282      9  298.8  319.2  300.1
  810.0   1878   10.0    0.2     51   4.83    270     10  300.7  315.4  301.6
  801.0   1971   10.4   -3.6     37   3.68    267     10  302.1  313.6  302.8
  776.0   2233    9.8   -8.4     27   2.63    260     10  304.2  312.7  304.7
  746.0   2560    9.1  -14.3     18   1.70    270      8  306.9  312.5  307.2
  733.0   2705    8.8  -17.0     14   1.39    285     11  308.1  312.8  308.4
  710.0   2969    8.2  -21.8     10   0.95    313     12  310.3  313.6  310.4
  708.0   2992    8.0  -22.4     10   0.90    315     12  310.4  313.5  310.5
  700.0   3086    7.4  -24.6      8   0.75    320     14  310.6  313.3  310.8
  697.0   3121    7.2  -24.7      8   0.75    320     15  310.8  313.4  310.9
  678.0   3346    5.8  -25.2      9   0.74    295     17  311.7  314.4  311.9
  617.0   4112    1.2  -26.8     10   0.70    315     28  314.9  317.4  315.1
  616.0   4125    1.2  -27.7     10   0.64    315     28  315.1  317.4  315.2
  593.0   4431    0.4  -48.6      1   0.08    310     30  317.6  317.9  317.6
  573.0   4705   -0.7  -36.7      5   0.29    305     32  319.4  320.6  319.5
  560.0   4888   -2.1   -8.1     63   3.73    302     34  319.9  332.3  320.6
  549.0   5045   -3.5   -6.8     78   4.21    300     35  320.0  334.0  320.9
  510.0   5624   -6.7   -9.5     80   3.67    290     39  323.0  335.4  323.8
  500.0   5780   -7.5  -10.2     81   3.54    285     46  323.8  335.9  324.5
  495.0   5858   -8.1  -10.1     86   3.60    287     48  324.0  336.3  324.7
  491.0   5922   -7.7  -13.7     62   2.72    288     50  325.3  334.7  325.8
  486.0   6001   -8.1  -13.8     64   2.73    290     52  325.8  335.2  326.3
  473.0   6212   -9.1  -14.0     68   2.75    291     50  327.0  336.6  327.6
  438.0   6802  -14.1  -15.7     88   2.59    295     44  328.0  337.1  328.5
  431.0   6926  -15.1  -16.0     93   2.56    294     45  328.2  337.2  328.7
  423.0   7068  -14.7  -18.6     72   2.10    293     46  330.5  338.0  330.9
  410.0   7304  -16.1  -21.1     65   1.74    291     48  331.6  338.0  332.0
  400.0   7490  -17.5  -22.5     65   1.58    290     49  332.2  337.9  332.5
  368.0   8107  -23.5  -26.5     76   1.20    292     57  332.2  336.6  332.4
  330.0   8895  -29.7  -38.7     41   0.41    295     67  334.2  335.8  334.3
  326.0   8982  -29.7  -46.7     18   0.18    293     66  335.3  336.1  335.4
  311.0   9316  -31.9  -59.9      5   0.04    286     60  336.8  337.0  336.8
  300.0   9570  -32.5  -67.5      2   0.01    280     56  339.4  339.5  339.5
  292.0   9759  -32.5  -68.5      2   0.01    280     54  342.1  342.1  342.1
  280.0  10049  -34.5  -69.6      2   0.01    280     51  343.4  343.5  343.4
  253.0  10748  -39.1  -72.4      2   0.01    270     55  346.5  346.6  346.6
  250.0  10830  -39.7  -72.7      2   0.01    270     56  346.9  346.9  346.9
  220.0  11684  -45.8  -76.5      2   0.01    275     36  350.4  350.5  350.4
  209.0  12026  -48.2  -78.0      2   0.00    280     42  351.8  351.8  351.8
  200.0  12320  -50.3  -79.3      2   0.00    270     46  352.9  353.0  353.0
  199.0  12353  -50.5  -79.5      2   0.00    265     46  353.2  353.2  353.2
  196.0  12452  -50.9  -79.9      2   0.00    268     44  354.0  354.1  354.0
  182.0  12924  -54.6  -81.6      2   0.00    280     34  355.5  355.6  355.5
  164.0  13589  -59.9  -83.9      3   0.00    270     28  357.4  357.5  357.4
  160.0  13741  -61.2                         280     26  357.9         357.9
  157.0  13858  -62.1                         285     28  358.2         358.2
  151.0  14099  -64.1                         285     32  358.8         358.8
  150.0  14140  -64.5                         285     33  358.8         358.8
  124.0  15276  -69.1                         300     37  370.5         370.5
  105.0  16269  -73.1                         260     23  380.9         380.9
  103.0  16384  -73.6                         270     13  382.1         382.1
  100.0  16560  -74.3                         315     11  383.9         383.9
   98.0  16677  -74.8                         335     14  385.1         385.1
   95.0  16858  -75.6                         315     18  386.9         386.9
   94.8  16870  -75.7                         315     18  387.1         387.1
   93.0  16980  -75.9                         305     17  388.9         388.9
   91.0  17106  -76.0                         320     14  390.9         390.9
   87.0  17365  -76.4                         295     15  395.2         395.2
   86.4  17405  -76.5                         286     14  395.9         395.9
   84.0  17568  -75.5                         250     10  401.1         401.1
   82.0  17708  -74.6                           0      0  405.7         405.7
   79.0  17925  -73.2                          30     10  412.9         412.9
   78.7  17947  -73.1                          29     10  413.6         413.6
   77.0  18074  -73.4                          25     11  415.6         415.6
   75.0  18228  -73.8                          70     10  417.9         417.9
   72.0  18466  -74.3                          85     15  421.6         421.6
   70.1  18622  -74.7                          57     13  424.1         424.1
   70.0  18630  -74.7                          55     13  424.2         424.2
   68.0  18803  -73.6                          10     16  430.1         430.1
   66.0  18982  -72.5                          60     13  436.1         436.1
   63.0  19260  -70.9                          45     22  445.7         445.7
   61.0  19452  -69.7                          45     16  452.4         452.4
   59.0  19651  -68.5                          10     10  459.5         459.5
   58.0  19754  -67.8                          45     11  463.1         463.1
   57.0  19858  -67.2                          45     23  466.9         466.9
   54.0  20181  -65.2                          30     10  478.7         478.7
   53.5  20236  -64.9                          42      8  480.7         480.7
   53.0  20294  -64.9                          55      5  482.0         482.0
   50.0  20650  -65.1                          90      6  489.7         489.7
   48.0  20899  -64.3                          75     10  497.3         497.3
   47.0  21028  -63.9                          60     15  501.3         501.3
   46.0  21159  -63.5                          60     10  505.4         505.4
   44.7  21334  -62.9                          44      4  510.9         510.9
   44.0  21432  -62.4                          35      1  514.4         514.4
   40.3  21975  -59.9                         111      6  533.8         533.8
   37.0  22503  -60.7                         185     10  544.9         544.9
   36.0  22673  -61.0                         170     16  548.5         548.5
   34.0  23026  -61.5                         135     10  556.1         556.1
   30.1  23780  -62.7                         116     11  572.6         572.6
   30.0  23800  -62.3                         115     11  574.2         574.2
   29.0  24014  -61.1                          80     11  583.0         583.0
   28.0  24235  -59.9                          80     16  592.3         592.3
   25.0  24949  -56.0                          15     10  623.0         623.0
   23.4  25366  -53.7                           3      2  641.6         641.6
   23.0  25476  -54.0                           0      0  644.0         644.0
   22.0  25761  -54.6                         300     10  650.2         650.2
   21.0  26058  -55.3                         300     10  656.8         656.8
   20.5  26212  -55.7                         330      8  660.3         660.3
   20.0  26370  -54.9                           0      6  667.4         667.4
   19.0  26700  -54.2                         335     10  679.4         679.4
   18.0  27048  -53.5                         300     12  692.2         692.2
   17.0  27416  -52.7                         330     15  706.0         706.0
   16.0  27807  -51.9                         290     21  721.0         721.0
   15.5  28011  -51.5                                     729.0         729.0
