
-----------------------------------------------------------------------------
   PRES   HGHT   TEMP   DWPT   RELH   MIXR   DRCT   SKNT   THTA   THTE   THTV
    hPa     m      C      C      %    g/kg    deg   knot     K      K      K 
-----------------------------------------------------------------------------
 1015.0      5   26.8   18.8     62  13.64    145      5  298.7  338.6  301.1
 1007.0     76   24.8   16.8     61  12.09    134     11  297.4  332.6  299.5
 1000.0    138   24.2   17.2     65  12.50    125     16  297.4  333.8  299.6
  998.0    155   24.1   17.2     65  12.51    130     16  297.4  333.8  299.6
  981.0    305   22.8   17.0     70  12.59    145     12  297.6  334.3  299.8
  967.0    431   21.8   16.9     74  12.67    125     10  297.8  334.7  300.0
  949.0    595   20.4   16.7     79  12.76    152     12  298.0  335.2  300.3
  944.0    641   20.0   15.5     75  11.83    160     12  298.0  332.6  300.1
  937.0    705   19.4   13.7     70  10.62    150      9  298.0  329.2  299.9
  935.0    723   19.2   13.2     68  10.30    144     10  298.0  328.2  299.9
  932.0    751   19.0   13.9     73  10.83    135     11  298.1  329.8  300.0
  925.0    816   18.4   15.6     84  12.19    145     15  298.1  333.8  300.3
  918.0    881   17.9   14.6     81  11.50    150     14  298.2  331.9  300.3
  898.0   1069   16.4   11.7     73   9.67    125     13  298.6  327.1  300.4
  895.0   1098   16.2   11.2     72   9.42    127     13  298.7  326.4  300.4
  862.0   1417   14.6    8.6     68   8.22    155     11  300.2  324.7  301.7
  859.0   1446   14.4    8.4     67   8.11    155     13  300.3  324.5  301.8
  850.0   1535   13.0    9.2     78   8.66    155     21  299.8  325.5  301.3
  849.0   1545   13.2    8.3     72   8.15    156     21  300.1  324.4  301.5
  847.0   1565   15.6    7.6     59   7.79    158     22  302.8  326.3  304.2
  844.0   1595   16.0    4.0     45   6.07    161     24  303.5  322.1  304.6
  834.0   1696   16.2    0.0     33   4.61    170     29  304.7  319.1  305.6
  832.0   1717   16.2   -0.8     31   4.36    170     29  305.0  318.6  305.8
  822.0   1819   16.4    1.4     36   5.18    173     28  306.2  322.4  307.2
  789.0   2166   13.2    1.0     43   5.25    180     27  306.4  322.8  307.4
  787.0   2187   13.0    1.0     44   5.26    180     27  306.4  322.8  307.4
  770.0   2371   12.6  -13.4     15   1.78    177     25  307.9  313.8  308.2
  761.0   2469   12.2  -22.3      7   0.84    175     24  308.5  311.5  308.7
  746.0   2635   11.6  -37.4      2   0.21    155     21  309.6  310.4  309.7
  723.0   2897   13.2  -35.8      2   0.25    123     16  314.1  315.1  314.2
  721.0   2920   13.1  -35.9      2   0.25    120     16  314.3  315.3  314.4
  713.0   3014   12.9  -36.1      2   0.25    125     14  315.0  316.0  315.1
  704.0   3120   12.5  -36.5      2   0.24    140     18  315.8  316.8  315.9
  700.0   3168   12.4  -36.6      2   0.24    140     21  316.2  317.1  316.2
  688.0   3313   12.2  -36.8      2   0.24    135     22  317.5  318.4  317.6
  676.0   3458   11.2  -37.2      2   0.23    130     24  318.0  318.9  318.1
  645.0   3844    8.5  -38.4      2   0.22    135     17  319.3  320.1  319.3
  633.0   3999    7.5  -38.9      2   0.21    150     19  319.8  320.6  319.8
  608.0   4330    5.2  -39.9      2   0.20    135     19  320.9  321.6  320.9
  587.0   4620    3.2  -40.8      2   0.19    152     23  321.8  322.5  321.8
  584.0   4661    3.1  -41.0      2   0.18    155     24  322.1  322.8  322.1
  554.0   5087    1.8  -42.8      2   0.16    150     26  325.5  326.2  325.6
  539.0   5308    1.2  -43.8      2   0.15    162     28  327.3  327.9  327.4
  529.0   5459    1.1  -34.0      5   0.41    170     29  328.9  330.5  329.0
  524.0   5535    1.0  -29.0      9   0.67    165     27  329.8  332.3  329.9
  518.0   5627    0.2  -27.6     10   0.77    160     24  329.9  332.8  330.0
  500.0   5910   -2.3  -23.3     18   1.18    170     30  330.2  334.5  330.4
  492.0   6037   -3.3  -22.0     22   1.34    175     33  330.4  335.4  330.7
  467.0   6448   -6.7  -17.7     41   2.05    168     29  331.2  338.6  331.6
  421.0   7250  -11.8  -26.5     29   1.05    155     20  334.6  338.6  334.8
  417.0   7324  -12.3  -27.3     27   0.98    157     21  334.9  338.6  335.1
  400.0   7640  -15.3  -28.3     32   0.93    165     24  335.0  338.6  335.2
  374.0   8142  -19.7  -27.7     49   1.06    170     28  335.7  339.7  335.9
  372.0   8181  -19.9  -28.7     46   0.97    170     28  335.9  339.6  336.1
  351.0   8609  -22.1  -39.1     20   0.37    155     29  338.6  340.1  338.7
  344.0   8755  -23.2  -40.4     19   0.33    150     30  339.1  340.4  339.1
  314.0   9416  -28.1  -46.1     16   0.20    160     35  341.2  342.0  341.2
  300.0   9740  -30.7  -46.7     19   0.19    165     37  342.0  342.8  342.0
  296.0   9835  -31.6  -46.8     21   0.19    165     38  342.1  342.9  342.1
  290.0   9980  -32.9  -46.9     23   0.19    159     36  342.2  343.0  342.2
  276.0  10326  -34.8  -54.4     12   0.09    145     31  344.3  344.6  344.3
  270.0  10480  -35.7  -57.7      9   0.06    144     32  345.2  345.4  345.2
  256.0  10847  -38.9  -58.8     10   0.05    140     33  345.8  346.0  345.8
  250.0  11010  -40.3  -59.3     11   0.05    145     33  346.0  346.2  346.0
  235.0  11431  -43.9  -58.9     17   0.06    155     36  346.7  347.0  346.8
  228.0  11631  -45.4  -60.6     16   0.05    160     38  347.4  347.6  347.4
  200.0  12500  -52.1  -68.1     13   0.02    155     35  350.1  350.2  350.1
  194.0  12696  -53.4  -68.0     15   0.02    150     35  351.0  351.1  351.0
  192.0  12762  -53.9  -67.9     16   0.02    151     35  351.3  351.4  351.3
  168.0  13605  -59.9  -75.9     11   0.01    159     38  355.0  355.0  355.0
  152.0  14220  -65.3                         165     40  356.1         356.1
  150.0  14300  -65.5                         165     40  357.1         357.1
  140.0  14720  -65.9                         142     27  363.5         363.5
  133.0  15023  -68.3                         125     17  364.5         364.5
  126.0  15343  -70.9                         140     10  365.5         365.5
  121.0  15583  -72.8                         165      5  366.3         366.3
  115.0  15884  -75.2                         210     10  367.2         367.2
  111.0  16093  -76.9                         210     14  367.8         367.8
  107.0  16303  -77.7                         180     18  370.1         370.1
  100.0  16690  -79.3                         175     24  374.3         374.3
   97.0  16861  -79.9                         160     25  376.3         376.3
   87.0  17472  -82.2                          60     10  383.6         383.6
   86.6  17498  -82.3                          55      9  383.9         383.9
   84.0  17670  -81.7                         270      1  388.6         388.6
   78.0  18086  -80.1                         130     10  400.1         400.1
   75.1  18299  -79.3                         112     14  406.2         406.2
   74.0  18383  -78.7                         105     15  409.1         409.1
   72.0  18539  -77.6                          75     15  414.6         414.6
   70.0  18700  -76.5                          95     15  420.4         420.4
   68.0  18869  -75.0                          75     18  427.1         427.1
   66.0  19043  -73.5                          90     21  434.1         434.1
   65.0  19132  -72.7                          85     26  437.7         437.7
   64.5  19177  -72.3                          83     25  439.5         439.5
   63.0  19316  -73.0                          75     20  441.0         441.0
   61.4  19467  -73.7                          87     18  442.7         442.7
   61.0  19506  -73.4                          90     17  444.2         444.2
   60.0  19605  -72.5                         105     22  448.2         448.2
   58.0  19808  -70.8                          90     32  456.4         456.4
   56.0  20018  -69.0                          75     25  465.1         465.1
   53.0  20347  -66.3                          85     18  478.9         478.9
   51.8  20484  -65.1                          83     20  484.7         484.7
   50.0  20700  -64.9                          80     23  490.1         490.1
   49.0  20825  -64.5                          80     22  494.0         494.0
   48.0  20952  -64.0                          95     24  497.9         497.9
   46.0  21214  -63.1                          85     24  506.2         506.2
   43.0  21630  -61.7                          90     26  519.6         519.6
   41.0  21924  -60.7                          70     29  529.2         529.2
   40.0  22076  -60.2                          95     24  534.3         534.3
   38.4  22328  -59.3                          89     25  542.7         542.7
   35.0  22911  -58.2                          75     26  560.0         560.0
   33.0  23281  -57.6                          50     24  571.3         571.3
   30.0  23880  -56.5                          85     25  590.0         590.0
   25.0  25050  -53.8                          90     37  629.2         629.2
   23.0  25584  -52.6                          85     30  648.0         648.0
   21.3  26077  -51.5                          93     29  665.7         665.7
   21.0                                        95     29                     
