
-----------------------------------------------------------------------------
   PRES   HGHT   TEMP   DWPT   RELH   MIXR   DRCT   SKNT   THTA   THTE   THTV
    hPa     m      C      C      %    g/kg    deg   knot     K      K      K 
-----------------------------------------------------------------------------
 1020.0      5   19.4   15.0     76  10.62    210      9  290.9  321.1  292.8
 1012.0     73   18.4   13.6     74   9.76    204      9  290.6  318.3  292.3
 1000.0    175   17.6   13.7     78   9.94    195      9  290.8  319.1  292.5
  986.0    295   16.3   13.3     82   9.86    195      9  290.7  318.7  292.4
  980.0    347   15.8   13.2     85   9.82    197      9  290.6  318.6  292.3
  963.0    496   14.8   11.5     81   8.92    201     10  291.1  316.6  292.6
  959.0    531   15.0   10.0     72   8.10    202     10  291.6  314.9  293.0
  947.0    638   14.4    9.0     70   7.67    205     10  292.0  314.2  293.4
  925.0    836   13.2    7.2     67   6.93    220      9  292.8  313.0  294.0
  921.0    872   13.0    6.0     62   6.40    222      9  293.0  311.7  294.1
  914.0    937   12.6    6.4     66   6.64    225     10  293.2  312.6  294.4
  904.0   1029   12.0    7.0     71   7.00    231     11  293.5  313.9  294.7
  883.0   1226   11.2    4.2     62   5.89    244     13  294.6  312.0  295.7
  866.0   1388   10.4    4.6     67   6.18    255     14  295.4  313.7  296.5
  850.0   1543    9.6    5.0     73   6.47    280     11  296.2  315.3  297.4
  818.0   1861    7.8    5.8     87   7.10    325     12  297.6  318.6  298.8
  804.0   2003    7.0    6.1     94   7.40    331     15  298.2  320.1  299.5
  795.0   2096    7.2    5.0     86   6.92    335     17  299.3  320.0  300.6
  785.0   2201    9.8  -17.2     13   1.27    329     19  303.2  307.4  303.4
  774.0   2318   10.8  -38.2      2   0.18    322     21  305.5  306.2  305.6
  751.0   2568    9.4  -39.6      2   0.16    307     25  306.6  307.3  306.7
  719.0   2926    7.0  -42.0      2   0.13    285     32  307.9  308.4  307.9
  700.0   3146    5.6  -43.4      1   0.12    280     41  308.6  309.1  308.7
  688.0   3287    5.0  -38.0      3   0.21    280     43  309.5  310.3  309.6
  657.0   3661    1.6  -31.4      7   0.42    281     49  309.8  311.3  309.9
  635.0   3934   -0.7   -7.7     59   3.39    282     53  310.2  321.1  310.8
  629.0   4010   -0.7  -17.7     26   1.52    282     54  311.0  316.2  311.3
  627.0   4036   -0.7  -13.7     37   2.13    282     55  311.3  318.4  311.7
  608.0   4281   -2.9   -4.1     91   4.67    283     58  311.5  326.4  312.4
  600.0   4386   -3.5   -8.3     69   3.42    283     60  312.0  323.2  312.7
  595.0   4452   -3.3  -22.3     21   1.08    283     61  313.0  316.8  313.2
  577.0   4694   -5.3  -22.3     25   1.11    284     65  313.4  317.3  313.6
  571.0   4776   -5.1  -37.1      6   0.28    284     66  314.6  315.6  314.6
  558.0   4957   -5.7  -16.7     42   1.87    285     69  316.0  322.3  316.3
  550.0   5070   -6.5  -19.5     35   1.49    285     71  316.3  321.5  316.6
  549.0   5085   -6.6  -17.6     41   1.76    285     71  316.4  322.4  316.7
  546.0   5127   -6.9  -11.7     69   2.87    287     70  316.5  326.1  317.1
  540.0   5214   -7.7  -10.2     82   3.28    290     69  316.6  327.4  317.2
  522.0   5477   -9.1  -10.8     87   3.24    300     66  318.0  328.8  318.6
  509.0   5672  -10.1  -11.2     92   3.21    297     68  319.0  329.8  319.6
  500.0   5810  -10.9  -14.6     74   2.48    295     70  319.7  328.1  320.2
  493.0   5918  -11.1  -21.1     44   1.45    294     71  320.7  325.8  321.0
  490.0   5965  -11.1  -32.1     16   0.53    294     71  321.3  323.3  321.4
  484.0   6059  -11.1  -49.1      3   0.09    293     71  322.4  322.8  322.4
  475.0   6203  -12.1  -24.1     36   1.15    293     72  322.9  327.1  323.1
  450.0   6610  -15.4  -24.1     47   1.22    290     74  323.8  328.2  324.0
  417.0   7183  -20.1  -24.1     70   1.31    303     79  324.9  329.6  325.1
  400.0   7490  -21.3  -24.1     78   1.37    310     81  327.2  332.2  327.5
  399.0   7509  -21.3  -23.8     80   1.41    310     81  327.4  332.6  327.7
  387.0   7734  -22.3  -26.8     67   1.11    315     84  329.0  333.1  329.2
  370.0   8064  -25.3  -27.6     81   1.08    313     85  329.3  333.3  329.5
  349.0   8487  -28.3  -32.5     67   0.72    311     87  330.8  333.5  330.9
  347.0   8528  -28.3  -37.3     42   0.45    311     87  331.3  333.1  331.4
  339.0   8696  -28.5  -48.5     13   0.14    310     88  333.2  333.8  333.3
  300.0   9560  -36.5  -50.5     22   0.12    305     91  333.8  334.3  333.8
  262.0  10479  -43.9  -56.9     22   0.07    301     97  336.1  336.4  336.1
  250.0  10790  -46.7  -55.7     35   0.08    300     99  336.5  336.9  336.5
  245.0  10923  -48.1  -55.1     44   0.09    299    101  336.4  336.7  336.4
  232.0  11280  -50.9  -54.7     64   0.10    297    106  337.4  337.8  337.4
  223.0  11537  -51.5  -63.2     23   0.03    295    109  340.3  340.5  340.3
  214.0  11804  -52.1  -72.1      7   0.01    290    105  343.4  343.4  343.4
  206.0  12049  -52.7  -76.6      4   0.01    285    102  346.3  346.3  346.3
  200.0  12240  -53.1  -80.1      2   0.00    285    102  348.5  348.5  348.5
  196.0  12370  -53.3  -81.3      2   0.00    285    100  350.2  350.2  350.2
  168.0  13347  -59.9  -83.9      3   0.00    288     88  355.0  355.0  355.0
  150.0  14050  -62.5                         290     79  362.2         362.2
  139.0  14517  -65.7                         285     74  364.6         364.6
  138.0  14561  -65.8                         285     74  365.1         365.1
  128.0  15016  -66.8                         300     68  371.2         371.2
  117.0  15560  -68.1                         295     73  378.5         378.5
  107.0  16105  -63.4                         295     52  397.2         397.2
  106.0  16162  -62.9                         292     52  399.2         399.2
  100.0  16520  -65.1                         270     49  401.7         401.7
   91.0  17092  -66.4                         285     20  410.1         410.1
   89.0  17227  -66.7                         310     23  412.1         412.1
   86.6  17393  -67.1                         310     27  414.5         414.5
   86.0  17435  -66.8                         310     28  416.0         416.0
   82.0  17726  -64.4                         305     21  426.5         426.5
   79.8  17892  -63.1                         316     17  432.6         432.6
   76.0  18189  -65.2                         335     11  434.2         434.2
   73.4  18402  -66.7                         325     10  435.4         435.4
   72.0  18519  -66.0                         320      9  439.4         439.4
   70.0  18690  -64.9                         330     11  445.2         445.2
   68.0  18869  -64.3                         335     17  450.1         450.1
   67.0  18960  -64.0                         315     16  452.7         452.7
   65.0  19147  -63.4                         250     18  457.9         457.9
   63.0  19339  -62.8                         240     10  463.4         463.4
   57.0  19956  -60.8                         110      1  481.4         481.4
   55.5  20120  -60.3                          96      2  486.2         486.2
   50.0  20770  -60.7                          40      6  500.0         500.0
   48.0  21026  -60.4                          40     10  506.5         506.5
   46.0  21292  -60.2                          35     10  513.3         513.3
   38.0  22489  -59.0                         135     10  545.2         545.2
   37.0  22656  -58.8                         110     12  549.8         549.8
   35.0  23004  -58.5                          90     18  559.5         559.5
   34.0  23186  -58.3                          55     18  564.6         564.6
   33.0  23373  -58.1                          75     17  569.9         569.9
   32.0  23566  -57.9                          65     22  575.5         575.5
   30.0  23970  -57.5                          50     13  587.3         587.3
   29.7  24033  -57.9                          54     13  587.9         587.9
   29.0  24185  -57.4                          65     14  593.2         593.2
   27.0  24640  -56.1                          40     14  609.2         609.2
   25.0  25130  -54.6                          65     11  627.0         627.0
   24.0  25390  -53.8                          65     11  636.6         636.6
   23.6  25497  -53.5                          55     11  640.6         640.6
   23.0  25662  -53.6                          40     10  645.1         645.1
   20.0  26560  -54.1                         105      2  669.8         669.8
   17.7  27343  -54.1                                     693.6         693.6
   14.0  28870  -47.3                                     764.7         764.7
