
-----------------------------------------------------------------------------
   PRES   HGHT   TEMP   DWPT   RELH   MIXR   DRCT   SKNT   THTA   THTE   THTV
    hPa     m      C      C      %    g/kg    deg   knot     K      K      K 
-----------------------------------------------------------------------------
 1016.0      5   26.0   17.0     58  12.14    125      7  297.8  333.3  300.0
 1000.0    146   23.4   15.4     61  11.12    120     16  296.6  328.9  298.5
  975.0    366   21.0   15.0     69  11.11    129     11  296.3  328.6  298.3
  973.0    384   20.9   14.9     69  11.07    130     11  296.3  328.5  298.3
  961.0    491   20.0   14.4     70  10.84    110     12  296.5  328.0  298.4
  950.0    590   19.1   13.9     72  10.62    125     12  296.6  327.5  298.5
  940.0    681   18.4   13.5     73  10.43    115     14  296.7  327.1  298.6
  925.0    820   17.2   12.8     75  10.14    145     14  296.9  326.5  298.7
  912.0    941   16.2   11.6     74   9.46    115     14  297.1  324.8  298.8
  896.0   1091   15.0   10.0     72   8.67    145     18  297.3  322.8  298.9
  879.0   1253   13.9    8.2     68   7.81    120     17  297.8  320.9  299.2
  864.0   1398   12.9    6.5     65   7.10    135     16  298.3  319.4  299.6
  850.0   1536   12.0    5.0     62   6.47    120     15  298.7  318.1  299.9
  832.0   1715   11.6    0.6     47   4.83    150     11  300.1  314.8  301.0
  824.0   1796   10.8    5.8     71   7.06    139     10  300.1  321.3  301.4
  818.0   1857   10.5    4.8     68   6.63    130     10  300.4  320.3  301.6
  806.0   1980    9.8    2.8     61   5.83    145     10  301.0  318.6  302.0
  798.0   2063    9.4    1.4     57   5.33    141     11  301.4  317.6  302.3
  791.0   2136    9.8   -9.2     25   2.42    138     11  302.6  310.3  303.0
  776.0   2294    8.6  -14.4     18   1.62    131     12  302.9  308.2  303.2
  764.0   2423    7.8  -13.7     20   1.75    125     13  303.4  309.1  303.7
  752.0   2553    7.0  -13.0     23   1.88    136     11  303.9  310.0  304.3
  743.0   2652    5.9   -3.5     51   3.99    145     10  303.7  316.2  304.4
  741.0   2674    5.6   -1.4     61   4.68    143     10  303.7  318.2  304.5
  738.0   2707    6.2  -10.8     28   2.28    140     11  304.7  312.1  305.1
  733.0   2763    5.6   -6.4     42   3.25    135     12  304.6  314.9  305.2
  726.0   2841    6.4  -20.6     12   1.03    154     15  306.3  309.8  306.5
  722.0   2886    6.1  -18.8     15   1.21    165     16  306.5  310.6  306.7
  709.0   3035    5.2  -12.7     26   2.05    145     16  307.1  313.8  307.5
  700.0   3139    4.6   -8.4     38   2.91    150     18  307.6  316.9  308.1
  698.0   3162    4.4   -8.6     38   2.87    153     19  307.6  316.9  308.1
  696.0   3185    4.3   -8.8     38   2.83    155     20  307.7  316.9  308.2
  617.0   4154   -0.7  -17.9     26   1.52    150     22  312.8  318.0  313.1
  605.0   4312   -1.5  -19.4     24   1.37    170     16  313.6  318.4  313.9
  587.0   4555   -2.7  -21.7     22   1.15    155     17  314.9  318.9  315.1
  583.0   4609   -2.5  -20.5     24   1.29    157     19  315.8  320.3  316.0
  578.0   4677   -1.5  -48.5      1   0.08    160     21  317.7  318.0  317.7
  570.0   4788   -1.9  -39.5      4   0.22    165     24  318.6  319.4  318.6
  556.0   4986   -2.5  -23.5     18   1.04    167     22  320.1  323.8  320.3
  530.0   5363   -4.8  -30.3     12   0.58    170     17  321.8  323.9  321.9
  511.0   5650   -6.5  -35.5      8   0.37    192     15  323.0  324.4  323.1
  508.0   5696   -6.9  -37.0      7   0.32    195     15  323.1  324.4  323.2
  500.0   5820   -7.9  -40.9      5   0.22    190     17  323.3  324.2  323.4
  495.0   5897   -8.6  -41.1      5   0.21    185     16  323.4  324.3  323.5
  460.0   6458  -13.6  -42.2      7   0.20    205     17  324.0  324.9  324.1
  446.0   6694  -15.7  -42.7      8   0.20    203     21  324.2  325.1  324.3
  440.0   6796  -15.3  -51.3      3   0.08    202     23  326.0  326.3  326.0
  400.0   7510  -19.3  -59.3      2   0.03    195     37  329.8  330.0  329.8
  397.0   7566  -19.6  -59.7      2   0.03    190     39  330.2  330.3  330.2
  380.0   7891  -21.1  -62.1      1   0.02    191     42  332.3  332.4  332.3
  336.0   8786  -29.1  -60.6      3   0.03    195     51  333.3  333.4  333.3
  334.0   8830  -29.5  -60.5      3   0.03    195     50  333.3  333.4  333.3
  326.0   9003  -30.1  -61.1      3   0.03    196     48  334.8  334.9  334.8
  300.0   9590  -34.7  -61.7      5   0.03    200     38  336.4  336.5  336.4
  298.0   9636  -35.1  -61.8      5   0.03    200     37  336.4  336.6  336.4
  272.0  10260  -40.4  -63.3      7   0.03    220     27  337.6  337.8  337.6
  268.0  10362  -41.3  -63.6      7   0.03    225     24  337.8  337.9  337.8
  266.0  10413  -41.7  -63.7      7   0.03    232     25  337.9  338.0  337.9
  259.0  10592  -42.2  -67.7      5   0.02    255     28  339.7  339.8  339.7
  250.0  10830  -42.9  -72.9      2   0.01    255     32  342.1  342.2  342.1
  223.0  11594  -48.9  -72.9      4   0.01    245     37  344.3  344.3  344.3
  222.0  11624  -48.8  -73.2      4   0.01    245     37  345.0  345.0  345.0
  219.0  11713  -48.3  -74.3      3   0.01    250     37  347.0  347.0  347.0
  213.0  11896  -49.1  -75.4      3   0.01    260     38  348.5  348.6  348.5
  200.0  12310  -50.9  -77.9      3   0.00    260     42  352.0  352.0  352.0
  191.0  12608  -52.5  -79.5      2   0.00    270     43  354.1  354.1  354.1
  190.0  12642  -52.7  -79.7      2   0.00    269     43  354.3  354.3  354.3
  174.0  13200  -56.7  -82.6      2   0.00    260     44  356.8  356.8  356.8
  167.0  13461  -58.5  -83.9      2   0.00    250     39  357.9  357.9  357.9
  162.0  13654  -59.9  -84.9      2   0.00    255     36  358.7  358.7  358.7
  151.0  14089  -63.2                         265     30  360.3         360.3
  150.0  14130  -63.5                         265     30  360.5         360.5
  140.0  14545  -66.4                         250     27  362.6         362.6
  136.0  14719  -67.6                         265     22  363.4         363.4
  132.0  14899  -68.9                         275     24  364.3         364.3
  124.0  15275  -71.5                         266     34  366.1         366.1
  122.0  15371  -71.3                         264     36  368.2         368.2
  120.0  15469  -68.9                         261     39  374.3         374.3
  119.0  15518  -69.2                         260     40  374.6         374.6
  107.0  16144  -73.3                         235     27  378.5         378.5
  103.0  16368  -74.7                         245     22  379.9         379.9
  102.0  16425  -75.1                         245     22  380.2         380.2
  100.0  16540  -74.7                         235     23  383.1         383.1
   96.0  16779  -74.5                         250     10  388.1         388.1
   95.0  16840  -74.4                         255      8  389.4         389.4
   92.0  17028  -74.2                         235     15  393.3         393.3
   87.0  17355  -73.9                         160     14  400.3         400.3
   84.0  17560  -73.7                         150     11  404.7         404.7
   81.0  17773  -73.5                          65     14  409.4         409.4
   76.0  18145  -73.1                          60     10  417.7         417.7
   72.9  18389  -72.9                         328      7  423.2         423.2
   72.0  18463  -71.5                         300      6  427.5         427.5
   71.0  18546  -70.0                         220     10  432.5         432.5
   70.0  18630  -68.5                         185     17  437.5         437.5
   68.0  18805  -67.4                         140     20  443.6         443.6
   67.5  18849  -67.1                         135     21  445.1         445.1
   63.5  19217  -68.9                          91     26  449.0         449.0
   63.0  19265  -68.9                          85     27  450.1         450.1
   62.0  19361  -68.8                          80     26  452.3         452.3
   60.0  19558  -68.6                          95     14  456.9         456.9
   58.0  19762  -68.5                          75     12  461.8         461.8
   56.2  19951  -68.3                          71     13  466.3         466.3
   52.0  20422  -66.2                          60     14  481.7         481.7
   51.0  20540  -65.6                          70     14  485.6         485.6
   50.0  20660  -65.1                          85     17  489.7         489.7
   47.0  21045  -63.2                          95     19  502.9         502.9
   45.0  21316  -61.9                          70     26  512.3         512.3
   43.0  21598  -60.5                         105     24  522.4         522.4
   40.0  22048  -58.4                         100     31  538.8         538.8
   38.0  22367  -56.8                          70     32  550.7         550.7
   37.1  22517  -56.1                          81     32  556.3         556.3
   36.0  22708  -56.3                          95     31  560.5         560.5
   35.2  22850  -56.5                          91     33  563.7         563.7
   35.0                                        90     34                     
