
-----------------------------------------------------------------------------
   PRES   HGHT   TEMP   DWPT   RELH   MIXR   DRCT   SKNT   THTA   THTE   THTV
    hPa     m      C      C      %    g/kg    deg   knot     K      K      K 
-----------------------------------------------------------------------------
 1021.0      5   26.0   18.0     61  12.88    125      7  297.4  334.9  299.7
 1014.0     64   24.0   16.0     61  11.40    118      9  296.0  329.1  298.0
 1000.0    183   22.8   16.8     69  12.18    105     13  295.9  331.2  298.1
  925.0    856   16.8   13.5     81  10.62    120     21  296.5  327.4  298.4
  896.0   1127   14.4   11.7     84   9.73    126     20  296.7  325.1  298.4
  850.0   1571   12.0    8.9     81   8.49    135     18  298.7  323.8  300.2
  777.0   2319    7.4    5.8     90   7.50    147     19  301.5  324.1  302.9
  755.0   2557    9.2   -9.8     25   2.42    150     20  306.0  313.8  306.4
  700.0   3181    7.0  -30.0      5   0.46    160     21  310.2  311.9  310.3
  696.0   3228    7.2  -33.8      3   0.32    161     21  310.9  312.1  311.0
  629.0   4050    1.6  -21.4     16   1.11    176     21  313.7  317.5  313.9
  601.0   4414   -1.3  -11.3     47   2.70    183     21  314.4  323.4  314.9
  600.0   4427   -1.3  -11.3     47   2.70    183     21  314.6  323.6  315.1
  589.0   4575   -1.3  -20.3     22   1.30    186     22  316.2  320.8  316.5
  577.0   4738   -2.9  -12.9     46   2.47    189     22  316.2  324.5  316.7
  539.0   5275   -5.1  -37.1      6   0.30    199     22  319.8  321.0  319.9
  533.0   5362   -5.3  -30.3     12   0.58    201     22  320.6  322.8  320.7
  508.0   5737   -7.7  -44.7      3   0.14    208     22  322.1  322.7  322.1
  500.0   5860   -8.5  -36.5      8   0.34    210     22  322.6  323.9  322.7
  478.0   6209  -11.3  -30.3     19   0.65    209     25  323.3  325.8  323.5
  454.0   6603  -13.9  -42.9      7   0.19    208     28  324.9  325.6  324.9
  446.0   6739  -13.3  -44.3      5   0.17    207     29  327.3  328.0  327.3
  400.0   7560  -20.3  -50.3      5   0.10    205     36  328.5  328.9  328.5
  333.0   8883  -32.7  -51.7     13   0.10    218     35  329.2  329.6  329.2
  322.0   9119  -33.7  -61.7      4   0.03    220     34  331.0  331.1  331.0
  300.0   9610  -37.9  -63.9      5   0.02    225     34  331.8  331.9  331.8
  250.0  10840  -47.5  -65.5     11   0.02    235     58  335.3  335.4  335.3
  221.0  11643  -53.9  -72.9      8   0.01    254     60  337.5  337.5  337.5
  200.0  12280  -56.3  -74.3      9   0.01    270     61  343.4  343.5  343.4
  177.0  13053  -59.9  -76.9      9   0.01    280     94  349.8  349.8  349.8
  169.0  13342  -61.5                         280     94  351.7         351.7
  150.0  14080  -63.7                         280     93  360.1         360.1
  138.0  14588  -64.9                         269     79  366.7         366.7
  124.0  15241  -63.5                         254     62  380.6         380.6
  105.0  16247  -68.3                         232     35  390.0         390.0
  100.0  16540  -67.1                         225     27  397.8         397.8
   93.0  16970  -70.3                         190     11  399.9         399.9
   90.0  17165  -71.7                         215      5  400.8         400.8
   87.0  17366  -73.2                         245     10  401.7         401.7
   85.2  17490  -74.1                         245     14  402.3         402.3
   82.0  17716  -73.0                         235     12  408.9         408.9
   78.0  18011  -71.7                         305     10  417.6         417.6
   76.0  18164  -71.0                         260     11  422.2         422.2
   70.0  18650  -68.7                         225     11  437.1         437.1
   69.0  18736  -68.7                         220     10  439.0         439.0
   66.2  18985  -68.5                         145     11  444.5         444.5
   66.0  19003  -68.5                         140     11  444.8         444.8
   62.0  19378  -69.4                          90     15  451.0         451.0
   61.4  19436  -69.5                          90     14  452.0         452.0
   61.0  19475  -69.3                          90     14  453.2         453.2
   59.0  19677  -68.4                         120     15  459.6         459.6
   56.0  19994  -67.0                          95     21  469.8         469.8
   53.0  20327  -65.5                         115     18  480.7         480.7
   50.0  20680  -63.9                          75     26  492.5         492.5
   48.0  20934  -62.8                          80     23  501.0         501.0
   47.0  21066  -62.2                          70     24  505.4         505.4
   46.0  21200  -61.6                          90     20  509.9         509.9
   41.0  21917  -58.4                          70     30  534.9         534.9
   39.0  22229  -57.0                          95     32  546.1         546.1
   38.3  22342  -56.5                          88     35  550.2         550.2
   38.0  22392  -56.4                          85     37  551.7         551.7
   36.0  22737  -55.8                          80     29  561.8         561.8
   35.0  22917  -55.5                         100     35  567.1         567.1
   31.0  23691  -54.2                          80     33  590.6         590.6
   30.0  23900  -53.9                          80     28  597.1         597.1
   29.0  24119  -53.4                          90     23  604.3         604.3
   25.0  25077  -51.2                          95     28  636.8         636.8
   24.2  25286  -50.7                          93     34  644.2         644.2
   23.0  25618  -50.3                          90     43  654.9         654.9
   22.0  25908  -49.9                          95     30  664.3         664.3
   21.0  26212  -49.5                         100     40  674.4         674.4
   20.0  26530  -49.1                          95     36  685.1         685.1
   17.0  27603  -46.7                          90     44  725.5         725.5
   16.6  27760  -46.3                                     731.6         731.6
