
-----------------------------------------------------------------------------
   PRES   HGHT   TEMP   DWPT   RELH   MIXR   DRCT   SKNT   THTA   THTE   THTV
    hPa     m      C      C      %    g/kg    deg   knot     K      K      K 
-----------------------------------------------------------------------------
 1013.0      5   27.0   19.0     62  13.84    155      9  299.0  339.6  301.5
 1011.0     23   25.2   16.2     57  11.58    150     10  297.4  331.2  299.5
 1002.0    102   24.6   17.2     64  12.46    130     15  297.5  333.9  299.8
 1000.0    120   24.4   17.4     65  12.66    125     15  297.6  334.5  299.8
  939.0    666   18.9   15.7     82  12.09    115     14  297.4  332.6  299.5
  925.0    796   17.6   15.3     86  11.95    120     17  297.3  332.1  299.4
  920.0    842   17.0   15.3     90  12.02    121     17  297.1  332.1  299.3
  894.0   1087   15.4   15.1     98  12.21    129     20  297.9  333.6  300.1
  875.0   1270   14.4   13.9     97  11.54    135     22  298.7  332.6  300.8
  850.0   1514   11.6    8.5     81   8.26    135     27  298.3  322.7  299.8
  848.0   1534   11.5    8.3     80   8.14    135     27  298.4  322.5  299.9
  845.0   1563   11.4    7.9     79   7.97    134     27  298.6  322.2  300.0
  827.0   1744   12.8    1.8     47   5.30    128     26  301.9  318.1  302.9
  804.0   1980   11.6   -1.7     40   4.22    120     25  303.0  316.1  303.8
  797.0   2053   11.2   -2.8     37   3.92    122     24  303.4  315.6  304.1
  785.0   2180   11.4   -0.6     43   4.69    125     23  304.9  319.5  305.8
  783.0   2201   11.2   -0.6     44   4.70    125     23  305.0  319.6  305.9
  753.0   2525    9.0   -0.5     51   4.92    160     19  306.0  321.4  306.9
  728.0   2805    7.1   -0.4     59   5.12    170     19  306.8  322.8  307.8
  722.0   2873    6.6   -0.4     61   5.17    162     19  307.0  323.2  308.0
  710.0   3011    6.1   -2.0     56   4.67    145     19  307.9  322.6  308.8
  700.0   3127    5.6   -3.4     52   4.27    160     18  308.6  322.2  309.4
  692.0   3221    5.2   -4.4     50   4.02    175     15  309.2  322.0  309.9
  656.0   3657    3.2   -8.8     41   3.01    170     14  311.7  321.6  312.3
  651.0   3719    3.6  -11.4     32   2.47    169     14  312.9  321.1  313.3
  622.0   4083    0.9  -15.0     29   1.93    165     13  313.9  320.4  314.2
  571.0   4767   -4.1  -21.7     24   1.19    200     18  315.7  319.9  315.9
  558.0   4951   -5.5  -23.5     23   1.04    192     15  316.2  319.9  316.4
  549.0   5079   -3.9  -51.9      1   0.06    186     12  319.6  319.8  319.6
  548.0   5093   -4.0  -51.7      1   0.06    185     12  319.6  319.9  319.6
  539.0   5223   -5.0  -49.6      2   0.08    190     11  320.0  320.3  320.0
  522.0   5473   -6.8  -45.6      3   0.12    170     11  320.7  321.2  320.7
  511.0   5640   -8.0  -43.0      4   0.17    175     10  321.2  321.8  321.2
  502.0   5779   -9.1  -40.8      6   0.22    195      6  321.6  322.4  321.6
  500.0   5810   -9.3  -40.3      6   0.23    205      6  321.6  322.5  321.7
  491.0   5949  -10.2  -39.9      7   0.24    225     10  322.2  323.1  322.2
  449.0   6631  -14.7  -37.7     12   0.33    245     18  324.9  326.2  324.9
  412.0   7270  -20.5  -40.5     15   0.27    265     26  325.5  326.6  325.6
  400.0   7490  -22.5  -41.5     16   0.25    265     27  325.7  326.7  325.7
  389.0   7695  -24.1  -45.1     13   0.18    264     29  326.2  326.9  326.2
  387.0   7732  -24.5  -37.5     29   0.39    264     29  326.1  327.6  326.2
  344.0   8572  -31.4  -47.8     18   0.15    260     38  328.0  328.6  328.0
  318.0   9132  -35.9  -54.8     13   0.07    270     41  329.1  329.4  329.1
  316.0   9177  -36.3  -55.3     12   0.07    273     44  329.2  329.5  329.2
  306.0   9402  -34.7  -62.4      4   0.03    290     61  334.5  334.6  334.5
  300.0   9540  -33.7  -66.7      2   0.02    290     71  337.8  337.8  337.8
  297.0   9610  -33.5  -67.5      2   0.01    290     76  339.0  339.1  339.0
  295.0   9658  -33.3  -68.2      2   0.01    290     79  339.9  340.0  339.9
  290.0   9778  -32.9  -69.9      1   0.01    290     80  342.2  342.2  342.2
  268.0  10326  -35.6  -73.1      1   0.01    290     87  346.1  346.1  346.1
  250.0  10810  -37.9  -75.9      1   0.01    285     85  349.6  349.6  349.6
  246.0  10921  -38.3  -75.3      1   0.01    285     85  350.6  350.6  350.6
  202.0  12243  -47.8  -80.1      1   0.00    280     80  355.9  355.9  355.9
  200.0  12310  -48.3  -80.3      1   0.00    280     80  356.1  356.1  356.1
  169.0  13393  -56.4  -85.6      1   0.00    295     71  360.3  360.3  360.3
  157.0  13866  -59.9  -87.9      1   0.00    289     70  361.9  361.9  361.9
  150.0  14150  -62.1                         285     70  362.9         362.9
  130.0  15008  -67.1                         275     56  369.1         369.1
  121.0  15439  -69.6                         300     42  372.2         372.2
  107.0  16176  -73.9                         290     45  377.4         377.4
  101.0  16522  -75.9                         285     40  379.8         379.8
  100.0  16580  -74.9                         285     33  382.8         382.8
   96.6  16781  -72.9                         295     28  390.5         390.5
   95.0  16878  -73.5                         300     25  391.1         391.1
   89.8  17205  -75.7                         279     21  393.1         393.1
   83.0  17664  -74.0                         250     16  405.4         405.4
   74.0  18333  -71.6                         265     12  424.1         424.1
   73.6  18365  -71.5                         263     11  425.0         425.0
   73.0  18413  -71.5                         260     10  425.9         425.9
   70.5  18618  -71.7                         256      5  429.8         429.8
   70.0  18660  -71.3                         255      4  431.5         431.5
   68.0  18833  -69.6                         175     10  438.8         438.8
   67.0  18922  -68.7                         165     15  442.6         442.6
   66.0  19012  -67.8                         155     17  446.4         446.4
   65.2  19084  -67.1                         131     15  449.5         449.5
   65.0  19103  -67.2                         125     14  449.7         449.7
   62.4  19348  -68.7                          47     12  451.7         451.7
   62.0  19387  -68.6                          35     12  452.8         452.8
   61.0  19486  -68.2                          15     11  455.6         455.6
   60.0  19586  -67.9                          20      9  458.6         458.6
   59.0  19688  -67.5                          85     11  461.6         461.6
   55.0  20113  -66.1                         100     10  474.3         474.3
   54.0  20224  -65.7                         115      9  477.6         477.6
   51.0  20570  -64.5                          85     26  488.3         488.3
   50.0  20690  -64.1                          65     22  492.0         492.0
   47.0  21080  -62.6                          50     17  504.4         504.4
   45.0  21353  -61.5                          85     13  513.3         513.3
   43.0  21640  -60.4                          55     16  522.7         522.7
   41.0  21940  -59.2                          55     13  532.8         532.8
   40.0  22095  -58.6                          90     11  538.1         538.1
   39.0  22255  -58.0                          85     10  543.5         543.5
   38.0  22418  -57.4                         105      8  549.2         549.2
   36.0  22759  -56.1                          75     13  561.2         561.2
   35.0  22936  -55.4                          80     12  567.5         567.5
   34.0  23119  -54.7                         120     14  574.1         574.1
   32.0  23500  -53.2                          85     21  588.1         588.1
   31.0  23700  -52.4                          95     21  595.5         595.5
   30.6  23782  -52.1                          89     19  598.6         598.6
   30.0  23910  -52.7                          80     15  600.4         600.4
   29.0  24128  -53.2                          50     14  604.8         604.8
   28.0  24353  -53.8                          75     10  609.3         609.3
   27.0  24587  -54.4                          95     17  614.1         614.1
   26.4  24731  -54.7                          82     19  617.0         617.0
   25.0  25083  -53.5                          50     25  630.2         630.2
   22.0  25908  -50.6                          90     16  662.2         662.2
   21.9  25938  -50.5                                     663.4         663.4
