
-----------------------------------------------------------------------------
   PRES   HGHT   TEMP   DWPT   RELH   MIXR   DRCT   SKNT   THTA   THTE   THTV
    hPa     m      C      C      %    g/kg    deg   knot     K      K      K 
-----------------------------------------------------------------------------
 1020.0      5   22.0   19.1     84  13.84    185      7  293.5  333.1  295.9
 1000.0    181   20.2   17.5     84  12.74    155      8  293.4  329.8  295.6
  925.0    851   16.0   14.0     88  10.98     90     10  295.7  327.5  297.6
  877.0   1302   12.9   11.6     92   9.84     70     10  297.0  325.7  298.7
  861.0   1457   11.8   10.7     93   9.47     73     11  297.4  325.1  299.1
  850.0   1565   11.4    9.9     90   9.08     75     12  298.1  324.8  299.7
  819.0   1875   10.1    6.6     79   7.54     80     10  299.9  322.4  301.3
  802.0   2051    9.4    4.8     73   6.77     86      9  300.9  321.3  302.2
  797.0   2103    9.6   -0.4     50   4.68     88      9  301.7  316.1  302.5
  788.0   2197    9.8   -7.2     29   2.84     91      9  302.9  311.9  303.4
  715.0   2997    5.4  -16.6     19   1.47    120      5  306.5  311.5  306.8
  700.0   3171    4.4  -18.6     17   1.27    115      6  307.3  311.6  307.6
  640.0   3895    0.2  -25.8     12   0.73     46      8  310.5  313.1  310.7
  600.0   4411   -1.3  -40.3      3   0.19    357     10  314.6  315.3  314.6
  587.0   4585   -2.1  -35.8      6   0.31    340     10  315.6  316.8  315.7
  559.0   4972   -3.9  -25.9     16   0.83    349     17  317.9  320.9  318.1
  557.0   5000   -4.2  -25.8     17   0.85    350     17  317.9  321.0  318.1
  500.0   5840  -11.9  -21.9     43   1.33    315     18  318.5  323.1  318.7
  490.0   5994  -13.1  -23.1     43   1.22    309     20  318.8  323.2  319.1
  475.0   6230  -12.5  -53.5      2   0.06    300     22  322.4  322.7  322.4
  466.0   6373  -13.7  -47.9      4   0.11    295     24  322.6  323.1  322.7
  429.0   6994  -19.1  -23.6     68   1.34    292     39  323.5  328.3  323.8
  419.0   7169  -20.3  -22.6     82   1.49    291     43  324.2  329.5  324.5
  402.0   7473  -22.1  -26.8     66   1.07    290     50  325.7  329.6  325.9
  400.0   7510  -22.3  -27.3     64   1.02    290     50  325.9  329.7  326.1
  364.0   8196  -27.9  -33.9     56   0.60    288     55  327.4  329.6  327.5
  354.0   8396  -28.5  -38.5     38   0.39    288     57  329.2  330.7  329.2
  330.0   8896  -32.9  -37.9     61   0.44    287     61  329.8  331.5  329.9
  300.0   9560  -38.1  -43.1     59   0.28    285     66  331.6  332.7  331.6
  257.0  10607  -47.3  -50.4     70   0.15    281     74  333.0  333.6  333.0
  250.0  10790  -48.1  -58.1     30   0.06    280     76  334.4  334.7  334.4
  249.0  10816  -48.1  -59.1     27   0.05    280     76  334.8  335.0  334.8
  229.0  11364  -51.5  -72.5      6   0.01    278     81  337.7  337.8  337.7
  200.0  12230  -58.5  -71.5     17   0.01    275     88  340.0  340.0  340.0
  187.0  12651  -59.9  -71.9     19   0.01    275     94  344.3  344.4  344.3
  173.0  13131  -62.0                         275    100  348.5         348.5
  150.0  14010  -65.9                         275     91  356.4         356.4
  145.0  14215  -66.9                         275     87  358.1         358.1
  142.0  14341  -67.5                         275     83  359.2         359.2
  130.0  14877  -65.0                         260     52  372.8         372.8
  124.0  15164  -63.7                         275     50  380.3         380.3
  116.0  15569  -64.8                         295     48  385.5         385.5
  100.0  16470  -67.3                         255     40  397.4         397.4
   97.0  16652  -67.9                         250     27  399.8         399.8
   91.0  17034  -69.1                         270     14  404.7         404.7
   90.1  17094  -69.3                         265     15  405.5         405.5
   87.0  17302  -69.6                         250     13  408.9         408.9
   82.9  17589  -70.1                         287     11  413.6         413.6
   81.0  17727  -69.6                         305     10  417.3         417.3
   77.0  18030  -68.6                         290     10  425.5         425.5
   70.0  18600  -66.7                         220      9  441.4         441.4
   68.0  18777  -66.4                         175     10  445.8         445.8
   58.0  19751  -64.5                          90     10  470.8         470.8
   52.0  20420  -63.2                         105     18  488.7         488.7
   50.0  20660  -62.7                          95     16  495.3         495.3
   48.0  20916  -62.1                          90     17  502.6         502.6
   44.0  21461  -60.8                          50     12  518.5         518.5
   37.0  22548  -58.1                         105     18  551.6         551.6
   34.0  23078  -56.8                          75     16  568.5         568.5
   31.6  23537  -55.7                          84     18  583.5         583.5
   30.0  23870  -53.1                          90     20  599.3         599.3
   27.8  24364  -51.1                          79     19  618.0         618.0
   27.0  24555  -50.9                          75     18  623.8         623.8
   25.0  25059  -50.3                         110     15  639.3         639.3
   23.0  25605  -49.7                         120     15  656.5         656.5
   21.0  26201  -49.1                          90     22  675.8         675.8
   20.0  26520  -48.7                         105     18  686.3         686.3
   19.0  26859  -48.0                         105     16  698.6         698.6
   17.0  27594  -46.5                         140     21  725.9         725.9
   16.2  27913  -45.9                         127     22  738.0         738.0
   15.0  28426  -45.8                         105     23  754.9         754.9
   14.0  28885  -45.6                          75     18  770.4         770.4
   13.2  29277  -45.5                          87     19  783.9         783.9
   13.0                                        90     19                     
