
-----------------------------------------------------------------------------
   PRES   HGHT   TEMP   DWPT   RELH   MIXR   DRCT   SKNT   THTA   THTE   THTV
    hPa     m      C      C      %    g/kg    deg   knot     K      K      K 
-----------------------------------------------------------------------------
 1021.0      5   21.6   15.6     69  11.03      0     11  293.0  324.6  294.9
 1019.0     22   20.0   14.0     68   9.95    359     11  291.6  320.0  293.3
 1000.0    184   18.6   14.6     78  10.55    345     13  291.8  321.9  293.6
  953.0    595   15.4   12.8     84   9.83    320     16  292.6  320.8  294.3
  925.0    848   14.8   11.3     80   9.17    305     18  294.4  321.0  296.1
  905.0   1033   14.8   10.9     78   9.15    290     20  296.3  323.0  297.9
  891.0   1165   14.8   10.7     76   9.14    296     19  297.6  324.5  299.2
  859.0   1474   12.9    8.1     73   7.97    310     17  298.8  322.4  300.2
  850.0   1563   12.4    7.4     72   7.65    310     18  299.1  321.9  300.5
  806.0   2008    9.8    5.3     74   6.97    297     17  300.9  321.9  302.2
  781.0   2269    7.4    4.9     84   7.00    289     17  301.1  322.1  302.4
  768.0   2407    7.9   -1.9     50   4.34    285     17  303.1  316.6  303.9
  766.0   2429    8.0   -3.0     46   4.02    286     17  303.4  315.9  304.1
  745.0   2657    6.9   -4.1     45   3.80    300     20  304.6  316.5  305.3
  729.0   2836    6.0   -5.0     45   3.63    290     21  305.5  317.0  306.2
  700.0   3167    3.4   -6.6     48   3.35    270     24  306.2  316.9  306.8
  695.0   3225    2.9   -6.2     51   3.47    270     24  306.3  317.4  307.0
  670.0   3521    0.6   -4.4     69   4.14    265     27  306.9  320.0  307.7
  614.0   4214   -5.3  -11.3     63   2.64    254     33  307.9  316.5  308.4
  604.0   4343   -4.5  -24.5     19   0.88    252     34  310.3  313.3  310.4
  597.0   4435   -4.9  -25.8     18   0.79    250     35  310.9  313.6  311.0
  543.0   5176   -8.1  -36.1      8   0.32    268     41  315.6  316.8  315.6
  525.0   5435  -10.1  -37.3      9   0.30    275     43  316.2  317.3  316.2
  500.0   5810  -13.1  -39.1      9   0.26    275     38  317.0  318.0  317.1
  494.0   5902  -13.9  -40.9      8   0.22    276     37  317.1  318.0  317.2
  473.0   6232  -15.1  -36.2     15   0.37    280     33  319.6  321.0  319.7
  469.0   6296  -15.3  -35.3     16   0.41    279     33  320.1  321.7  320.2
  442.0   6741  -19.5  -36.9     20   0.37    270     32  320.3  321.7  320.4
  438.0   6809  -20.1  -37.1     20   0.36    268     34  320.4  321.8  320.4
  414.0   7227  -21.3  -52.3      4   0.07    257     48  324.0  324.3  324.0
  400.0   7480  -23.5  -50.5      6   0.09    250     56  324.4  324.8  324.4
  398.0   7516  -23.8  -50.5      7   0.09    250     57  324.4  324.8  324.4
  342.0   8600  -33.3  -51.3     15   0.10    258     81  325.9  326.3  325.9
  300.0   9510  -37.5  -59.5      8   0.04    265    101  332.4  332.6  332.4
  292.0   9694  -38.5  -61.2      7   0.03    265    104  333.6  333.7  333.6
  267.0  10303  -41.7  -66.9      5   0.02    265     98  337.5  337.6  337.5
  250.0  10750  -44.1  -71.1      3   0.01    265    106  340.4  340.4  340.4
  219.0  11634  -48.5  -74.5      3   0.01    262    116  346.7  346.7  346.7
  215.0  11756  -48.3  -74.3      3   0.01    262    117  348.8  348.9  348.8
  200.0  12230  -52.1  -75.1      5   0.01    260    123  350.1  350.1  350.1
  188.0  12622  -54.9  -76.1      6   0.01    260    126  351.9  351.9  351.9
  168.0  13334  -59.9  -77.9      8   0.01    262    125  355.0  355.0  355.0
  150.0  14030  -64.7                         265    123  358.4         358.4
  138.0  14533  -68.4                         265    119  360.6         360.6
  131.0  14847  -70.7                         265    109  361.9         361.9
  125.0  15130  -69.1                         270    106  369.6         369.6
  118.0  15478  -67.2                         260    103  379.2         379.2
  111.0  15846  -65.2                         255     72  389.7         389.7
  110.0  15901  -64.9                         253     70  391.3         391.3
  103.0  16300  -66.8                         240     54  395.0         395.0
  100.0  16480  -67.7                         245     48  396.7         396.7
   95.0  16789  -66.8                         250     51  404.3         404.3
   90.5  17082  -65.9                         250     38  411.7         411.7
   90.0  17115  -66.1                         250     36  412.0         412.0
   86.0  17388  -67.7                         265     27  414.2         414.2
   81.5  17710  -69.5                         284     33  416.9         416.9
   80.0  17822  -69.0                         290     35  420.2         420.2
   77.0  18050  -67.8                         295     34  427.2         427.2
   75.0  18208  -67.0                         275     33  432.1         432.1
   74.2  18272  -66.7                         267     28  434.1         434.1
   72.1  18448  -61.5                         246     16  448.7         448.7
   72.0  18456  -61.5                         245     15  448.8         448.8
   70.0  18630  -62.3                         235      8  450.8         450.8
   69.0  18719  -62.5                         230      6  452.1         452.1
   67.0  18900  -63.0                         220     11  454.9         454.9
   65.0  19087  -63.5                         240     12  457.7         457.7
   63.0  19280  -64.0                         285     11  460.7         460.7
   62.0  19379  -64.3                         288     13  462.2         462.2
   60.0  19582  -63.9                         295     16  467.6         467.6
   58.0  19791  -63.4                         255     16  473.1         473.1
   56.0  20008  -62.9                         270     18  479.0         479.0
   54.0  20232  -62.5                         220     17  485.1         485.1
   51.8  20489  -61.9                         238     19  492.2         492.2
   51.0  20586  -61.1                         245     20  496.2         496.2
   50.0  20710  -60.1                         245     16  501.4         501.4
   49.0  20837  -58.8                         225     12  507.5         507.5
   48.5  20901  -58.1                         247     10  510.6         510.6
   46.0  21232  -58.7                           0      0  516.9         516.9
   41.0  21953  -60.0                         340     10  530.8         530.8
   40.8  21983  -60.1                         337     11  531.4         531.4
   40.0  22107  -59.9                         325     16  535.0         535.0
   39.0  22266  -59.5                         255     12  539.7         539.7
   38.0  22428  -59.2                         250     12  544.5         544.5
   36.0  22767  -58.6                         275     11  554.7         554.7
   35.8  22801  -58.5                         286     11  555.8         555.8
   35.0  22945  -57.2                         330     10  562.7         562.7
   34.0  23130  -55.6                         325     14  571.7         571.7
   32.3  23456  -52.7                         262     11  587.8         587.8
   32.0  23516  -53.0                         250     10  588.5         588.5
   30.0  23930  -55.3                         240      7  593.3         593.3
   29.0  24146  -55.9                         262      9  597.4         597.4
   28.0  24370  -54.8                         285     12  606.5         606.5
   27.0  24603  -53.6                         290     12  616.1         616.1
   26.2  24796  -52.7                         270      8  624.1         624.1
   26.0  24845  -52.7                         265      7  625.5         625.5
   24.0  25362  -52.5                           0      0  640.5         640.5
   20.6  26348  -52.1                         230      4  670.3         670.3
   20.0  26540  -50.9                         205      5  679.6         679.6
   19.0  26877  -48.6                         250      9  696.8         696.8
   18.3  27123  -46.9                         250     13  709.6         709.6
   18.0  27233  -46.7                         250     15  713.7         713.7
   17.0  27613  -45.9                         225      4  727.9         727.9
   16.5  27811  -45.5                                     735.5         735.5
