
-----------------------------------------------------------------------------
   PRES   HGHT   TEMP   DWPT   RELH   MIXR   DRCT   SKNT   THTA   THTE   THTV
    hPa     m      C      C      %    g/kg    deg   knot     K      K      K 
-----------------------------------------------------------------------------
 1018.0      5   18.4    4.4     40   5.18    205     12  290.1  305.2  291.0
 1000.0    159   16.2    3.2     42   4.84    215     13  289.4  303.5  290.2
  996.0    193   15.9    3.2     42   4.86    215     12  289.4  303.6  290.3
  985.0    287   15.2    3.2     45   4.91    193     11  289.6  303.9  290.5
  972.0    400   16.0    6.0     51   6.07    167     10  291.5  309.2  292.6
  966.0    452   15.5    6.3     54   6.24    155     10  291.5  309.7  292.6
  925.0    819   12.2    8.5     78   7.58    145      7  291.8  313.6  293.1
  917.0    892   11.6    8.5     81   7.65    164      6  291.9  313.9  293.2
  904.0   1011   11.2    6.8     74   6.90    196      4  292.7  312.7  293.9
  897.0   1076   11.6   -2.4     38   3.59    213      3  293.7  304.6  294.4
  886.0   1179   11.3    1.6     52   4.89    240      1  294.4  309.0  295.3
  877.0   1265   11.0    5.0     66   6.27    261      1  295.0  313.5  296.1
  855.0   1476    9.4    4.4     71   6.17    313      3  295.5  313.7  296.6
  850.0   1525    9.2    3.2     66   5.70    325      3  295.8  312.7  296.8
  835.0   1672    8.4   -4.6     39   3.27    282      6  296.4  306.5  297.0
  830.0   1722    9.0  -20.0     11   0.95    268      7  297.6  300.7  297.8
  817.0   1852    9.8  -39.2      2   0.16    230     10  299.8  300.4  299.8
  805.0   1975    9.2  -32.1      4   0.32    195     12  300.4  301.6  300.5
  783.0   2203    8.2  -18.8     13   1.11    211     13  301.7  305.4  301.9
  770.0   2341    7.7  -22.1     10   0.85    220     14  302.6  305.5  302.8
  729.0   2789    6.2  -33.0      4   0.33    215     13  305.7  306.9  305.8
  715.0   2947    5.6  -36.8      3   0.23    225     15  306.8  307.6  306.8
  700.0   3121    5.0  -41.0      2   0.15    210     14  308.0  308.6  308.0
  699.0   3133    5.0  -41.1      2   0.15    210     14  308.1  308.6  308.1
  667.0   3514    3.2  -45.8      1   0.10    204     15  310.2  310.6  310.3
  648.0   3743    1.5  -45.9      1   0.10    200     16  310.9  311.2  310.9
  579.0   4638   -5.3  -46.4      2   0.10    225     17  313.1  313.5  313.1
  567.0   4805   -6.5  -46.4      3   0.10    215     15  313.5  313.9  313.6
  558.0   4932   -7.5  -46.5      3   0.11    221     16  313.8  314.2  313.9
  539.0   5200   -8.9  -48.3      2   0.09    235     18  315.2  315.6  315.2
  516.0   5537  -10.8  -50.5      2   0.07    250     23  317.0  317.3  317.0
  500.0   5780  -12.1  -52.1      2   0.06    250     31  318.2  318.5  318.2
  485.0   6012  -13.1  -56.5      1   0.04    250     36  319.7  319.9  319.8
  474.0   6187  -13.9  -59.9      1   0.03    254     47  320.9  321.0  320.9
  445.0   6667  -12.2  -56.4      1   0.04    265     78  328.9  329.0  328.9
  443.0   6702  -12.1  -56.1      1   0.04    264     78  329.4  329.6  329.4
  418.0   7145  -12.3  -52.3      2   0.07    254     82  334.7  335.0  334.7
  407.0   7348  -13.5  -48.7      3   0.11    250     83  335.7  336.2  335.7
  400.0   7480  -14.3  -46.3      5   0.15    250     94  336.3  336.9  336.4
  381.0   7842  -17.0  -47.0      6   0.15    255     98  337.5  338.1  337.5
  337.0   8755  -23.7  -48.7      8   0.14    260     97  340.4  340.9  340.4
  300.0   9590  -31.9  -50.9     13   0.12    265     97  340.3  340.8  340.3
  288.0   9876  -34.5  -52.5     14   0.10    266     97  340.6  341.0  340.6
  270.0  10324  -37.3  -66.3      3   0.02    268     96  342.9  342.9  342.9
  253.0  10768  -40.3  -66.0      5   0.02    270     95  344.8  344.9  344.8
  250.0  10850  -40.9  -65.9      5   0.02    270     96  345.1  345.2  345.1
  203.0  12234  -53.1  -71.1      9   0.01    261     99  347.0  347.1  347.0
  200.0  12330  -53.1  -72.1      8   0.01    260     99  348.5  348.6  348.5
  192.0  12592  -53.5  -75.9      5   0.01    260    100  351.9  351.9  351.9
  186.0  12796  -53.9  -78.9      3   0.00    262     99  354.5  354.6  354.5
  168.0  13440  -59.9  -81.9      4   0.00    270     95  355.0  355.0  355.0
  150.0  14140  -64.3                         265     86  359.1         359.1
  135.0  14777  -69.2                         260     88  361.5         361.5
  134.0  14822  -69.5                         261     87  361.6         361.6
  111.0  15930  -75.1                         275     74  371.1         371.1
  110.0  15983  -74.8                         275     73  372.6         372.6
  100.0  16540  -72.1                         255     53  388.2         388.2
   95.0  16840  -73.3                         260     42  391.4         391.4
   92.0  17027  -74.1                         280     46  393.5         393.5
   85.0  17490  -76.1                         285     56  398.6         398.6
   84.9  17497  -76.1                         285     56  398.7         398.7
   79.0  17920  -73.9                         255     47  411.6         411.6
   76.0  18147  -72.7                         245     37  418.7         418.7
   74.0  18304  -71.8                         255     24  423.6         423.6
   70.0  18630  -70.1                         305     22  434.1         434.1
   69.3  18690  -68.5                         304     22  438.8         438.8
   65.0  19072  -70.0                         300     21  443.7         443.7
   64.6  19109  -70.1                         295     22  444.2         444.2
   61.0  19453  -68.2                         250     27  455.8         455.8
   58.0  19755  -66.5                         215     17  466.2         466.2
   57.7  19786  -66.3                         219     16  467.3         467.3
   56.0  19967  -67.5                         245     10  468.6         468.6
   55.7  19999  -67.7                         238     11  468.9         468.9
   54.0  20188  -64.9                         195     15  479.6         479.6
   52.4  20372  -62.1                         143     11  490.1         490.1
   52.0  20419  -62.4                         130     10  490.6         490.6
   50.0  20660  -63.7                          80      5  492.9         492.9
   49.0  20784  -63.8                           0      0  495.7         495.7
   45.0  21305  -63.9                          40     11  507.4         507.4
   42.0  21728  -64.1                         315     11  517.1         517.1
   41.9  21743  -64.1                         313     11  517.5         517.5
   40.0  22028  -62.7                         280     12  528.0         528.0
   39.0  22184  -61.9                         250     16  533.8         533.8
   38.5  22264  -61.5                                     536.8         536.8
