
-----------------------------------------------------------------------------
   PRES   HGHT   TEMP   DWPT   RELH   MIXR   DRCT   SKNT   THTA   THTE   THTV
    hPa     m      C      C      %    g/kg    deg   knot     K      K      K 
-----------------------------------------------------------------------------
 1018.0      5   18.8    4.8     40   5.32    195     11  290.5  306.0  291.4
 1015.0     30   17.2    4.2     42   5.12    196     11  289.1  304.0  290.0
 1000.0    154   16.0    4.0     45   5.12    200     13  289.1  304.0  290.1
  983.0    299   15.1    3.3     45   4.96    210     12  289.6  304.1  290.5
  942.0    658   12.7    1.6     47   4.56    170      7  290.8  304.2  291.6
  934.0    730   12.2    1.2     47   4.49    157      9  291.0  304.2  291.8
  927.0    793   11.7    1.5     49   4.63    145     10  291.1  304.7  291.9
  925.0    811   11.6    1.6     50   4.67    145     11  291.2  304.9  292.0
  887.0   1160    8.4    3.5     71   5.58    145     20  291.4  307.6  292.4
  864.0   1376    7.3    3.4     76   5.69    145     25  292.4  309.1  293.5
  861.0   1405    7.2    3.4     77   5.71    146     25  292.6  309.3  293.6
  850.0   1511    7.0    2.1     71   5.27    150     26  293.5  309.0  294.4
  842.0   1589    6.8    1.2     68   4.97    155     27  294.0  308.8  294.9
  837.0   1638    6.6    0.6     66   4.80    158     26  294.3  308.6  295.2
  817.0   1836    7.6   -2.4     49   3.94    169     22  297.4  309.4  298.1
  794.0   2071    6.6  -19.4     14   1.04    182     18  298.8  302.3  299.0
  788.0   2133    6.5  -20.5     12   0.95    185     17  299.4  302.5  299.5
  778.0   2237    6.4  -22.4     11   0.82    205     12  300.3  303.1  300.4
  769.0   2333    6.2  -24.1      9   0.71    225     16  301.1  303.6  301.3
  754.0   2494    6.0  -27.0      7   0.56    219     17  302.6  304.6  302.7
  746.0   2581    5.6  -26.2      8   0.60    215     18  303.1  305.2  303.2
  720.0   2869    4.3  -23.8     11   0.78    235     24  304.7  307.4  304.9
  704.0   3052    3.4  -22.2     13   0.92    230     30  305.7  308.9  305.9
  700.0   3098    3.2  -21.8     14   0.96    230     30  306.0  309.3  306.2
  639.0   3831    0.0  -49.0      1   0.07    225     29  310.4  310.7  310.4
  624.0   4019   -1.2  -50.2      1   0.06    240     32  311.2  311.4  311.2
  594.0   4410   -3.7  -52.7      1   0.05    241     34  312.7  312.9  312.7
  500.0   5740  -14.5  -56.5      1   0.04    245     40  315.3  315.4  315.3
  483.0   6002  -16.7  -56.9      2   0.04    245     38  315.7  315.8  315.7
  473.0   6160  -18.1  -57.1      2   0.04    246     40  315.9  316.0  315.9
  446.0   6599  -20.1  -62.1      1   0.02    249     45  318.7  318.8  318.7
  400.0   7400  -26.5  -62.5      2   0.02    255     55  320.5  320.6  320.5
  382.0   7730  -29.1  -56.1      6   0.05    258     61  321.3  321.5  321.3
  368.0   7995  -28.9  -60.9      3   0.03    261     67  325.0  325.1  325.0
  360.0   8152  -30.3  -62.3      3   0.02    262     70  325.2  325.3  325.2
  354.0   8271  -29.7  -63.7      2   0.02    263     72  327.5  327.6  327.6
  322.0   8936  -34.6  -65.0      3   0.02    270     85  329.7  329.8  329.7
  319.0   9002  -35.1  -65.1      3   0.02    271     90  329.9  330.0  329.9
  300.0   9430  -33.1  -69.1      1   0.01    275    119  338.6  338.7  338.6
  299.0   9454  -32.9  -68.9      1   0.01    275    120  339.2  339.3  339.2
  294.0   9572  -33.5  -68.6      2   0.01    275    125  340.0  340.1  340.0
  271.0  10144  -36.3  -67.3      3   0.02    280    132  343.9  344.0  343.9
  250.0  10700  -40.9  -68.9      3   0.01    285    138  345.1  345.2  345.1
  241.0  10949  -42.9  -70.0      3   0.01    285    138  345.8  345.9  345.8
  239.0  11005  -43.3  -70.3      4   0.01    285    138  346.0  346.0  346.0
  200.0  12190  -50.1  -77.1      3   0.01    285    130  353.3  353.3  353.3
  179.0  12900  -55.0  -79.5      3   0.00    285    123  356.7  356.7  356.7
  160.0  13617  -59.9  -81.9      4   0.00    275    124  360.0  360.0  360.0
  150.0  14020  -60.7                         265    107  365.3         365.3
  141.0  14403  -61.4                         265     92  370.6         370.6
  133.0  14764  -62.1                         273     76  375.6         375.6
  131.0  14857  -62.7                         275     72  376.2         376.2
  118.0  15493  -66.5                         275     81  380.5         380.5
  115.0  15650  -67.5                         270     78  381.5         381.5
  112.0  15808  -67.8                         270     70  383.9         383.9
  106.0  16138  -68.3                         287     58  389.0         389.0
  105.0  16196  -67.8                         290     56  391.0         391.0
  100.0  16490  -65.1                         280     48  401.7         401.7
   94.0  16865  -67.1                         275     52  404.9         404.9
   92.8  16943  -67.5                         275     51  405.6         405.6
   88.0  17265  -65.9                         275     47  415.1         415.1
   85.0  17476  -64.8                         270     37  421.3         421.3
   84.1  17541  -64.5                         273     34  423.3         423.3
   82.0  17695  -64.6                         280     26  426.1         426.1
   80.0  17845  -64.8                         285     30  428.8         428.8
   76.0  18158  -65.0                         265     35  434.6         434.6
   72.0  18488  -65.3                         240     19  440.7         440.7
   70.0  18660  -65.5                         250     12  443.9         443.9
   69.0  18747  -66.0                         260     11  444.8         444.8
   68.0  18835  -66.4                         270     11  445.6         445.6
   67.4  18889  -66.7                         270     13  446.1         446.1
   64.0  19202  -64.8                         270     24  456.9         456.9
   63.1  19288  -64.3                         281     28  459.9         459.9
   62.0  19395  -64.5                         295     32  461.8         461.8
   59.0  19696  -65.1                         265     27  467.1         467.1
   56.0  20012  -65.7                         255     16  472.7         472.7
   54.0  20232  -66.1                         250     19  476.7         476.7
   52.2  20438  -66.5                         281     21  480.4         480.4
   52.0  20461  -66.2                         285     21  481.7         481.7
   51.0  20580  -64.6                         270     25  488.2         488.2
   50.0  20700  -62.9                         260     23  494.8         494.8
   49.0  20825  -61.3                         255     19  501.5         501.5
   47.0  21087  -59.9                         245     10  510.9         510.9
   44.0  21501  -57.6                         265      8  526.1         526.1
   42.8  21674  -56.7                         251      9  532.6         532.6
   41.0  21946  -57.2                         230     10  537.8         537.8
   40.0  22103  -57.5                         270      5  540.8         540.8
   39.0  22263  -57.9                         315     10  544.0         544.0
   38.9  22279  -57.9                         313     11  544.3         544.3
   38.0  22428  -57.6                         290     16  548.6         548.6
   37.0  22597  -57.3                         295     17  553.7         553.7
   36.0  22771  -57.0                         295     15  558.9         558.9
   35.0  22950  -56.6                         255     10  564.3         564.3
   33.0  23324  -55.9                         240     10  575.8         575.8
   32.0  23519  -55.5                           0      1  581.9         581.9
   30.9  23741  -55.1                         344      4  588.8         588.8
   30.0  23930  -55.9                         330      7  591.6         591.6
   29.0  24146  -56.0                         320     12  597.1         597.1
   25.0  25091  -56.5                           0      0  621.7         621.7
   24.6  25194  -56.5                         338      4  624.4         624.4
   24.0  25352  -56.1                         305     10  630.0         630.0
   23.0  25625  -55.5                         310     20  639.6         639.6
   22.0  25909  -54.8                         280     19  649.8         649.8
   21.0  26207  -54.0                         280     12  660.7         660.7
   20.0  26520  -53.3                         300     15  672.3         672.3
   19.0  26852  -51.8                         260     15  687.0         687.0
   18.6  26989  -51.1                                     693.2         693.2
