
-----------------------------------------------------------------------------
   PRES   HGHT   TEMP   DWPT   RELH   MIXR   DRCT   SKNT   THTA   THTE   THTV
    hPa     m      C      C      %    g/kg    deg   knot     K      K      K 
-----------------------------------------------------------------------------
 1011.0      5   23.6   16.6     65  11.89    290      6  295.8  330.3  297.9
 1010.0     14   23.4   13.4     53   9.65    290      6  295.7  323.8  297.4
 1000.0    103   22.4   14.4     61  10.41    295      8  295.6  325.8  297.4
  967.0    394   19.6   13.6     68  10.22    302     12  295.6  325.2  297.4
  944.0    601   18.6   13.7     73  10.54    307     14  296.6  327.3  298.5
  929.0    739   19.0   12.0     64   9.57    310     16  298.4  326.5  300.1
  928.0    748   18.9   11.9     64   9.55    310     16  298.4  326.5  300.1
  925.0    776   18.8   11.8     64   9.48    310     16  298.5  326.5  300.2
  889.0   1116   17.2    8.2     55   7.73    294     15  300.3  323.4  301.7
  871.0   1290   15.6    7.9     60   7.74    285     14  300.3  323.5  301.7
  850.0   1497   13.6    7.6     67   7.76    285     15  300.4  323.6  301.8
  799.0   2015    8.8    5.6     80   7.19    278     15  300.6  322.2  301.9
  790.0   2108    9.2   -0.8     50   4.59    276     15  302.0  316.2  302.9
  783.0   2183   12.4  -26.6      5   0.56    275     15  306.2  308.2  306.3
  782.0   2193   12.5  -27.3      5   0.52    275     15  306.5  308.3  306.6
  776.0   2258   13.2  -31.8      3   0.35    276     16  307.9  309.1  307.9
  757.0   2464   12.1  -33.2      3   0.31    280     20  308.8  309.9  308.9
  700.0   3115    8.4  -37.6      2   0.22    280     15  311.8  312.6  311.8
  679.0   3366    6.6  -38.6      2   0.20    280     12  312.5  313.3  312.5
  674.0   3426    6.2  -38.8      2   0.20    280     13  312.7  313.4  312.7
  624.0   4057    4.8  -42.2      2   0.15    283     21  318.0  318.6  318.1
  583.0   4607    0.2  -22.8     16   1.06    285     28  318.9  322.7  319.1
  552.0   5043   -2.5  -29.5     11   0.60    287     34  320.7  323.0  320.9
  537.0   5261   -4.1  -14.1     46   2.41    288     37  321.4  329.6  321.8
  503.0   5774   -8.9  -14.9     62   2.40    290     44  321.6  329.8  322.0
  500.0   5820   -9.3  -14.3     67   2.54    290     45  321.6  330.4  322.1
  498.0   5851   -9.5  -15.5     62   2.31    290     45  321.8  329.7  322.2
  492.0   5944   -8.5  -32.5     12   0.51    289     45  324.1  326.0  324.2
  488.0   6007   -8.5  -45.5      3   0.13    288     45  324.9  325.4  324.9
  467.0   6345  -11.5  -32.5     16   0.54    285     45  325.2  327.3  325.3
  453.0   6577  -12.9  -48.9      3   0.10    283     45  326.3  326.7  326.3
  406.0   7400  -18.3  -47.3      6   0.13    276     46  329.7  330.3  329.7
  400.0   7510  -19.3  -49.3      5   0.11    275     46  329.8  330.3  329.8
  394.0   7621  -20.3  -48.5      6   0.12    275     46  329.9  330.4  329.9
  365.0   8183  -25.5  -44.5     15   0.20    271     52  330.3  331.1  330.3
  357.0   8344  -25.7  -49.7      9   0.11    270     54  332.1  332.6  332.1
  312.0   9305  -34.5  -53.5     13   0.08    262     64  332.9  333.2  332.9
  308.0   9395  -33.5  -61.5      4   0.03    261     65  335.5  335.6  335.5
  300.0   9580  -34.5  -61.5      5   0.03    260     67  336.6  336.8  336.6
  289.0   9839  -36.1  -62.1      5   0.03    257     71  338.0  338.1  338.0
  284.0   9961  -34.8  -62.4      4   0.03    255     73  341.6  341.7  341.6
  280.0  10059  -33.7  -62.7      4   0.03    256     73  344.5  344.6  344.5
  250.0  10840  -40.3  -68.3      3   0.02    265     71  346.0  346.1  346.0
  223.0  11607  -46.7  -72.1      4   0.01    275     71  347.6  347.7  347.6
  210.0  12011  -50.1  -74.1      4   0.01    272     73  348.4  348.4  348.4
  200.0  12330  -51.5  -77.5      3   0.00    270     75  351.1  351.1  351.1
  189.0  12689  -53.8  -79.0      3   0.00    270     76  353.0  353.1  353.0
  163.0  13628  -59.9  -82.9      3   0.00    257     66  358.1  358.1  358.1
  160.0  13742  -60.8                         255     65  358.5         358.5
  150.0  14140  -63.9                         260     56  359.8         359.8
  147.0  14262  -64.8                         265     55  360.3         360.3
  128.0  15096  -71.1                         265     62  363.5         363.5
  124.0  15283  -71.2                         265     64  366.7         366.7
  113.0  15833  -71.5                         260     39  376.1         376.1
  111.0  15938  -71.5                         260     39  377.9         377.9
  106.0  16208  -72.8                         260     38  380.4         380.4
  100.0  16550  -74.5                         235     31  383.5         383.5
   90.7  17114  -76.5                         225     19  390.4         390.4
   90.0  17159  -76.3                         225     18  391.8         391.8
   86.0  17424  -74.8                         245     15  399.8         399.8
   82.0  17701  -73.3                         225     15  408.3         408.3
   79.0  17918  -72.2                         240     11  415.1         415.1
   76.9  18075  -71.3                         219     11  420.1         420.1
   74.0  18302  -71.0                         190     10  425.2         425.2
   71.0  18546  -70.8                         190      8  430.9         430.9
   70.0  18630  -70.7                         185      8  432.8         432.8
   64.0  19168  -69.2                         130     10  447.4         447.4
   59.0  19657  -67.8                         115     12  461.0         461.0
   57.0  19864  -67.2                          85     16  466.9         466.9
   53.5  20245  -66.1                          42     15  478.0         478.0
   51.8  20442  -63.3                          21     15  488.9         488.9
   51.0  20538  -63.3                          10     15  491.1         491.1
   50.0  20660  -63.3                         355     15  493.9         493.9
   49.0  20784  -63.3                         345     14  496.8         496.8
   48.0  20911  -63.3                         320      8  499.7         499.7
   46.0  21172  -63.3                         205      3  505.8         505.8
   44.0  21446  -63.3                         170     10  512.3         512.3
   42.0  21735  -62.0                         135     13  522.3         522.3
   38.0  22359  -59.3                         105     27  544.5         544.5
   35.9  22713  -57.7                          91     28  557.4         557.4
   35.0  22874  -57.5                          85     28  562.1         562.1
   30.0  23850  -56.1                          60     20  591.1         591.1
   27.2  24476  -54.1                          44     18  613.5         613.5
   25.0  25024  -52.2                          30     17  633.9         633.9
   23.0  25566  -50.3                          45     15  654.7         654.7
   22.0  25855  -49.3                          25     10  666.0         666.0
   21.4  26035  -48.7                          47      8  673.2         673.2
   20.0  26480  -48.5                         100      4  687.0         687.0
   17.0  27551  -48.0                         130      7  721.1         721.1
   16.0  27950  -47.9                         165     13  734.3         734.3
   15.2  28288  -47.7                                     745.6         745.6
