
-----------------------------------------------------------------------------
   PRES   HGHT   TEMP   DWPT   RELH   MIXR   DRCT   SKNT   THTA   THTE   THTV
    hPa     m      C      C      %    g/kg    deg   knot     K      K      K 
-----------------------------------------------------------------------------
 1016.0      5   23.4   14.4     57  10.25      0     10  295.2  324.9  297.0
 1012.0     40   21.2   13.2     60   9.50      0     11  293.4  320.8  295.0
 1003.0    118   20.9   13.7     63   9.88      0     12  293.8  322.3  295.6
 1000.0    144   20.8   13.8     64  10.01      0     12  293.9  322.8  295.7
  970.0    405   17.9   13.0     73   9.77      5     14  293.6  321.8  295.3
  950.0    583   15.9   12.4     80   9.61     15     12  293.3  321.0  295.0
  943.0    647   15.2   12.2     82   9.55     12     13  293.2  320.7  294.9
  925.0    810   14.2   10.8     80   8.86      5     16  293.8  319.5  295.4
  909.0    957   13.5    8.8     73   7.86     10     20  294.6  317.5  296.0
  883.0   1202   12.4    5.4     62   6.41     18     18  295.9  314.8  297.0
  877.0   1259   13.2    0.2     41   4.45     20     17  297.3  310.8  298.1
  852.0   1502   12.8   -1.1     38   4.16      0     10  299.4  312.1  300.1
  850.0   1522   12.8   -1.2     38   4.14    355     10  299.5  312.2  300.3
  839.0   1631   12.6    1.6     47   5.15    347      9  300.4  316.1  301.4
  831.0   1712   12.6   -3.4     33   3.60    342      8  301.3  312.5  301.9
  776.0   2281    7.8    2.9     71   6.11    301      3  302.1  320.6  303.2
  761.0   2441    7.0    1.1     66   5.49    290      2  302.9  319.7  303.9
  727.0   2815    5.1   -3.0     56   4.24    265     10  304.8  318.1  305.6
  700.0   3125    3.6   -6.4     48   3.40    240     20  306.4  317.3  307.1
  691.0   3230    3.2   -8.8     41   2.86    240     22  307.1  316.3  307.7
  684.0   3311    2.5   -9.3     42   2.78    240     23  307.2  316.2  307.7
  608.0   4250   -5.9  -14.9     49   1.99    240     19  308.1  314.6  308.4
  604.0   4302   -5.5  -19.2     33   1.40    240     19  309.1  313.8  309.3
  590.0   4487   -4.3  -34.3      8   0.36    229     20  312.6  313.9  312.7
  585.0   4553   -4.7  -35.0      7   0.34    225     20  312.9  314.1  312.9
  554.0   4975   -7.5  -39.4      6   0.23    225     26  314.5  315.4  314.5
  502.0   5739  -12.5  -47.4      4   0.11    235     19  317.4  317.8  317.4
  500.0   5770  -12.7  -47.7      4   0.10    235     18  317.5  317.9  317.5
  479.0   6095  -14.5  -50.4      3   0.08    265     18  319.2  319.6  319.2
  456.0   6468  -16.5  -53.5      2   0.06    258     14  321.2  321.4  321.2
  445.0   6649  -17.9  -53.2      3   0.06    255     12  321.7  321.9  321.7
  416.0   7149  -21.8  -52.5      4   0.07    270     22  322.9  323.2  322.9
  400.0   7440  -24.1  -52.1      6   0.08    265     24  323.6  323.9  323.6
  373.0   7944  -28.5  -55.5      6   0.06    252     28  324.3  324.5  324.3
  371.0   7982  -28.1  -57.1      4   0.05    251     29  325.3  325.5  325.3
  368.0   8040  -28.4  -58.1      4   0.04    250     29  325.7  325.9  325.7
  351.0   8377  -30.1  -64.1      2   0.02    250     32  327.8  327.9  327.8
  300.0   9470  -39.3  -64.3      5   0.02    250     42  329.9  330.0  329.9
  267.0  10260  -45.1  -66.1      8   0.02    254     53  332.6  332.7  332.6
  260.0  10437  -45.0  -68.4      6   0.01    255     56  335.2  335.3  335.2
  250.0  10700  -44.9  -71.9      3   0.01    250     62  339.2  339.2  339.2
  246.0  10808  -44.9  -72.9      3   0.01    249     63  340.7  340.8  340.8
  200.0  12170  -52.5  -80.5      2   0.00    240     75  349.5  349.5  349.5
  187.0  12599  -55.4  -81.7      2   0.00    240     79  351.5  351.5  351.5
  185.0  12668  -55.9  -81.9      3   0.00    241     77  351.8  351.9  351.8
  169.0  13236  -58.4  -83.2      3   0.00    250     56  356.9  356.9  356.9
  160.0  13580  -59.9  -83.9      3   0.00    250     64  360.0  360.0  360.0
  157.0  13697  -60.4                         250     67  361.1         361.1
  150.0  13980  -61.5                         250     65  363.9         363.9
  140.0  14406  -63.9                         254     65  367.0         367.0
  138.0  14493  -64.2                         255     65  368.0         368.0
  125.0  15091  -65.9                         260     46  375.4         375.4
  117.0  15491  -67.1                         250     56  380.4         380.4
  111.0  15809  -68.0                         245     42  384.4         384.4
  103.0  16261  -69.4                         260     25  390.1         390.1
  100.0  16440  -69.9                         245     29  392.4         392.4
   97.0  16621  -70.8                         240     30  394.0         394.0
   94.4  16783  -71.7                         260     27  395.4         395.4
   93.0  16873  -70.9                         260     29  398.6         398.6
   89.0  17139  -68.7                         245     12  408.2         408.2
   86.0  17346  -66.9                         285      8  415.8         415.8
   83.0  17561  -65.1                         260     10  423.7         423.7
   81.0  17708  -63.8                         340      2  429.2         429.2
   80.2  17768  -63.3                         337      4  431.5         431.5
   77.0  18018  -64.7                         325     10  433.8         433.8
   74.0  18261  -66.0                         310     15  435.9         435.9
   73.3  18319  -66.3                         293     12  436.4         436.4
   73.0  18344  -66.2                         285     10  437.1         437.1
   70.0  18600  -65.3                         165      8  444.4         444.4
   62.8  19258  -66.1                          35      2  456.6         456.6
   61.0  19435  -64.7                           0      0  463.5         463.5
   58.0  19743  -62.3                         135     10  475.7         475.7
   57.3  19818  -61.7                         125     15  478.6         478.6
   56.0  19960  -61.6                         105     23  482.0         482.0
   50.0  20660  -61.3                          85     31  498.6         498.6
   49.0  20786  -61.2                          75     31  501.8         501.8
   46.0  21181  -60.8                          80     34  511.9         511.9
   44.0  21459  -60.5                          70     25  519.1         519.1
   41.0  21900  -60.1                          90     30  530.8         530.8
   37.4  22474  -59.5                          85     33  546.3         546.3
   34.0  23078  -57.9                          80     37  565.7         565.7
   30.0  23870  -55.7                          85     40  592.2         592.2
   27.0  24546  -54.7                          85     45  613.1         613.1
   23.0  25574  -53.2                          75     33  646.3         646.3
   20.1  26438  -51.9                          85     35  675.6         675.6
   20.0  26470  -52.3                          85     35  675.3         675.3
   18.0  27150  -52.9                                     694.1         694.1
