
-----------------------------------------------------------------------------
   PRES   HGHT   TEMP   DWPT   RELH   MIXR   DRCT   SKNT   THTA   THTE   THTV
    hPa     m      C      C      %    g/kg    deg   knot     K      K      K 
-----------------------------------------------------------------------------
 1010.0      5   25.8   18.8     65  13.71      5      7  298.1  338.1  300.6
 1000.0     92   24.2   17.2     65  12.50      0      9  297.4  333.8  299.6
  998.0    110   24.0   17.0     65  12.36      0      9  297.3  333.4  299.5
  957.0    475   20.4   16.6     79  12.57      3     10  297.3  333.9  299.5
  925.0    769   18.6   13.6     73  10.69      5     11  298.3  329.7  300.2
  907.0    937   17.4   11.7     69   9.58      5     10  298.8  327.0  300.5
  901.0    994   17.0   11.0     68   9.23      1      9  298.9  326.2  300.6
  859.0   1400   14.2   12.0     86  10.35    335      5  300.1  330.7  302.0
  850.0   1489   13.6   12.2     91  10.61    315      5  300.4  331.8  302.3
  842.0   1569   13.2   11.9     92  10.50    302      7  300.8  331.9  302.7
  817.0   1825   15.5   10.0     70   9.54    260     12  305.8  334.8  307.6
  814.0   1856   15.8    9.8     68   9.43    258     12  306.4  335.2  308.2
  784.0   2174   14.7    7.6     62   8.40    240     10  308.6  334.5  310.1
  761.0   2427   13.8    5.8     58   7.65    244     10  310.2  334.1  311.7
  728.0   2798   11.0    3.6     60   6.84    250     10  311.2  332.6  312.5
  700.0   3126    8.6    1.6     61   6.18    245     14  312.0  331.5  313.1
  676.0   3413    6.4    1.6     71   6.37    225     21  312.6  332.8  313.8
  653.0   3697    4.2    1.5     83   6.58    234     24  313.3  334.1  314.5
  640.0   3861    3.3    0.9     84   6.44    240     25  314.1  334.6  315.3
  630.0   3989    2.6    0.5     86   6.34    237     27  314.7  334.9  315.9
  598.0   4407    1.3   -2.4     77   5.40    225     32  317.8  335.4  318.9
  516.0   5590   -2.5  -10.5     54   3.35    230     18  327.0  338.5  327.6
  514.0   5621   -2.4  -11.0     51   3.22    230     18  327.5  338.6  328.1
  513.0   5637   -2.3  -11.3     50   3.16    230     18  327.8  338.7  328.4
  500.0   5840   -3.5  -12.5     50   2.94    230     20  328.7  339.0  329.3
  441.0   6813  -10.2  -18.1     52   2.09    210     25  332.2  339.7  332.6
  400.0   7570  -15.5  -22.5     55   1.58    225     19  334.8  340.6  335.1
  389.0   7780  -17.5  -23.5     60   1.49    229     18  334.8  340.3  335.1
  375.0   8051  -19.1  -27.5     47   1.07    235     17  336.2  340.3  336.5
  334.0   8907  -24.1  -40.1     21   0.35    225     21  340.7  342.1  340.8
  300.0   9680  -30.9  -44.9     24   0.23    215     24  341.7  342.7  341.8
  294.0   9822  -32.3  -47.3     21   0.18    213     26  341.7  342.5  341.7
  287.0   9991  -33.3  -52.3     13   0.11    211     28  342.6  343.1  342.7
  250.0  10940  -40.9  -52.9     26   0.11    200     40  345.1  345.6  345.1
  234.0  11379  -44.7  -56.7     25   0.08    185     42  346.0  346.3  346.0
  200.0  12420  -53.7  -65.7     22   0.03    180     42  347.6  347.7  347.6
  183.0  12984  -59.1  -68.1     30   0.02    177     49  347.7  347.8  347.7
  180.0  13088  -59.9  -68.9     30   0.02    177     50  348.1  348.2  348.1
  171.0  13403  -61.7                         175     54  350.2         350.2
  154.0  14048  -65.4                         175     34  354.6         354.6
  150.0  14210  -66.3                         185     29  355.7         355.7
  146.0  14370  -67.5                         195     25  356.4         356.4
  140.0  14619  -69.3                         220     22  357.5         357.5
  135.0  14835  -70.9                         245     23  358.5         358.5
  123.0  15387  -74.9                         235     33  360.8         360.8
  106.0  16244  -77.2                         190     61  372.1         372.1
  100.0  16580  -78.1                         180     48  376.6         376.6
   95.5  16842  -79.5                         185     32  378.8         378.8
   95.0  16873  -79.4                         190     31  379.6         379.6
   85.0  17509  -77.5                         205     29  395.7         395.7
   82.0  17715  -76.9                         200     30  401.0         401.0
   80.1  17849  -76.5                         184     30  404.5         404.5
   78.0  18004  -74.8                         165     30  411.2         411.2
   74.6  18264  -71.9                         163     29  422.5         422.5
   71.0  18556  -71.7                         160     28  428.8         428.8
   70.0  18640  -71.7                         155     28  430.7         430.7
   62.0  19359  -70.3                         105     24  448.9         448.9
   61.9  19369  -70.3                         105     24  449.2         449.2
   60.0  19554  -71.3                         115     22  450.9         450.9
   58.0  19757  -70.1                         125     19  458.1         458.1
   54.0  20187  -67.5                          95     19  473.5         473.5
   53.0  20300  -66.8                         100     17  477.6         477.6
   51.0  20531  -65.4                         120     21  486.1         486.1
   50.0  20650  -64.7                         115     22  490.6         490.6
   46.0  21165  -61.4                          90     26  510.4         510.4
   44.1  21425  -59.7                          97     26  520.7         520.7
   41.0  21883  -58.8                         110     25  533.9         533.9
   38.0  22361  -57.9                          95     33  548.0         548.0
   35.7  22753  -57.1                          93     27  559.9         559.9
   34.5  22969  -58.1                          92     24  562.7         562.7
   32.0  23443  -57.7                          90     17  576.1         576.1
   30.0  23850  -57.3                          75     30  587.8         587.8
   29.0  24064  -57.7                          75     26  592.5         592.5
   28.0  24290  -56.8                          75     21  601.0         601.0
   20.0  26460  -48.1                          85     33  688.2         688.2
   17.2  27458  -45.9                          99     39  725.5         725.5
   17.0  27536  -46.2                         100     39  727.1         727.1
   16.9  27575  -46.3                                     727.9         727.9
