
-----------------------------------------------------------------------------
   PRES   HGHT   TEMP   DWPT   RELH   MIXR   DRCT   SKNT   THTA   THTE   THTV
    hPa     m      C      C      %    g/kg    deg   knot     K      K      K 
-----------------------------------------------------------------------------
 1020.0      5   25.0   15.0     54  10.62    120     11  296.5  327.4  298.4
 1017.0     30   23.0   13.0     53   9.33    122     12  294.7  321.8  296.4
 1002.0    155   21.9   13.7     60   9.93    130     15  294.9  323.7  296.7
 1000.0    172   21.8   13.8     60  10.01    130     15  294.9  324.0  296.7
  930.0    796   15.3   12.5     83   9.88    125     13  294.5  323.1  296.2
  925.0    842   14.8   12.4     86   9.87    130     12  294.4  323.0  296.2
  905.0   1027   13.4   11.6     89   9.56    157     12  294.8  322.6  296.5
  903.0   1045   13.3   11.4     88   9.45    160     12  294.9  322.4  296.6
  885.0   1214   12.4    9.5     82   8.49    160     10  295.7  320.5  297.2
  850.0   1552   10.6    5.7     72   6.80    145      3  297.2  317.4  298.5
  815.0   1901    8.5    1.6     62   5.31      0      0  298.6  314.6  299.6
  813.0   1922    8.4    1.4     61   5.24      3      0  298.7  314.5  299.6
  807.0   1983    7.8    5.5     85   7.06     13      1  298.7  319.7  300.0
  796.0   2096    7.8   -1.2     53   4.42     31      2  299.9  313.4  300.7
  789.0   2169    7.8   -9.2     29   2.43     43      3  300.6  308.3  301.1
  760.0   2477    6.6  -14.4     21   1.66     93      6  302.6  308.0  302.9
  740.0   2697    8.6  -23.4      8   0.79    128      8  307.1  309.8  307.2
  725.0   2865    7.4  -19.6     13   1.12    155     10  307.6  311.4  307.8
  710.0   3037    6.2  -15.8     19   1.58    161     11  308.1  313.4  308.4
  700.0   3153    6.0  -19.0     15   1.22    165     11  309.1  313.3  309.3
  687.0   3306    6.0  -24.0      9   0.80    165     12  310.8  313.6  310.9
  682.0   3366    6.0  -26.0      8   0.68    165     12  311.4  313.8  311.5
  680.0   3390    6.0  -25.0      9   0.74    165     12  311.7  314.3  311.8
  676.0   3438    6.0  -23.0     10   0.89    177     11  312.2  315.3  312.4
  670.0   3510    5.5  -24.8      9   0.77    195     10  312.5  315.2  312.6
  624.0   4088    2.0  -39.0      3   0.21    237     11  314.8  315.6  314.9
  621.0   4126    1.8  -38.3      3   0.23    240     11  315.0  315.9  315.1
  588.0   4564   -0.9  -30.9      8   0.50    239      9  316.9  318.7  316.9
  524.0   5468   -8.9  -33.9     11   0.42    236      6  317.8  319.4  317.9
  507.0   5723   -9.9  -41.9      5   0.19    235      5  319.6  320.4  319.7
  500.0   5830  -10.7  -41.7      6   0.20    235      5  319.9  320.7  320.0
  431.0   6948  -19.1  -48.1      6   0.11    190     12  323.1  323.6  323.1
  400.0   7510  -23.3  -51.3      6   0.09    160     10  324.6  325.0  324.6
  397.0   7565  -23.5  -51.5      6   0.08    157     10  325.1  325.4  325.1
  387.0   7747  -25.1  -51.9      6   0.08    145     11  325.3  325.7  325.4
  368.0   8105  -28.3  -52.8      8   0.08    160     11  325.8  326.2  325.8
  355.0   8361  -30.5  -53.4      9   0.07    140     11  326.1  326.5  326.2
  326.0   8968  -35.9  -54.9     12   0.07    145      9  326.8  327.1  326.8
  300.0   9540  -39.7  -59.7     10   0.04    160     13  329.3  329.5  329.3
  256.0  10603  -47.7  -64.8     12   0.02    175     16  332.8  332.9  332.8
  254.0  10656  -48.1  -65.1     12   0.02    178     16  332.9  333.0  332.9
  250.0  10760  -48.7  -65.7     12   0.02    185     17  333.5  333.6  333.5
  243.0  10946  -49.6  -67.0     11   0.02    195     25  334.9  335.0  334.9
  233.0  11220  -50.9  -68.9     10   0.02    190     28  337.0  337.1  337.0
  222.0  11536  -49.4  -71.5      6   0.01    185     25  344.0  344.0  344.0
  217.0  11685  -48.7  -72.7      4   0.01    199     31  347.3  347.4  347.3
  215.0  11746  -48.8  -73.4      4   0.01    205     33  348.0  348.1  348.0
  208.0  11963  -49.2  -75.8      3   0.01    200     36  350.7  350.8  350.7
  200.0  12220  -49.7  -78.7      2   0.00    190     33  353.9  353.9  353.9
  197.0  12318  -50.0  -79.2      2   0.00    185     31  354.9  354.9  354.9
  178.0  12977  -52.3  -82.3      2   0.00    191     30  361.6  361.6  361.6
  155.0  13856  -59.9  -84.9      2   0.00    199     28  363.3  363.3  363.3
  152.0  13978  -60.9                         200     28  363.7         363.7
  150.0  14060  -61.5                         200     29  363.9         363.9
  146.0  14227  -62.7                         189     28  364.7         364.7
  136.0  14662  -63.7                         160     26  370.4         370.4
  131.0  14891  -64.2                         170     19  373.4         373.4
  125.0  15179  -64.9                         205     26  377.3         377.3
  116.0  15636  -65.9                         170     15  383.5         383.5
  110.0  15957  -68.3                         185     24  384.9         384.9
  108.0  16068  -69.1                         175     23  385.4         385.4
  106.0  16180  -68.7                         165     17  388.2         388.2
  103.0  16352  -68.1                         170     13  392.5         392.5
  100.0  16530  -67.5                         155     19  397.1         397.1
   96.0  16777  -67.0                         165     17  402.7         402.7
   93.0  16968  -66.6                         155     19  407.1         407.1
   89.0  17234  -66.1                         185     17  413.4         413.4
   84.0  17583  -65.4                         170     11  421.7         421.7
   83.6  17612  -65.3                         166     11  422.4         422.4
   83.0  17655  -65.5                         160     10  422.9         422.9
   80.0  17877  -66.3                           0      0  425.7         425.7
   73.0  18428  -68.3                         110     10  432.6         432.6
   72.0  18511  -68.7                          95     12  433.6         433.6
   70.0  18680  -69.3                          85      9  435.8         435.8
   67.7  18879  -70.1                         108      4  438.2         438.2
   67.0  18942  -69.7                         115      2  440.4         440.4
   66.0  19034  -69.2                         150     10  443.5         443.5
   64.0  19221  -68.0                         135     24  449.9         449.9
   60.0  19613  -65.6                          90     25  463.6         463.6
   57.0  19925  -63.7                          75     21  474.8         474.8
   56.0  20032  -63.1                          90     23  478.7         478.7
   53.4  20321  -61.3                          90     29  489.3         489.3
   52.0  20486  -61.0                          90     32  493.8         493.8
   50.0  20730  -60.5                          75     34  500.5         500.5
   48.0  20987  -59.8                          70     31  508.1         508.1
   43.0  21678  -57.8                          75     15  529.1         529.1
   41.0  21978  -57.0                          55     14  538.4         538.4
   38.1  22439  -55.7                          89      4  553.1         553.1
   38.0  22456  -55.7                          90      4  553.5         553.5
   37.0  22624  -56.0                         135     10  557.0         557.0
   36.0  22797  -56.3                         100     12  560.7         560.7
   33.0  23347  -57.1                          70     12  572.5         572.5
   32.0  23542  -57.5                          80     12  576.7         576.7
   31.0  23743  -57.8                         125     11  581.1         581.1
   30.0  23950  -58.1                         110     14  585.7         585.7
   29.4  24077  -58.7                          98     16  587.4         587.4
   29.0  24164  -58.4                          90     18  590.4         590.4
   27.0  24620  -57.1                          70     19  606.5         606.5
   26.0  24861  -56.4                          80     18  615.1         615.1
   24.0  25372  -54.8                          55     20  633.8         633.8
   23.0  25643  -54.0                          80     23  643.9         643.9
   20.4  26409  -51.7                          63     24  673.4         673.4
   20.0                                        60     24                     
