
-----------------------------------------------------------------------------
   PRES   HGHT   TEMP   DWPT   RELH   MIXR   DRCT   SKNT   THTA   THTE   THTV
    hPa     m      C      C      %    g/kg    deg   knot     K      K      K 
-----------------------------------------------------------------------------
 1018.0      5   18.8   13.8     73   9.83    230      6  290.5  318.4  292.2
 1011.0     63   16.8   11.8     72   8.67    247      8  289.1  313.6  290.6
 1000.0    154   16.0   12.2     78   9.00    275     10  289.1  314.7  290.7
  994.0    205   15.8   12.4     80   9.18    277     10  289.4  315.5  291.1
  981.0    317   15.6   12.5     82   9.36    282     11  290.3  317.0  292.0
  934.0    734   14.4    9.7     73   8.15    301     14  293.2  316.8  294.6
  925.0    816   13.8    9.1     73   7.90    305     14  293.4  316.3  294.8
  914.2    914   13.1    8.5     74   7.67    300     14  293.7  316.0  295.0
  881.4   1219   10.8    6.7     75   7.00    315     14  294.4  314.9  295.6
  850.0   1522    8.6    4.8     77   6.38    305     15  295.1  313.9  296.3
  838.0   1640    7.8    3.3     73   5.82    304     16  295.5  312.8  296.5
  796.0   2062    4.4    1.2     80   5.27    301     20  296.2  312.0  297.2
  789.0   2134    5.3  -11.8     28   1.98    300     21  297.9  304.2  298.3
  788.0   2144    5.4  -13.6     24   1.71    300     21  298.2  303.6  298.5
  760.1   2438    4.3  -29.4      6   0.44    290     22  300.1  301.6  300.1
  743.0   2623    3.6  -39.4      3   0.17    292     23  301.3  301.9  301.3
  731.0   2755    3.0  -33.0      5   0.33    293     24  302.0  303.2  302.1
  730.0   2766    3.0  -24.0     12   0.76    293     24  302.1  304.7  302.3
  722.0   2855    2.0   -8.0     48   2.91    293     24  302.0  311.2  302.5
  710.0   2990    0.6   -6.4     59   3.35    295     25  301.9  312.4  302.5
  704.9   3048    0.1   -7.4     57   3.13    295     25  302.0  311.9  302.6
  700.0   3104   -0.3   -8.3     55   2.93    295     26  302.1  311.4  302.7
  678.5   3353   -2.2  -10.2     54   2.60    280     29  302.7  311.0  303.2
  671.0   3441   -2.9  -10.9     54   2.49    279     28  302.9  310.8  303.3
  652.8   3658   -4.5  -13.4     50   2.09    275     25  303.5  310.3  303.9
  628.0   3962   -6.6  -16.9     44   1.62    285     29  304.4  309.8  304.7
  616.0   4113   -7.7  -18.7     41   1.43    278     34  304.9  309.6  305.1
  611.0   4177   -7.3  -16.3     49   1.76    274     37  306.0  311.8  306.4
  604.0   4267   -3.9  -36.9      6   0.27    270     40  311.0  312.0  311.0
  601.0   4307   -3.1  -52.1      1   0.05    270     40  312.3  312.6  312.4
  561.0   4848   -6.7  -31.7     12   0.48    272     47  314.3  316.1  314.4
  544.0   5088   -7.5  -35.5      9   0.34    273     49  316.1  317.4  316.2
  500.0   5740  -11.7  -36.7     11   0.33    275     57  318.7  320.0  318.8
  496.6   5791  -12.0  -37.2     10   0.32    280     54  318.9  320.1  319.0
  460.0   6373  -15.9  -42.9      8   0.19    274     63  321.1  321.9  321.2
  439.9   6706  -18.9  -40.0     14   0.27    270     69  321.5  322.6  321.6
  433.0   6825  -19.9  -38.9     17   0.31    270     72  321.7  322.9  321.7
  422.3   7010  -20.6  -42.1     13   0.22    270     77  323.1  324.0  323.2
  408.0   7264  -21.5  -46.5      9   0.14    273     85  325.1  325.7  325.1
  400.0   7410  -22.5  -38.5     22   0.35    275     89  325.7  327.0  325.7
  394.0   7521  -22.7  -35.7     30   0.46    275     89  326.8  328.6  326.9
  391.0   7577  -22.9  -39.9     20   0.31    275     89  327.3  328.5  327.3
  388.7   7620  -23.2  -39.7     21   0.31    275     89  327.4  328.6  327.4
  379.0   7804  -24.7  -38.7     26   0.36    278     88  327.8  329.2  327.9
  374.0   7901  -25.1  -33.1     47   0.63    280     88  328.5  330.9  328.7
  372.8   7925  -25.2  -33.7     45   0.60    280     88  328.7  331.0  328.8
  360.0   8177  -26.5  -39.5     28   0.35    276     90  330.3  331.6  330.3
  357.4   8230  -26.9  -39.2     30   0.36    275     91  330.4  331.9  330.5
  330.0   8800  -30.9  -35.5     64   0.57    269    108  332.5  334.7  332.6
  319.0   9040  -31.9  -37.9     55   0.46    266    116  334.4  336.2  334.5
  314.3   9144  -32.8  -38.4     57   0.45    265    119  334.6  336.4  334.7
  300.0   9470  -35.5  -39.8     65   0.40    270    118  335.2  336.8  335.3
  275.5  10058  -40.2  -46.2     53   0.22    270    119  336.7  337.6  336.7
  275.0  10071  -40.3  -46.3     53   0.22    270    119  336.7  337.6  336.8
  266.0  10299  -40.1  -46.1     53   0.23    272    124  340.2  341.2  340.3
  254.0  10613  -42.5  -47.5     58   0.21    274    131  341.2  342.1  341.2
  250.0  10720  -43.5  -48.5     58   0.19    275    133  341.3  342.1  341.3
  240.5  10973  -45.6  -50.8     56   0.15    275    133  341.9  342.6  342.0
  200.0  12180  -55.5  -61.5     47   0.05    275    138  344.7  344.9  344.7
  189.0  12537  -59.1  -65.1     46   0.03    272    141  344.5  344.7  344.6
  183.0  12739  -59.5  -68.8     29   0.02    270    142  347.0  347.1  347.0
  178.0  12912  -59.9  -71.9     19   0.01    270    142  349.2  349.2  349.2
  172.5  13106  -61.3                         270    142  350.1         350.1
  170.0  13197  -61.9                         269    141  350.5         350.5
  156.2  13716  -65.8                         265    138  352.5         352.5
  153.0  13840  -66.7                         265    125  353.0         353.0
  150.0  13960  -66.1                         270    119  356.0         356.0
  145.0  14167  -63.9                         273    117  363.3         363.3
  141.3  14326  -64.5                         275    115  364.9         364.9
  138.0  14470  -65.1                         276    117  366.4         366.4
  134.0  14651  -62.5                         278    119  374.1         374.1
  127.9  14935  -63.6                         280    122  377.0         377.0
  115.8  15545  -66.1                         270     93  383.3         383.3
  114.0  15642  -66.5                         272     90  384.3         384.3
  111.0  15804  -65.3                         274     85  389.5         389.5
  110.2  15850  -65.6                         275     84  389.9         389.9
  106.0  16084  -66.9                         287     81  391.6         391.6
  104.8  16154  -66.3                         290     80  394.0         394.0
  100.0  16440  -63.9                         280     66  404.0         404.0
   94.8  16764  -66.0                         280     66  406.0         406.0
   94.2  16802  -66.3                         276     57  406.2         406.2
   94.0  16815  -66.3                         275     54  406.6         406.6
   90.0  17078  -65.5                         285     44  413.1         413.1
   85.6  17381  -64.7                         283     47  420.7         420.7
   78.0  17940  -67.3                         280     52  426.6         426.6
   74.3  18232  -68.7                         277     40  429.7         429.7
   71.0  18505  -65.7                         275     29  441.8         441.8
   70.0  18590  -64.7                         275     29  445.6         445.6
   68.0  18770  -62.5                         280     35  454.1         454.1
   63.3  19216  -57.1                         271     20  475.4         475.4
   63.0  19246  -57.3                         270     19  475.5         475.5
   60.1  19543  -59.5                         299     25  477.1         477.1
   60.0  19553  -59.5                         300     25  477.3         477.3
   57.0  19873  -60.0                         265     23  483.2         483.2
   54.0  20210  -60.6                         280     21  489.4         489.4
   52.0  20446  -61.0                         285     19  493.9         493.9
   51.2  20542  -61.1                         279     17  495.7         495.7
   50.0  20690  -60.5                         270     13  500.5         500.5
   48.0  20947  -59.7                         280     15  508.2         508.2
   47.0  21079  -59.3                         225     22  512.2         512.2
   46.0  21214  -58.9                         210     30  516.3         516.3
   44.0  21494  -58.1                         230     12  524.9         524.9
   43.0  21638  -57.7                         330     10  529.5         529.5
   41.7  21831  -57.1                         311     11  535.5         535.5
   41.0  21938  -57.2                         300     12  537.9         537.9
   39.0  22255  -57.5                         280     15  544.9         544.9
   38.9  22271  -57.5                         281     15  545.3         545.3
   37.0  22592  -56.0                         305     15  556.9         556.9
   35.0  22948  -54.4                         300     20  570.1         570.1
   32.4  23442  -52.1                         274     11  588.9         588.9
   32.0  23523  -52.3                         270     10  590.6         590.6
   31.0  23728  -52.7                         290      7  594.8         594.8
   30.0  23940  -53.1                         320     10  599.3         599.3
   29.0  24158  -54.3                         300     12  601.8         601.8
   28.7  24224  -54.7                         310     15  602.5         602.5
   28.0  24383  -54.5                         335     22  607.4         607.4
   26.0  24859  -53.8                         305     26  622.3         622.3
   25.0  25111  -53.5                         250     22  630.3         630.3
   24.0  25373  -53.1                         245     24  638.8         638.8
   23.5  25508  -52.9                         254     23  643.2         643.2
   22.0  25936  -50.1                         281     20  663.7         663.7
   21.0  26239  -50.9                         300     18  670.2         670.2
   20.5  26396  -51.3                                     673.6         673.6
