
-----------------------------------------------------------------------------
   PRES   HGHT   TEMP   DWPT   RELH   MIXR   DRCT   SKNT   THTA   THTE   THTV
    hPa     m      C      C      %    g/kg    deg   knot     K      K      K 
-----------------------------------------------------------------------------
 1023.0      5   23.4   10.4     44   7.79     95      6  294.6  317.4  296.0
 1019.0     38   21.6    9.6     46   7.41     98      7  293.2  314.7  294.5
 1004.0    164   19.8    9.8     52   7.63    111      8  292.6  314.7  294.0
 1000.0    198   19.4    9.4     52   7.45    115      9  292.6  314.1  293.9
  937.0    752   13.9    8.5     70   7.47    120     10  292.4  314.1  293.8
  925.0    862   12.8    8.3     74   7.48    115     11  292.4  314.0  293.7
  874.0   1334    8.8    5.4     79   6.47    100     14  293.0  311.9  294.1
  857.0   1497    7.4    4.4     81   6.15    107     15  293.2  311.2  294.3
  850.0   1565    8.0   -2.0     49   3.90    110     15  294.5  306.3  295.2
  845.0   1614    9.8  -13.2     18   1.64    113     15  296.9  302.1  297.2
  811.0   1953    7.8  -27.2      6   0.51    135     17  298.3  300.0  298.4
  786.0   2210    7.0  -21.0     12   0.92    152     18  300.1  303.2  300.3
  775.0   2325    6.0  -19.3     14   1.08    160     18  300.2  303.8  300.4
  754.0   2548    4.1  -15.9     22   1.48    170     17  300.5  305.3  300.8
  720.0   2923    0.8  -10.2     44   2.46    173     12  300.9  308.7  301.4
  709.0   3046    1.2  -12.8     34   2.02    174     11  302.7  309.2  303.1
  702.0   3126    1.0  -16.1     27   1.56    175     10  303.4  308.5  303.6
  700.0   3149    1.0  -17.0     25   1.45    175      9  303.6  308.4  303.8
  687.0   3300    1.2  -29.8      8   0.47    177      8  305.4  307.1  305.5
  667.0   3536   -0.3  -32.3      7   0.38    180      5  306.3  307.7  306.4
  646.0   3792    0.6  -41.4      3   0.16    184      3  310.1  310.8  310.2
  641.0   3853    0.2  -41.5      3   0.16    185      2  310.3  310.9  310.4
  551.0   5034   -8.4  -43.4      4   0.15    230     10  313.9  314.4  313.9
  509.0   5652  -12.9  -44.4      5   0.15    210     11  315.6  316.2  315.6
  504.0   5730  -13.5  -44.5      5   0.15    216     10  315.8  316.4  315.8
  500.0   5790  -13.9  -39.9      9   0.24    220     10  316.0  316.9  316.1
  461.0   6403  -19.4  -34.0     26   0.47    250     10  316.6  318.3  316.7
  459.0   6436  -19.7  -33.7     28   0.49    248     11  316.6  318.4  316.7
  441.0   6732  -21.2  -43.3     12   0.19    230     17  318.3  319.1  318.4
  424.0   7024  -22.7  -52.7      5   0.07    230     19  320.0  320.3  320.0
  400.0   7450  -26.7  -51.7      8   0.08    230     22  320.2  320.5  320.2
  368.0   8042  -32.5  -52.5     12   0.08    230     23  320.1  320.5  320.2
  362.0   8159  -33.7  -52.7     13   0.08    236     26  320.1  320.4  320.1
  332.0   8754  -37.8  -59.1      9   0.04    270     40  322.4  322.6  322.4
  313.0   9159  -40.7  -63.5      7   0.02    275     51  324.0  324.1  324.0
  300.0   9450  -42.7  -66.7      5   0.02    270     51  325.1  325.1  325.1
  288.0   9723  -44.5  -69.3      5   0.01    270     45  326.4  326.4  326.4
  272.0  10105  -46.9  -72.9      4   0.01    273     55  328.2  328.2  328.2
  265.0  10277  -47.8  -74.7      3   0.01    275     59  329.4  329.4  329.4
  250.0  10660  -49.7  -78.7      2   0.00    275     56  332.1  332.1  332.1
  211.0  11762  -52.1  -84.2      1   0.00    280     75  344.7  344.8  344.7
  200.0  12110  -52.9  -85.9      1   0.00    270     67  348.8  348.8  348.8
  184.0  12641  -54.9  -87.4      1   0.00    265     62  354.1  354.1  354.1
  166.0  13297  -57.3  -89.3      1   0.00    274     58  360.6  360.6  360.6
  164.0  13373  -57.8  -89.6      1   0.00    275     58  361.0  361.1  361.0
  158.0  13606  -59.2  -90.5      1   0.00    270     52  362.5  362.5  362.5
  155.0  13726  -59.9  -90.9      1   0.00    268     54  363.3  363.3  363.3
  150.0  13930  -61.3                         265     58  364.3         364.3
  144.0  14181  -62.3                         260     62  366.8         366.8
  135.0  14577  -64.0                         255     48  370.7         370.7
  129.0  14856  -65.1                         260     44  373.5         373.5
  124.0  15099  -66.1                         265     50  375.9         375.9
  120.0  15299  -65.1                         265     54  381.2         381.2
  115.0  15559  -63.9                         255     50  388.2         388.2
  108.0  15941  -65.2                         240     44  392.7         392.7
  100.0  16410  -66.9                         260     33  398.2         398.2
   95.0  16718  -67.4                         250     25  403.0         403.0
   90.0  17043  -68.0                         280     29  408.1         408.1
   84.0  17458  -68.8                         280     32  414.8         414.8
   82.8  17544  -68.9                         273     32  416.2         416.2
   80.0  17750  -68.7                         255     32  420.6         420.6
   74.0  18217  -68.4                         210     24  430.9         430.9
   70.0  18550  -68.1                         215     13  438.4         438.4
   66.0  18908  -67.2                         220     10  447.8         447.8
   63.0  19192  -66.5                         185     10  455.3         455.3
   61.0  19388  -66.0                         175      7  460.7         460.7
   52.0  20361  -63.5                         145     10  487.9         487.9
   50.0  20600  -62.9                         120     14  494.8         494.8
   48.0  20853  -62.6                          95     14  501.4         501.4
   47.0  20983  -62.4                          90     11  504.8         504.8
   46.0  21116  -62.2                         120     12  508.3         508.3
   39.0  22137  -61.0                          75     13  536.1         536.1
   35.0  22806  -60.1                          95     25  555.2         555.2
   32.0  23361  -59.4                          90     22  571.5         571.5
   31.0  23557  -59.2                          60     21  577.4         577.4
   30.0  23760  -58.9                          65     19  583.5         583.5
   29.0  23973  -58.7                          75     19  589.6         589.6
   28.0  24193  -58.6                          45     15  596.0         596.0
   27.6  24284  -58.5                          49     14  598.7         598.7
   25.9  24682  -59.5                          66     12  606.8         606.8
   25.0  24907  -58.4                          75     11  616.2         616.2
   24.0  25168  -57.1                          55     13  627.1         627.1
   22.0  25722  -54.4                          70     16  651.1         651.1
   20.1  26298  -51.5                          56     17  676.8         676.8
   20.0  26330  -51.5                          55     17  677.8         677.8
   18.0  27019  -49.6                          50     15  704.5         704.5
   17.0  27393  -48.6                          70     10  719.4         719.4
   16.2  27709  -47.7                                     732.2         732.2
