
-----------------------------------------------------------------------------
   PRES   HGHT   TEMP   DWPT   RELH   MIXR   DRCT   SKNT   THTA   THTE   THTV
    hPa     m      C      C      %    g/kg    deg   knot     K      K      K 
-----------------------------------------------------------------------------
 1017.0      5   25.2   16.2     57  11.51     10      9  296.9  330.5  299.0
 1013.0     40   23.6   13.6     53   9.75     10      9  295.7  324.0  297.4
 1000.0    156   23.6   15.6     61  11.26     10      8  296.8  329.6  298.8
  997.0    182   23.4   15.4     61  11.15     10      8  296.8  329.3  298.8
  967.0    447   19.8   14.8     73  11.06      6      8  295.8  327.9  297.7
  925.0    828   16.0   13.9     87  10.90      0      8  295.7  327.3  297.6
  916.0    911   15.2   13.6     90  10.80    358      8  295.7  327.0  297.6
  910.0    967   15.0   11.9     82   9.70    357      7  296.0  324.3  297.8
  893.0   1127   13.6   11.8     89   9.82    354      7  296.2  324.8  297.9
  879.0   1260   13.6    9.1     74   8.32    351      6  297.5  322.0  299.0
  866.0   1386   17.0  -12.0     13   1.77    348      6  302.3  308.1  302.6
  855.0   1495   16.6    5.6     48   6.71    346      5  303.0  323.4  304.2
  850.0   1545   16.4    5.4     48   6.66    345      5  303.3  323.6  304.5
  827.0   1778   15.6    0.6     36   4.86    349      4  304.9  320.0  305.8
  787.0   2196   12.4    0.4     44   5.03    357      1  305.8  321.4  306.7
  770.0   2379   10.4    4.4     66   6.85      0      0  305.5  326.6  306.8
  740.0   2708    7.6    3.2     74   6.55     75      3  306.0  326.1  307.2
  718.0   2957    6.6    0.6     66   5.60    132      5  307.5  325.0  308.6
  700.0   3165    5.0   -1.0     65   5.11    180      7  308.0  324.0  308.9
  685.0   3341    3.6   -1.1     72   5.20    190     10  308.3  324.6  309.3
  671.0   3509    2.2   -1.1     79   5.29    193     14  308.6  325.2  309.6
  642.0   3864    0.0   -2.9     81   4.84    200     22  310.0  325.4  310.9
  628.0   4041   -1.1   -3.8     82   4.62    208     19  310.7  325.4  311.6
  624.0   4092   -0.7   -5.8     68   3.99    210     18  311.7  324.6  312.5
  611.0   4261    0.6  -12.4     37   2.43    230     15  315.1  323.3  315.6
  605.0   4340    0.0  -12.0     40   2.53    239     13  315.3  323.8  315.8
  601.0   4393    0.5  -17.9     24   1.56    245     12  316.5  321.9  316.8
  600.0   4406    0.6  -19.4     21   1.38    245     12  316.8  321.6  317.0
  585.0   4608   -1.0  -18.9     24   1.48    245      9  317.2  322.3  317.4
  579.0   4691   -1.7  -18.7     26   1.52    246     10  317.3  322.6  317.6
  558.0   4984   -3.5  -29.5     11   0.60    248     12  318.6  320.8  318.7
  517.0   5581   -8.1  -19.1     41   1.64    253     18  320.0  325.8  320.4
  500.0   5840   -9.5  -26.5     24   0.88    255     20  321.4  324.6  321.6
  477.0   6203  -11.1  -35.1     12   0.41    261     21  323.8  325.3  323.9
  464.0   6412  -12.8  -36.0     12   0.38    265     21  324.2  325.7  324.3
  417.0   7220  -19.5  -39.5     15   0.30    261     30  325.7  326.8  325.7
  407.0   7401  -19.5  -44.5      9   0.18    261     32  327.9  328.7  328.0
  400.0   7530  -20.5  -45.5      9   0.16    260     34  328.3  328.9  328.3
  362.0   8241  -26.4  -48.3     11   0.13    260     43  329.9  330.4  329.9
  300.0   9580  -37.5  -53.5     17   0.09    260     49  332.4  332.8  332.4
  268.0  10347  -44.5  -55.5     28   0.08    260     48  333.1  333.4  333.1
  255.0  10679  -46.9  -59.9     21   0.05    260     48  334.3  334.5  334.3
  250.0  10810  -47.9  -58.9     27   0.05    260     48  334.7  335.0  334.7
  233.0  11273  -51.7  -58.7     43   0.06    257     51  335.8  336.0  335.8
  200.0  12250  -59.5  -66.5     40   0.02    250     57  338.4  338.5  338.4
  198.0  12313  -59.9  -66.9     40   0.02    250     57  338.7  338.8  338.7
  193.0  12471  -60.8                         250     57  339.7         339.7
  171.0  13218  -65.3                         255     53  344.3         344.3
  150.0  14020  -63.7                         260     59  360.1         360.1
  139.0  14480  -65.3                         265     62  365.2         365.2
  129.0  14930  -66.9                         260     69  370.2         370.2
  121.0  15317  -68.3                         255     55  374.6         374.6
  111.0  15837  -70.1                         265     49  380.5         380.5
  108.0  16001  -69.6                         260     45  384.4         384.4
  100.0  16460  -68.3                         270     22  395.5         395.5
   96.0  16705  -67.7                         275     13  401.4         401.4
   94.0  16832  -67.3                         260      9  404.5         404.5
   90.3  17073  -66.7                         258      9  410.4         410.4
   83.0  17578  -69.2                         255     10  415.3         415.3
   82.1  17644  -69.5                         246     11  416.0         416.0
   81.0  17725  -69.2                         235     12  418.1         418.1
   79.0  17875  -68.7                         220      8  422.2         422.2
   76.0  18107  -68.0                           0      0  428.5         428.5
   70.0  18600  -66.3                          50      2  442.2         442.2
   62.0  19347  -64.1                         120     10  462.6         462.6
   57.0  19864  -62.6                          65     14  477.2         477.2
   53.0  20312  -61.3                          60     15  490.3         490.3
   50.0  20670  -60.3                         105     15  500.9         500.9
   49.9  20682  -60.3                                     501.2         501.2
