PRES,HGHT,TEMP,DWPT,RELH,MIXR,DRCT,SKNT,THTA,THTE,THTV
1022.0,5,20.4,2.4,30,4.47,185,5,291.7,305.0,292.5
1019.0,30,18.2,0.2,30,3.83,190,5,289.8,301.1,290.5
1000.0,190,16.6,2.6,39,4.64,225,8,289.8,303.3,290.6
925.0,846,10.4,0.4,50,4.28,170,8,289.9,302.5,290.7
921.0,882,10.2,0.2,50,4.23,172,8,290.1,302.6,290.8
912.0,964,9.4,-1.6,46,3.75,175,7,290.1,301.2,290.7
880.0,1260,8.0,-12.0,23,1.74,189,5,291.6,297.0,291.9
867.0,1382,7.0,-12.2,24,1.74,195,4,291.8,297.2,292.1
850.0,1545,5.6,-12.4,26,1.74,225,4,292.0,297.4,292.3
837.0,1671,5.2,-12.8,26,1.72,226,6,292.9,298.2,293.2
806.0,1978,4.4,-35.6,4,0.23,227,9,295.2,296.0,295.2
748.0,2580,1.3,-23.1,14,0.80,230,17,298.2,300.9,298.3
736.0,2711,0.6,-20.4,19,1.03,239,18,298.8,302.2,299.0
718.0,2910,1.6,-34.4,5,0.29,253,20,302.0,303.1,302.1
709.0,3011,0.8,-34.8,5,0.28,260,21,302.2,303.2,302.2
700.0,3113,-0.1,-35.1,5,0.28,260,23,302.3,303.4,302.4
694.0,3182,-0.5,-35.5,5,0.27,261,24,302.6,303.6,302.7
664.0,3535,0.2,-39.8,3,0.18,263,27,307.3,308.0,307.3
593.0,4430,-6.5,-30.5,13,0.51,270,37,309.6,311.4,309.7
580.0,4603,-6.5,-40.5,5,0.19,271,38,311.6,312.3,311.6
545.0,5088,-8.5,-47.5,3,0.10,275,44,314.8,315.1,314.8
542.0,5130,-8.8,-47.1,3,0.10,275,44,314.9,315.3,314.9
500.0,5750,-13.1,-41.1,8,0.21,285,42,317.0,317.8,317.1
459.0,6383,-18.3,-47.5,6,0.12,290,45,318.3,318.8,318.4
400.0,7400,-26.7,-57.7,4,0.04,285,56,320.2,320.4,320.2
371.0,7939,-30.9,-59.9,4,0.03,286,58,321.6,321.7,321.6
341.0,8532,-36.5,-56.5,11,0.05,288,60,321.8,322.0,321.8
310.0,9185,-40.8,-59.3,12,0.04,290,62,324.7,324.9,324.7
300.0,9410,-42.3,-60.3,12,0.04,295,69,325.6,325.8,325.6
298.0,9455,-41.9,-59.9,12,0.04,295,71,326.8,327.0,326.8
277.0,9946,-44.1,-63.1,10,0.03,291,94,330.5,330.7,330.5
274.0,10019,-43.8,-64.3,9,0.02,290,97,332.0,332.1,332.0
271.0,10093,-43.5,-65.5,7,0.02,291,98,333.5,333.6,333.5
250.0,10630,-46.1,-68.1,7,0.02,295,107,337.4,337.5,337.4
222.0,11409,-51.1,-71.2,7,0.01,300,117,341.3,341.4,341.3
211.0,11743,-53.3,-72.5,8,0.01,295,118,342.9,343.0,342.9
209.0,11805,-53.7,-72.7,8,0.01,294,117,343.2,343.3,343.2
203.0,11994,-52.5,-72.5,7,0.01,291,116,348.0,348.0,348.0
200.0,12090,-53.3,-77.3,4,0.01,290,115,348.2,348.2,348.2
169.0,13159,-58.1,-82.9,3,0.00,285,107,357.4,357.4,357.4
162.0,13428,-59.3,-84.3,3,0.00,283,99,359.7,359.7,359.7
159.0,13545,-58.5,-81.5,4,0.00,282,96,363.0,363.0,363.0
152.0,13827,-59.9,-86.9,2,0.00,281,87,365.3,365.3,365.3
150.0,13910,-60.1,-83.1,3,0.00,280,85,366.3,366.4,366.3
145.0,14121,-61.1,,,,282,79,368.2,,368.2
136.0,14519,-60.5,,,,287,68,376.0,,376.0
129.0,14842,-62.4,,,,290,59,378.4,,378.4
113.0,15653,-67.1,,,,285,49,384.2,,384.2
111.0,15760,-67.0,,,,285,49,386.3,,386.3
107.0,15982,-66.8,,,,305,50,390.7,,390.7
100.0,16390,-66.5,,,,290,51,399.0,,399.0
92.0,16893,-68.1,,,,274,42,405.4,,405.4
90.0,17027,-67.0,,,,270,40,410.3,,410.3
86.0,17304,-64.6,,,,250,30,420.4,,420.4
83.0,17520,-62.8,,,,260,18,428.4,,428.4
82.6,17549,-62.5,,,,261,18,429.5,,429.5
79.0,17823,-64.5,,,,270,19,431.0,,431.0
78.6,17854,-64.7,,,,268,18,431.1,,431.1
73.7,18251,-60.9,,,,244,11,447.1,,447.1
73.0,18310,-61.2,,,,240,10,447.6,,447.6
70.0,18570,-62.7,,,,230,3,449.9,,449.9
69.7,18596,-62.9,,,,231,3,450.0,,450.0
66.0,18935,-60.4,,,,250,3,462.6,,462.6
65.6,18972,-60.1,,,,246,3,464.0,,464.0
61.4,19382,-62.9,,,,201,6,466.6,,466.6
57.0,19841,-62.5,,,,150,10,477.5,,477.5
55.0,20062,-62.4,,,,95,11,482.8,,482.8
52.0,20408,-62.1,,,,85,12,491.2,,491.2
50.0,20650,-61.9,,,,120,12,497.2,,497.2
48.0,20903,-62.0,,,,85,13,502.9,,502.9
44.2,21414,-62.1,,,,97,16,514.5,,514.5
42.0,21735,-61.3,,,,105,18,524.2,,524.2
35.0,22881,-58.2,,,,85,43,560.0,,560.0
34.0,23063,-57.8,,,,80,45,566.0,,566.0
32.0,23444,-56.8,,,,60,41,578.5,,578.5
31.0,23644,-56.2,,,,80,35,585.2,,585.2
30.0,23850,-55.7,,,,90,31,592.2,,592.2
28.0,24293,-54.1,,,,80,35,608.3,,608.3
26.0,24768,-52.5,,,,80,37,626.0,,626.0
25.1,24994,-51.7,,,,107,34,634.6,,634.6
25.0,25020,-51.7,,,,110,34,635.3,,635.3
20.0,26460,-53.3,,,,95,41,672.3,,672.3
16.0,27894,-53.9,,,,,,714.6,,714.6
