PRES,HGHT,TEMP,DWPT,RELH,MIXR,DRCT,SKNT,THTA,THTE,THTV
1022.0,5,23.0,12.0,50,8.69,0,8,294.3,319.6,295.9
1000.0,189,20.4,10.4,53,7.97,15,6,293.6,316.7,295.0
925.0,855,13.8,10.2,79,8.51,320,2,293.4,318.0,294.9
918.5,914,13.3,10.1,81,8.48,0,0,293.4,318.0,294.9
892.0,1160,11.0,9.4,90,8.36,63,4,293.6,317.8,295.1
874.0,1331,12.2,3.2,54,5.54,106,7,296.5,313.1,297.5
864.0,1428,12.8,1.8,47,5.07,131,8,298.1,313.4,299.1
854.2,1524,12.5,2.9,52,5.56,155,10,298.8,315.6,299.8
850.0,1565,12.4,3.4,54,5.78,140,9,299.1,316.5,300.2
842.0,1644,12.4,2.4,50,5.43,141,10,299.9,316.4,300.9
793.6,2134,8.7,0.1,55,4.90,150,16,301.1,316.1,302.0
746.0,2646,4.8,-2.2,60,4.38,163,19,302.2,315.8,303.0
737.1,2743,4.2,-3.6,57,4.00,165,20,302.6,315.0,303.3
711.0,3036,2.2,-7.8,48,3.00,146,13,303.5,313.1,304.1
710.0,3048,2.2,-8.3,46,2.89,145,13,303.6,312.8,304.1
700.0,3162,1.8,-13.2,32,1.99,145,10,304.4,310.9,304.8
683.5,3353,1.2,-19.4,20,1.21,160,6,305.8,309.9,306.1
658.0,3658,0.2,-29.3,9,0.52,175,10,308.1,309.9,308.1
651.0,3744,-0.1,-32.1,7,0.40,176,11,308.7,310.1,308.8
635.0,3943,-0.7,-24.7,14,0.82,180,13,310.2,313.1,310.4
609.6,4267,-2.0,-23.6,17,0.94,185,16,312.4,315.6,312.5
592.0,4500,-2.9,-22.9,20,1.03,189,15,313.9,317.5,314.1
586.5,4572,-3.5,-23.3,20,1.01,190,15,314.1,317.6,314.2
521.3,5486,-11.0,-28.0,23,0.74,175,17,315.7,318.4,315.9
500.0,5810,-13.7,-29.7,25,0.66,190,19,316.3,318.6,316.4
468.0,6309,-17.3,-33.3,24,0.50,207,22,317.8,319.7,317.9
462.3,6401,-16.2,-52.6,3,0.06,210,22,320.4,320.6,320.4
460.0,6439,-15.7,-60.7,1,0.02,211,21,321.4,321.5,321.4
443.9,6706,-17.3,-52.4,3,0.07,215,17,322.7,323.0,322.7
422.0,7085,-19.5,-40.5,14,0.27,200,19,324.6,325.6,324.6
409.0,7315,-21.6,-40.3,17,0.28,190,20,324.8,325.9,324.8
400.0,7480,-23.1,-40.1,20,0.29,200,23,324.9,326.0,324.9
385.0,7759,-25.9,-39.9,26,0.31,202,26,324.8,326.0,324.8
360.5,8230,-29.3,-47.9,15,0.14,205,31,326.4,326.9,326.4
343.0,8588,-31.9,-53.9,9,0.07,204,31,327.5,327.8,327.5
300.0,9520,-40.3,-57.3,14,0.06,200,32,328.4,328.7,328.5
276.9,10058,-45.0,-59.6,18,0.04,190,32,329.2,329.4,329.2
272.0,10177,-46.1,-60.1,19,0.04,190,34,329.4,329.6,329.4
250.0,10730,-50.5,-63.5,20,0.03,190,43,330.9,331.0,330.9
233.0,11186,-53.9,-64.9,25,0.03,195,49,332.4,332.6,332.4
219.0,11582,-56.3,-68.3,21,0.02,200,54,334.6,334.7,334.6
218.0,11610,-56.5,-68.5,21,0.02,201,53,334.8,334.9,334.8
208.0,11909,-54.5,-73.5,8,0.01,217,44,342.4,342.5,342.4
200.0,12160,-55.3,-79.3,4,0.00,230,36,345.0,345.1,345.0
189.6,12497,-56.9,-80.5,4,0.00,235,33,347.8,347.8,347.8
180.7,12802,-58.3,-81.6,4,0.00,255,40,350.3,350.3,350.3
171.0,13151,-59.9,-82.9,3,0.00,253,45,353.2,353.2,353.2
158.0,13646,-60.1,-84.1,3,0.00,250,52,360.9,360.9,360.9
156.2,13716,-60.3,,,,250,53,361.8,,361.8
150.0,13970,-60.9,,,,240,47,365.0,,365.0
141.6,14326,-62.0,,,,240,44,369.2,,369.2
126.0,15044,-64.1,,,,242,44,377.8,,377.8
112.0,15755,-69.1,,,,245,44,381.4,,381.4
110.2,15850,-69.2,,,,255,50,382.9,,382.9
104.7,16154,-69.6,,,,235,37,387.9,,387.9
100.0,16430,-69.9,,,,245,30,392.4,,392.4
96.0,16673,-69.7,,,,235,20,397.4,,397.4
94.5,16764,-69.6,,,,245,30,399.3,,399.3
94.0,16799,-69.6,,,,245,17,400.1,,400.1
91.0,16992,-69.4,,,,265,21,404.1,,404.1
82.6,17569,-68.9,,,,250,23,416.5,,416.5
80.0,17759,-69.7,,,,245,24,418.6,,418.6
77.1,17979,-70.7,,,,231,32,421.0,,421.0
77.0,17987,-70.6,,,,230,32,421.4,,421.4
73.5,18265,-66.1,,,,204,22,436.5,,436.5
73.0,18306,-66.2,,,,200,21,437.1,,437.1
70.0,18560,-66.9,,,,200,17,440.9,,440.9
69.0,18647,-66.9,,,,195,16,442.7,,442.7
64.0,19107,-64.3,,,,170,10,458.1,,458.1
63.7,19135,-64.1,,,,175,9,459.1,,459.1
59.2,19583,-66.5,,,,256,1,463.4,,463.4
59.0,19604,-66.4,,,,260,1,464.2,,464.2
54.1,20135,-63.1,,,,174,6,483.4,,483.4
51.4,20450,-64.3,,,,123,10,487.7,,487.7
51.0,20498,-64.0,,,,115,10,489.4,,489.4
50.0,20620,-63.3,,,,105,12,493.9,,493.9
49.0,20745,-63.2,,,,90,15,497.1,,497.1
46.0,21134,-62.7,,,,115,12,507.2,,507.2
44.0,21408,-62.4,,,,120,10,514.5,,514.5
41.0,21843,-61.9,,,,95,20,526.2,,526.2
38.7,22199,-61.5,,,,106,21,536.0,,536.0
38.0,22314,-60.9,,,,110,21,540.3,,540.3
35.0,22829,-58.2,,,,90,31,560.3,,560.3
33.0,23198,-56.2,,,,65,25,575.0,,575.0
32.9,23217,-56.1,,,,65,25,575.7,,575.7
31.1,23573,-57.9,,,,62,27,580.2,,580.2
30.0,23800,-57.3,,,,60,28,587.8,,587.8
20.0,26400,-50.7,,,,55,17,680.2,,680.2
19.0,26736,-50.2,,,,75,15,691.9,,691.9
15.2,28198,-47.9,,,,99,20,745.0,,745.0
15.0,,,,,,100,20,,,
