PRES,HGHT,TEMP,DWPT,RELH,MIXR,DRCT,SKNT,THTA,THTE,THTV
1019.0,5,16.4,5.4,48,5.55,255,8,288.0,304.0,289.0
1000.0,163,15.0,3.0,44,4.77,240,11,288.1,302.0,289.0
988.0,264,14.5,2.5,44,4.65,230,13,288.6,302.2,289.4
946.0,629,12.6,0.6,44,4.24,230,14,290.3,302.8,291.0
925.0,818,11.6,-0.4,43,4.03,240,13,291.2,303.1,291.9
888.0,1158,9.6,-3.4,40,3.36,259,12,292.5,302.6,293.1
886.0,1177,9.5,-3.0,41,3.49,260,12,292.6,303.1,293.2
873.0,1300,9.0,0.0,53,4.40,262,15,293.3,306.4,294.1
859.0,1434,9.2,1.2,57,4.88,264,18,294.9,309.4,295.8
850.0,1521,9.0,2.0,62,5.23,265,20,295.6,311.1,296.5
809.0,1923,6.4,1.0,68,5.10,265,22,297.0,312.3,297.9
768.0,2346,3.6,-0.1,77,4.97,300,22,298.4,313.5,299.4
700.0,3099,-1.3,-2.0,95,4.74,295,30,301.0,315.5,301.9
694.0,3168,-1.9,-2.3,97,4.68,293,30,301.1,315.4,301.9
654.0,3638,-4.3,-6.4,85,3.64,281,27,303.5,314.9,304.2
651.0,3674,-4.6,-6.5,86,3.62,280,27,303.6,315.0,304.3
623.0,4019,-7.1,-7.7,95,3.46,274,32,304.6,315.5,305.2
613.0,4145,-5.9,-8.2,84,3.38,272,34,307.4,318.1,308.0
605.0,4248,-6.3,-8.9,82,3.25,270,36,308.0,318.4,308.6
542.0,5102,-10.1,-14.5,70,2.31,276,46,313.4,321.1,313.8
521.0,5406,-12.1,-14.1,85,2.48,278,49,314.5,322.8,315.0
500.0,5720,-13.3,-16.5,77,2.12,280,53,316.8,324.0,317.2
453.0,6468,-16.7,-22.7,60,1.37,282,60,321.6,326.4,321.8
433.0,6805,-19.3,-26.3,54,1.04,283,63,322.4,326.2,322.6
400.0,7390,-24.1,-27.9,71,0.97,285,68,323.6,327.1,323.8
391.0,7555,-25.5,-28.3,77,0.96,285,70,323.9,327.4,324.1
362.0,8109,-29.5,-35.5,56,0.52,287,76,325.7,327.7,325.8
338.0,8594,-33.7,-38.3,63,0.42,288,82,326.4,328.1,326.5
312.0,9150,-37.1,-42.0,60,0.31,290,89,329.3,330.5,329.3
309.0,9217,-37.5,-42.5,59,0.29,290,90,329.6,330.8,329.7
300.0,9420,-39.3,-45.3,53,0.22,290,91,329.9,330.8,329.9
286.0,9745,-42.3,-48.3,52,0.17,289,97,330.1,330.8,330.1
250.0,10640,-49.5,-53.1,66,0.11,285,115,332.3,332.8,332.4
238.0,10961,-51.7,-55.0,68,0.09,280,119,333.7,334.1,333.7
235.0,11043,-52.3,-55.5,68,0.09,279,119,334.0,334.4,334.1
224.0,11355,-51.1,-67.1,13,0.02,277,120,340.5,340.6,340.5
200.0,12090,-52.7,-76.7,4,0.01,270,123,349.1,349.2,349.1
199.0,12122,-52.5,-76.5,4,0.01,270,123,350.0,350.0,350.0
190.0,12418,-54.4,-78.0,4,0.00,270,126,351.5,351.6,351.5
179.0,12799,-56.9,-79.9,4,0.00,273,118,353.5,353.6,353.5
152.0,13827,-59.8,-85.7,2,0.00,280,97,365.5,365.5,365.5
151.0,13869,-59.9,-85.9,2,0.00,282,97,366.0,366.0,366.0
150.0,13910,-60.1,-86.1,2,0.00,285,97,366.3,366.4,366.3
136.0,14511,-62.2,-86.3,3,0.00,285,103,372.9,372.9,372.9
117.0,15435,-65.5,-86.6,4,0.00,265,80,383.2,383.2,383.2
111.0,15758,-66.7,-86.8,4,0.00,280,66,386.9,386.9,386.9
107.0,15983,-67.5,-86.8,5,0.00,285,68,389.4,389.5,389.4
100.0,16390,-68.1,-87.0,5,0.00,280,68,395.9,395.9,395.9
95.2,16685,-68.7,-87.1,6,0.00,266,58,400.3,400.3,400.3
95.0,16698,-68.7,-87.1,6,0.00,265,58,400.6,400.6,400.6
90.0,17024,-67.6,-87.2,5,0.00,280,47,408.9,409.0,408.9
84.9,17375,-66.5,-87.3,4,0.00,280,46,418.1,418.1,418.1
78.0,17886,-67.8,-87.5,5,0.00,280,44,425.6,425.7,425.6
74.5,18163,-68.5,-87.6,5,0.00,269,40,429.8,429.8,429.8
70.0,18540,-64.9,-87.8,3,0.00,255,34,445.2,445.2,445.2
69.4,18593,-64.7,-87.8,3,0.00,256,34,446.7,446.7,446.7
66.5,18852,-66.3,-87.9,3,0.00,262,31,448.7,448.8,448.7
64.0,19085,-64.9,-88.0,3,0.00,268,29,456.8,456.8,456.8
63.0,19182,-63.5,-88.0,2,0.00,270,28,462.0,462.0,462.0
62.0,19281,-62.0,-88.0,2,0.00,265,23,467.4,467.4,467.4
60.1,19474,-59.1,-88.1,1,0.00,223,18,478.0,478.0,478.0
58.0,19695,-59.9,-88.5,1,0.00,175,13,481.0,481.0,481.0
57.0,19804,-60.3,-88.7,1,0.00,165,10,482.5,482.5,482.5
55.0,20026,-61.2,-89.2,1,0.00,0,0,485.5,485.6,485.5
54.2,20118,-61.5,-89.3,1,0.00,339,3,486.8,486.8,486.8
52.0,20376,-60.4,-89.8,1,0.00,280,10,495.2,495.2,495.2
51.0,20497,-59.8,-90.1,1,0.00,265,11,499.2,499.2,499.2
50.0,20620,-59.3,-90.3,1,0.00,240,9,503.3,503.3,503.3
49.4,20696,-58.9,-87.9,1,0.00,263,7,506.0,506.0,506.0
47.0,21011,-58.5,-87.7,1,0.00,0,0,514.1,514.1,514.1
45.0,21286,-58.2,-87.4,1,0.00,355,10,521.2,521.3,521.2
43.0,21573,-57.9,-87.2,1,0.00,355,6,528.8,528.9,528.8
37.0,22523,-56.9,-86.5,1,0.01,140,1,554.7,554.8,554.7
36.0,22696,-56.7,-86.3,1,0.01,180,10,559.6,559.6,559.6
34.0,23058,-56.3,-86.0,1,0.01,140,19,569.9,569.9,569.9
33.0,23247,-56.1,-85.9,1,0.01,95,21,575.3,575.4,575.3
32.0,23441,-55.9,-85.8,1,0.01,85,24,581.0,581.0,581.0
31.0,23642,-55.6,-85.6,1,0.01,75,19,586.9,586.9,586.9
30.4,23765,-55.5,-85.5,1,0.01,78,15,590.5,590.6,590.5
30.0,23850,-54.5,-87.5,1,0.01,80,13,595.5,595.5,595.5
29.0,24069,-53.5,-86.5,1,0.01,100,10,604.1,604.2,604.1
27.0,24531,-51.3,-84.3,1,0.01,110,16,622.7,622.8,622.7
26.0,24775,-50.1,-83.1,1,0.02,95,15,632.7,632.9,632.7
25.8,24825,-49.9,-82.9,1,0.02,84,17,634.8,634.9,634.8
25.0,25031,-49.8,-82.9,1,0.02,40,23,640.8,641.0,640.8
24.0,25298,-49.7,-83.0,1,0.02,50,12,648.7,648.9,648.7
21.0,26171,-49.2,-83.1,1,0.02,50,10,675.2,675.4,675.2
20.0,26490,-49.1,-83.1,1,0.02,210,2,685.1,685.3,685.1
19.6,26623,-48.7,-81.7,1,0.03,199,3,690.3,690.6,690.3
18.0,27181,-49.0,-81.5,1,0.03,155,7,706.2,706.5,706.2
16.9,27595,-49.3,-81.3,1,0.03,,,718.2,718.6,718.3
