PRES,HGHT,TEMP,DWPT,RELH,MIXR,DRCT,SKNT,THTA,THTE,THTV
1014.0,5,26.6,19.6,65,14.37,180,6,298.6,340.6,301.1
1010.0,39,25.0,18.0,65,13.03,174,8,297.3,335.2,299.6
1000.0,124,24.2,18.2,69,13.33,160,13,297.4,336.1,299.7
963.0,451,21.2,17.3,78,13.05,120,15,297.5,335.6,299.9
938.0,680,19.1,16.6,86,12.86,135,11,297.6,335.1,299.9
925.0,801,18.0,16.3,90,12.76,125,15,297.7,334.9,300.0
905.0,988,16.6,15.8,95,12.63,125,19,298.1,335.0,300.4
894.0,1093,16.6,13.2,80,10.78,125,21,299.2,330.9,301.1
881.0,1218,15.2,15.1,99,12.40,125,24,299.0,335.3,301.2
872.0,1305,14.4,13.6,95,11.36,125,26,299.0,332.4,301.1
850.0,1521,12.4,9.9,85,9.08,120,23,299.1,326.0,300.8
846.0,1561,12.3,9.9,85,9.10,120,21,299.4,326.4,301.1
841.0,1610,12.2,9.8,85,9.12,126,19,299.8,326.9,301.5
824.0,1783,15.8,-9.2,17,2.32,148,12,305.4,312.9,305.8
819.0,1834,16.0,-8.2,18,2.53,155,10,306.1,314.3,306.6
818.0,1845,16.0,-8.0,18,2.57,155,10,306.2,314.6,306.7
789.0,2150,14.9,-13.6,13,1.70,160,7,308.3,314.0,308.6
780.0,2247,14.6,-15.4,11,1.49,158,8,308.9,313.9,309.2
768.0,2376,13.5,-13.4,14,1.78,155,10,309.1,315.1,309.5
723.0,2880,9.3,-5.5,34,3.52,175,11,309.9,321.3,310.6
709.0,3043,8.0,-3.0,46,4.35,160,12,310.2,324.1,311.0
700.0,3149,8.6,-10.4,25,2.49,150,13,312.0,320.2,312.4
698.0,3173,8.6,-12.4,21,2.12,150,14,312.2,319.3,312.6
684.0,3340,7.8,-21.2,11,1.04,146,14,313.1,316.8,313.4
659.0,3645,6.0,-20.0,13,1.19,140,15,314.5,318.7,314.7
640.0,3885,4.7,-19.1,16,1.33,125,12,315.6,320.2,315.8
634.0,3962,4.2,-18.8,17,1.37,136,11,315.9,320.7,316.2
627.0,4053,3.4,-4.6,56,4.36,148,10,316.0,330.2,316.8
623.0,4105,3.2,-5.4,53,4.12,155,10,316.3,329.8,317.1
607.0,4316,2.2,-8.8,44,3.26,158,6,317.6,328.4,318.2
597.0,4450,1.2,-7.0,54,3.80,160,4,317.9,330.5,318.6
589.0,4559,0.4,-5.6,64,4.30,165,7,318.2,332.4,319.0
580.0,4682,-0.2,-7.0,60,3.91,170,10,318.9,331.9,319.7
567.0,4862,-1.1,-9.2,54,3.38,155,10,319.9,331.3,320.6
549.0,5120,-2.4,-12.2,47,2.74,175,15,321.4,330.7,321.9
528.0,5431,-3.9,-15.9,39,2.11,175,10,323.1,330.5,323.6
526.0,5461,-4.1,-16.0,39,2.10,175,10,323.3,330.6,323.7
500.0,5860,-6.3,-17.3,41,1.98,270,9,325.3,332.3,325.7
498.0,5891,-6.5,-17.4,42,1.96,275,10,325.4,332.3,325.8
491.0,6001,-7.3,-17.9,42,1.91,275,10,325.7,332.4,326.1
478.0,6209,-8.9,-18.9,44,1.81,249,14,326.3,332.7,326.6
472.0,6306,-8.7,-24.7,26,1.10,237,16,327.7,331.8,327.9
471.0,6322,-8.8,-24.8,26,1.10,235,16,327.8,331.8,328.0
431.0,6995,-14.1,-27.3,32,0.95,235,19,329.5,333.0,329.7
400.0,7560,-18.5,-29.5,37,0.83,250,16,330.9,334.0,331.0
384.0,7864,-20.9,-31.9,37,0.69,259,18,331.6,334.2,331.7
382.0,7902,-21.0,-33.2,33,0.62,260,18,332.0,334.4,332.1
374.0,8059,-21.3,-38.3,20,0.38,258,18,333.6,335.1,333.6
365.0,8237,-22.5,-40.9,17,0.29,255,17,334.3,335.5,334.4
346.0,8629,-25.0,-46.7,11,0.17,215,19,336.0,336.7,336.1
344.0,8671,-25.3,-47.3,11,0.16,216,19,336.2,336.9,336.2
331.0,8948,-27.5,-49.9,10,0.12,220,18,336.9,337.4,336.9
318.0,9235,-29.9,-52.5,9,0.09,240,19,337.5,337.9,337.5
307.0,9487,-31.9,-54.9,8,0.07,237,21,338.1,338.4,338.1
300.0,9650,-33.5,-55.5,9,0.07,235,23,338.0,338.4,338.1
296.0,9742,-34.3,-55.6,10,0.07,230,23,338.2,338.5,338.2
280.0,10124,-37.6,-56.0,13,0.07,250,23,338.8,339.1,338.8
264.0,10528,-41.1,-56.4,18,0.07,270,26,339.4,339.7,339.4
253.0,10820,-43.7,-56.7,22,0.07,266,31,339.8,340.1,339.8
250.0,10900,-44.3,-55.3,28,0.08,265,32,340.1,340.4,340.1
225.0,11592,-51.1,-55.4,60,0.09,270,34,340.0,340.4,340.0
223.0,11650,-51.7,-55.4,64,0.09,268,36,340.0,340.4,340.0
215.0,11886,-52.1,-63.1,25,0.04,259,46,342.9,343.1,342.9
203.0,12255,-53.7,-69.7,12,0.02,246,61,346.1,346.2,346.1
202.0,12286,-53.8,-69.8,12,0.02,245,62,346.4,346.4,346.4
200.0,12350,-54.1,-70.1,12,0.02,245,65,346.9,347.0,346.9
186.0,12813,-56.9,-67.9,24,0.02,251,80,349.7,349.8,349.7
176.0,13162,-58.3,-72.0,15,0.01,255,91,353.0,353.0,353.0
165.0,13568,-59.9,-76.9,9,0.01,251,95,356.8,356.9,356.8
161.0,13721,-60.7,,,,250,97,358.0,,358.0
150.0,14160,-63.1,,,,250,84,361.2,,361.2
146.0,14326,-64.1,,,,250,80,362.2,,362.2
134.0,14850,-64.6,,,,245,85,370.3,,370.3
119.0,15574,-65.3,,,,250,37,381.8,,381.8
110.0,16043,-69.5,,,,255,29,382.7,,382.7
100.0,16610,-74.5,,,,275,34,383.5,,383.5
95.1,16900,-76.7,,,,270,42,384.8,,384.8
95.0,16906,-76.7,,,,270,42,385.0,,385.0
90.0,17219,-74.4,,,,235,33,395.5,,395.5
89.0,17284,-73.9,,,,236,33,397.7,,397.7
85.0,17551,-74.0,,,,240,32,402.7,,402.7
79.0,17977,-74.3,,,,190,10,410.7,,410.7
70.0,18680,-74.7,,,,0,0,424.2,,424.2
69.1,18755,-74.9,,,,10,0,425.4,,425.4
58.0,19784,-69.6,,,,140,3,459.2,,459.2
57.0,19886,-69.1,,,,155,10,462.7,,462.7
55.2,20075,-68.1,,,,143,11,469.1,,469.1
54.0,20207,-67.5,,,,135,11,473.5,,473.5
53.0,20319,-67.0,,,,140,13,477.3,,477.3
51.0,20551,-65.9,,,,115,22,485.1,,485.1
50.0,20670,-65.3,,,,105,21,489.2,,489.2
48.0,20925,-64.6,,,,115,20,496.6,,496.6
46.0,21191,-63.8,,,,70,20,504.5,,504.5
43.0,21612,-62.6,,,,85,12,517.3,,517.3
41.0,21909,-61.8,,,,55,16,526.4,,526.4
40.0,22063,-61.4,,,,95,13,531.2,,531.2
38.0,22384,-60.5,,,,65,10,541.4,,541.4
37.0,22550,-60.0,,,,60,10,546.7,,546.7
36.0,22721,-59.5,,,,85,8,552.3,,552.3
33.0,23265,-58.0,,,,75,25,570.2,,570.2
32.0,23457,-57.4,,,,60,20,576.7,,576.7
31.0,23655,-56.9,,,,80,13,583.5,,583.5
30.0,23860,-56.3,,,,95,16,590.6,,590.6
29.0,24080,-55.6,,,,110,18,598.3,,598.3
27.0,24543,-54.1,,,,115,29,614.9,,614.9
25.0,25043,-52.4,,,,85,37,633.2,,633.2
23.0,25583,-50.7,,,,95,33,653.7,,653.7
21.0,26174,-48.7,,,,80,31,676.7,,676.7
20.0,26490,-47.7,,,,95,29,689.4,,689.4
19.3,26726,-46.3,,,,97,28,700.8,,700.8
18.4,27043,-46.5,,,,99,27,709.8,,709.8
18.0,,,,,,100,26,,,
