PRES,HGHT,TEMP,DWPT,RELH,MIXR,DRCT,SKNT,THTA,THTE,THTV
1015.0,5,25.2,16.2,57,11.54,0,14,297.1,330.7,299.1
1009.0,56,22.2,14.2,60,10.18,358,14,294.6,324.1,296.4
1008.0,65,22.6,14.6,61,10.47,358,14,295.1,325.4,296.9
1000.0,134,22.4,16.4,69,11.87,355,14,295.6,329.9,297.7
928.0,778,16.8,12.4,75,9.82,330,20,296.2,324.9,298.0
925.0,806,16.6,12.2,75,9.74,330,21,296.3,324.7,298.0
923.0,824,16.4,12.1,76,9.69,331,21,296.3,324.5,298.0
907.0,973,16.0,9.0,63,8.00,336,25,297.3,320.9,298.8
896.0,1077,17.8,6.2,47,6.70,340,28,300.3,320.4,301.5
895.0,1087,18.0,6.0,45,6.59,340,28,300.5,320.4,301.7
884.0,1193,18.2,6.2,45,6.77,344,26,301.8,322.3,303.0
872.0,1310,18.4,4.4,40,6.05,348,25,303.2,321.7,304.3
866.0,1369,18.0,4.3,40,6.04,350,24,303.4,321.9,304.5
850.0,1528,17.0,4.0,42,6.03,350,21,303.9,322.4,305.1
827.0,1761,15.2,1.2,39,5.07,348,19,304.4,320.1,305.4
793.0,2115,11.6,2.6,54,5.85,344,17,304.3,322.2,305.3
770.0,2360,9.6,-0.4,50,4.85,341,15,304.7,319.7,305.6
760.0,2468,9.0,-1.5,48,4.54,340,14,305.1,319.3,306.0
749.0,2589,8.3,-2.7,46,4.21,330,13,305.6,318.9,306.4
748.0,2600,8.2,-2.8,46,4.18,329,13,305.7,318.8,306.5
708.0,3051,4.8,-4.2,52,3.98,293,14,306.8,319.4,307.5
700.0,3144,4.2,-5.8,48,3.56,285,14,307.1,318.4,307.8
672.0,3475,1.7,-11.2,38,2.43,260,16,307.9,315.8,308.4
671.0,3487,1.6,-11.4,37,2.40,260,16,307.9,315.8,308.4
625.0,4055,-3.2,-13.5,45,2.18,240,25,308.8,316.0,309.2
620.0,4119,-3.7,-13.7,46,2.15,240,26,308.9,316.0,309.3
576.0,4697,-7.3,-16.3,49,1.87,244,38,311.2,317.5,311.6
563.0,4875,-8.2,-20.4,37,1.35,245,41,312.3,316.9,312.5
552.0,5029,-8.9,-23.9,29,1.01,249,37,313.1,316.7,313.3
543.0,5156,-8.7,-28.7,18,0.66,253,34,314.9,317.2,315.0
527.0,5386,-10.5,-34.1,12,0.41,260,29,315.4,316.9,315.5
500.0,5790,-13.7,-43.7,6,0.16,270,32,316.3,316.9,316.3
498.0,5820,-13.9,-43.9,6,0.16,271,33,316.4,317.0,316.4
483.0,6051,-14.5,-35.5,15,0.39,275,40,318.4,319.9,318.5
470.0,6257,-14.9,-49.9,3,0.09,279,46,320.4,320.8,320.4
467.0,6305,-15.1,-46.1,5,0.13,280,47,320.8,321.3,320.8
464.0,6354,-15.3,-42.3,8,0.20,281,47,321.1,321.9,321.1
454.0,6517,-16.7,-36.7,16,0.37,282,46,321.4,322.8,321.4
447.0,6633,-17.7,-24.7,54,1.16,284,46,321.5,325.7,321.8
426.0,6990,-20.9,-25.9,64,1.09,288,44,321.9,325.8,322.1
414.0,7199,-22.7,-28.2,61,0.91,290,43,322.2,325.5,322.4
400.0,7450,-24.9,-30.9,57,0.73,285,46,322.5,325.2,322.7
382.0,7784,-27.5,-33.5,57,0.60,280,49,323.4,325.6,323.5
370.0,8013,-29.1,-40.1,34,0.32,277,51,324.2,325.5,324.3
346.0,8488,-33.2,-41.6,43,0.29,270,55,325.0,326.1,325.0
342.0,8570,-33.9,-41.9,44,0.28,270,57,325.1,326.2,325.1
323.0,8970,-36.1,-53.1,16,0.09,272,69,327.4,327.8,327.4
300.0,9480,-38.9,-60.9,8,0.04,275,84,330.4,330.6,330.4
296.0,9572,-39.7,-62.7,7,0.03,275,85,330.6,330.7,330.6
294.0,9618,-39.9,-63.0,7,0.03,275,86,331.0,331.1,331.0
261.0,10427,-42.7,-68.7,4,0.01,275,98,338.3,338.4,338.3
250.0,10720,-43.7,-70.7,3,0.01,275,101,341.0,341.0,341.0
246.0,10828,-44.3,-71.3,3,0.01,275,101,341.6,341.7,341.6
201.0,12157,-52.5,-78.5,3,0.00,275,107,349.0,349.0,349.0
200.0,12190,-52.7,-78.7,3,0.00,275,107,349.1,349.2,349.1
167.0,13335,-59.9,-82.9,3,0.00,271,105,355.6,355.6,355.6
158.0,13678,-61.9,,,,270,104,358.0,,358.0
150.0,14000,-63.7,,,,270,97,360.1,,360.1
132.0,14772,-67.6,,,,275,76,366.5,,366.5
125.0,15101,-69.3,,,,270,79,369.3,,369.3
112.0,15756,-68.7,,,,280,52,382.1,,382.1
109.0,15918,-69.5,,,,265,47,383.6,,383.6
106.0,16084,-70.3,,,,267,48,385.2,,385.2
100.0,16430,-69.1,,,,270,49,394.0,,394.0
91.0,16997,-67.3,,,,259,34,408.3,,408.3
88.0,17198,-68.2,,,,255,28,410.5,,410.5
85.5,17371,-68.9,,,,261,21,412.4,,412.4
84.0,17477,-68.3,,,,265,16,415.6,,415.6
82.9,17557,-67.9,,,,266,14,418.1,,418.1
80.0,17770,-68.2,,,,270,10,421.8,,421.8
77.2,17984,-68.5,,,,259,10,425.4,,425.4
75.7,18103,-65.3,,,,252,10,434.5,,434.5
74.0,18241,-65.8,,,,245,10,436.3,,436.3
73.6,18274,-65.9,,,,246,9,436.8,,436.8
72.0,18408,-64.5,,,,250,7,442.5,,442.5
70.0,18580,-65.7,,,,255,4,443.5,,443.5
69.0,18667,-66.0,,,,240,4,444.7,,444.7
61.3,19381,-68.3,,,,110,9,454.9,,454.9
61.0,19410,-67.7,,,,105,9,456.9,,456.9
59.6,19551,-64.7,,,,77,10,466.6,,466.6
59.0,19613,-64.5,,,,65,11,468.4,,468.4
58.0,19718,-64.2,,,,65,11,471.4,,471.4
57.0,19825,-63.9,,,,90,9,474.4,,474.4
54.0,20157,-62.9,,,,130,10,484.1,,484.1
52.0,20389,-62.2,,,,115,14,490.9,,490.9
50.0,20630,-61.5,,,,120,19,498.1,,498.1
47.3,20976,-60.3,,,,102,20,509.0,,509.0
47.0,21016,-60.6,,,,100,20,509.2,,509.2
46.0,21150,-61.5,,,,65,22,510.2,,510.2
45.3,21245,-62.1,,,,65,21,510.9,,510.9
45.0,21287,-62.1,,,,65,21,511.9,,511.9
44.0,21426,-62.0,,,,100,18,515.3,,515.3
36.9,22519,-61.7,,,,87,30,542.8,,542.8
36.0,22673,-61.0,,,,85,32,548.5,,548.5
35.0,22850,-60.2,,,,80,31,555.1,,555.1
33.3,23161,-58.7,,,,93,22,566.9,,566.9
33.0,23218,-58.6,,,,95,20,568.5,,568.5
31.0,23613,-58.3,,,,75,19,579.7,,579.7
30.0,23820,-58.1,,,,75,26,585.7,,585.7
28.0,24259,-56.1,,,,75,18,603.0,,603.0
27.0,24491,-55.0,,,,105,21,612.3,,612.3
26.2,24682,-54.1,,,,99,26,620.1,,620.1
25.0,24983,-55.0,,,,90,33,625.7,,625.7
24.7,25060,-55.3,,,,87,32,627.2,,627.2
23.0,25519,-54.1,,,,70,29,643.5,,643.5
22.0,25805,-53.4,,,,85,23,654.0,,654.0
20.6,26228,-52.3,,,,88,25,669.6,,669.6
20.0,26420,-52.1,,,,90,26,675.9,,675.9
19.0,26753,-51.7,,,,95,27,687.2,,687.2
17.0,27476,-50.8,,,,95,28,712.2,,712.2
15.9,27910,-50.3,,,,90,22,727.6,,727.6
15.0,28293,-48.2,,,,85,16,746.7,,746.7
14.7,28426,-47.5,,,,,,753.5,,753.5
