PRES,HGHT,TEMP,DWPT,RELH,MIXR,DRCT,SKNT,THTA,THTE,THTV
1017.0,5,20.6,20.1,97,14.79,175,7,292.3,334.4,294.9
1000.0,146,20.0,19.7,98,14.67,175,5,293.1,335.0,295.7
989.0,241,19.6,19.3,98,14.48,165,10,293.6,335.1,296.2
973.0,382,18.9,18.8,99,14.20,115,14,294.4,335.1,296.9
957.0,524,18.3,18.2,99,13.92,90,12,295.1,335.2,297.6
950.0,587,18.0,17.9,99,13.79,45,11,295.5,335.3,297.9
944.0,642,17.8,17.7,100,13.69,55,17,295.8,335.3,298.2
925.0,817,17.0,17.0,100,13.35,45,19,296.7,335.4,299.1
902.0,1031,15.9,15.9,100,12.78,30,13,297.7,335.0,300.0
874.0,1299,14.6,14.6,100,12.08,55,18,299.0,334.5,301.2
852.0,1516,13.5,13.5,100,11.54,45,18,300.1,334.1,302.1
850.0,1536,13.4,13.4,100,11.49,45,17,300.2,334.1,302.2
825.0,1786,12.1,12.1,100,10.83,60,21,301.3,333.5,303.3
811.0,1929,11.3,11.3,100,10.47,50,18,302.0,333.2,303.9
772.0,2342,9.1,9.1,100,9.47,65,12,303.9,332.4,305.6
757.0,2506,8.2,8.2,100,9.09,49,13,304.6,332.1,306.3
748.0,2605,7.9,7.1,95,8.53,40,13,305.4,331.3,306.9
740.0,2694,7.6,6.1,90,8.05,45,10,306.0,330.6,307.5
734.0,2761,7.4,5.4,87,7.70,70,11,306.5,330.1,307.9
728.0,2829,7.2,4.6,84,7.36,57,11,307.0,329.6,308.3
716.0,2965,6.3,3.8,84,7.04,30,10,307.4,329.1,308.7
700.0,3151,5.0,2.6,84,6.64,35,11,308.0,328.6,309.2
685.0,3328,3.8,2.6,92,6.78,55,5,308.6,329.6,309.8
679.0,3400,3.4,-1.6,70,5.04,63,3,308.9,324.8,309.8
674.0,3459,2.8,-1.2,75,5.21,70,1,308.9,325.3,309.9
662.0,3605,1.4,-0.4,88,5.65,57,7,308.9,326.6,309.9
656.0,3678,0.9,-0.9,88,5.47,50,10,309.1,326.3,310.1
644.0,3825,-0.2,-2.0,87,5.14,30,10,309.6,325.8,310.5
621.0,4116,-2.2,-4.2,86,4.52,60,10,310.4,324.9,311.3
605.0,4325,-3.7,-5.8,85,4.12,4,10,311.1,324.3,311.8
604.0,4338,-3.6,-6.7,79,3.86,0,10,311.3,323.8,312.0
601.0,4377,-3.3,-9.3,63,3.16,335,10,312.1,322.4,312.7
598.0,4417,-3.7,-9.3,65,3.18,310,10,312.1,322.5,312.7
591.0,4509,-4.6,-9.2,70,3.23,345,16,312.1,322.6,312.7
585.0,4590,-5.4,-9.2,75,3.28,350,10,312.1,322.7,312.7
576.0,4712,-6.6,-9.1,82,3.35,25,3,312.0,322.9,312.6
574.0,4739,-6.9,-9.1,84,3.36,3,5,312.0,322.9,312.6
573.0,4753,-6.1,-8.8,81,3.45,353,6,313.1,324.4,313.8
570.0,4794,-6.3,-9.0,81,3.42,320,9,313.3,324.5,314.0
561.0,4918,-7.0,-9.5,82,3.34,285,13,314.0,325.0,314.6
551.0,5058,-7.7,-10.0,83,3.26,305,17,314.8,325.5,315.4
539.0,5230,-8.6,-10.7,84,3.15,295,13,315.7,326.1,316.3
536.0,5273,-8.8,-10.9,85,3.13,285,10,315.9,326.3,316.5
529.0,5375,-9.3,-11.3,85,3.06,298,2,316.5,326.7,317.1
528.0,5390,-9.4,-11.4,85,3.04,300,1,316.6,326.7,317.1
515.0,5582,-10.5,-12.8,84,2.79,350,10,317.4,326.8,318.0
511.0,5642,-10.9,-13.2,83,2.72,340,10,317.7,326.9,318.2
500.0,5810,-11.9,-14.4,82,2.52,350,2,318.5,327.0,318.9
494.0,5902,-12.3,-15.0,80,2.43,346,4,319.1,327.3,319.6
468.0,6306,-15.0,-18.1,77,1.98,330,11,320.7,327.5,321.1
456.0,6501,-16.3,-19.6,76,1.79,300,10,321.4,327.7,321.8
423.0,7062,-20.1,-23.8,72,1.33,330,11,323.6,328.3,323.8
415.0,7205,-21.1,-24.9,71,1.23,355,12,324.1,328.5,324.4
408.0,7332,-21.9,-25.9,70,1.14,355,13,324.6,328.7,324.8
402.0,7443,-22.6,-26.7,69,1.08,330,11,325.0,328.9,325.2
400.0,7480,-22.9,-27.0,69,1.05,335,10,325.1,329.0,325.4
389.0,7683,-24.2,-28.5,67,0.94,355,10,326.1,329.6,326.3
384.0,7777,-24.7,-29.2,66,0.89,20,11,326.5,329.8,326.7
376.0,7930,-25.7,-30.4,65,0.81,25,11,327.3,330.3,327.4
369.0,8067,-26.5,-31.4,63,0.75,55,10,327.9,330.7,328.0
366.0,8127,-26.9,-31.9,63,0.73,50,10,328.2,330.9,328.3
358.0,8283,-28.1,-33.5,60,0.63,35,10,328.6,331.0,328.7
353.0,8383,-28.9,-34.6,58,0.58,65,12,328.9,331.1,329.0
340.0,8649,-31.0,-37.3,54,0.46,65,11,329.6,331.4,329.7
330.0,8860,-32.6,-39.5,50,0.38,40,10,330.1,331.6,330.2
324.0,8990,-33.6,-40.9,48,0.33,50,12,330.5,331.8,330.6
310.0,9303,-36.1,-44.1,44,0.25,44,15,331.3,332.3,331.3
300.0,9530,-37.9,-44.9,48,0.23,40,17,331.8,332.8,331.9
296.0,9621,-38.7,-45.8,47,0.21,40,19,332.0,332.9,332.1
287.0,9829,-40.4,-47.9,44,0.18,25,16,332.4,333.2,332.5
260.0,10495,-46.1,-54.6,37,0.09,45,13,333.7,334.1,333.7
250.0,10760,-48.3,-57.3,34,0.07,25,12,334.1,334.4,334.1
249.0,10786,-48.7,-57.7,34,0.06,27,12,333.9,334.2,333.9
243.0,10944,-49.7,-59.0,33,0.05,40,10,334.8,335.0,334.8
229.0,11327,-52.1,-62.3,28,0.04,130,1,336.8,336.9,336.8
213.0,11794,-55.1,-66.2,24,0.02,270,10,339.2,339.3,339.2
205.0,12041,-56.7,-68.3,22,0.02,270,16,340.4,340.5,340.4
200.0,12200,-57.7,-69.7,20,0.02,260,17,341.2,341.3,341.2
199.0,12232,-58.1,-70.1,20,0.02,255,18,341.1,341.2,341.1
181.0,12832,-55.2,-80.7,3,0.00,225,24,355.1,355.1,355.1
179.0,12902,-54.9,-81.9,2,0.00,219,23,356.8,356.8,356.8
176.0,13009,-55.3,-82.7,2,0.00,210,22,357.9,357.9,357.9
162.0,13533,-57.2,-86.4,1,0.00,190,20,363.3,363.3,363.3
153.0,13895,-58.5,-89.0,1,0.00,215,23,367.1,367.1,367.1
150.0,14020,-58.9,-89.9,1,0.00,210,22,368.4,368.4,368.4
143.0,14318,-59.9,-90.9,1,0.00,205,22,371.7,371.7,371.7
136.0,14624,-61.0,,,,200,22,375.2,,375.2
128.0,14994,-62.2,,,,225,17,379.4,,379.4
123.0,15237,-63.1,,,,210,19,382.2,,382.2
114.0,15701,-64.7,,,,220,21,387.6,,387.6
100.0,16500,-67.5,,,,190,21,397.1,,397.1
92.0,17000,-70.4,,,,170,22,400.9,,400.9
91.7,17020,-70.5,,,,170,22,401.1,,401.1
84.0,17542,-71.0,,,,205,26,410.1,,410.1
83.4,17584,-71.1,,,,202,26,410.9,,410.9
74.0,18298,-69.6,,,,160,33,428.3,,428.3
71.0,18545,-69.1,,,,155,27,434.5,,434.5
70.0,18630,-68.9,,,,140,25,436.6,,436.6
69.0,18717,-68.7,,,,125,22,438.9,,438.9
62.0,19360,-67.0,,,,115,15,456.1,,456.1
60.0,19557,-66.5,,,,85,14,461.6,,461.6
59.8,19577,-66.5,,,,,,462.1,,462.1
