PRES,HGHT,TEMP,DWPT,RELH,MIXR,DRCT,SKNT,THTA,THTE,THTV
1017.0,5,23.8,18.9,74,13.70,215,8,295.5,335.1,297.9
1016.0,14,23.0,17.0,69,12.14,215,8,294.8,329.8,297.0
1000.0,152,21.4,17.4,78,12.66,215,8,294.6,331.0,296.8
981.0,318,20.2,17.2,83,12.74,240,8,295.0,331.7,297.2
938.0,705,18.0,17.0,94,13.17,297,6,296.5,334.7,298.9
925.0,825,17.2,15.4,89,12.03,315,6,296.9,331.9,299.0
850.0,1543,13.4,9.8,79,9.02,150,5,300.2,327.0,301.8
846.0,1583,13.4,8.7,73,8.41,154,5,300.6,325.7,302.1
788.0,2177,8.8,6.8,87,7.92,207,6,301.8,325.6,303.2
700.0,3151,4.2,2.2,87,6.45,295,7,307.1,327.1,308.3
656.0,3677,0.9,0.5,98,6.10,0,0,309.1,328.2,310.2
655.0,3690,0.8,0.5,98,6.10,0,0,309.1,328.2,310.3
505.0,5743,-9.7,-14.7,67,2.43,48,8,320.2,328.6,320.7
500.0,5820,-10.1,-15.1,67,2.38,50,8,320.7,328.8,321.1
456.0,6519,-15.3,-18.7,75,1.93,35,10,322.8,329.5,323.1
441.0,6773,-17.1,-20.0,78,1.78,340,13,323.5,329.8,323.8
432.0,6930,-18.3,-20.8,81,1.70,336,14,323.9,329.9,324.2
429.0,6981,-18.6,-21.3,80,1.64,335,14,324.1,329.9,324.4
400.0,7500,-22.1,-25.9,71,1.16,290,13,326.2,330.4,326.4
395.0,7591,-22.7,-26.6,71,1.11,285,12,326.5,330.6,326.8
375.0,7968,-25.3,-29.5,68,0.89,320,13,328.0,331.3,328.2
353.0,8407,-28.3,-32.9,65,0.68,323,18,329.7,332.3,329.8
300.0,9550,-37.9,-42.2,64,0.31,330,32,331.8,333.1,331.9
298.0,9595,-38.3,-42.6,64,0.30,330,32,331.9,333.1,331.9
263.0,10440,-46.1,-50.5,61,0.14,340,25,332.6,333.2,332.6
257.0,10596,-47.5,-51.9,60,0.12,340,28,332.7,333.2,332.7
254.0,10674,-46.3,-63.3,13,0.03,340,29,335.6,335.7,335.6
250.0,10780,-46.9,-68.9,6,0.01,340,31,336.2,336.3,336.2
236.0,11157,-48.1,-71.9,5,0.01,340,36,340.0,340.0,340.0
210.0,11921,-50.5,-78.0,2,0.00,330,81,347.8,347.8,347.8
200.0,12240,-51.5,-80.5,2,0.00,325,90,351.1,351.1,351.1
185.0,12743,-53.2,-83.4,1,0.00,320,99,356.2,356.2,356.2
176.0,13065,-54.3,-85.3,1,0.00,318,93,359.5,359.5,359.5
150.0,14080,-58.9,-89.9,1,0.00,310,72,368.4,368.4,368.4
147.0,14206,-59.9,-90.9,1,0.00,309,71,368.8,368.8,368.8
130.0,14953,-63.9,-90.9,1,0.00,300,62,374.9,374.9,374.9
116.0,15645,-67.5,-90.9,2,0.00,300,48,380.6,380.6,380.6
111.0,15912,-68.9,-90.8,3,0.00,315,49,382.7,382.7,382.7
107.0,16135,-70.1,-90.8,3,0.00,306,47,384.5,384.5,384.5
103.0,16363,-67.3,-90.8,2,0.00,297,45,394.1,394.1,394.1
100.0,16540,-68.1,-90.8,3,0.00,290,43,395.9,395.9,395.9
91.0,17100,-70.6,-90.8,4,0.00,305,38,401.8,401.8,401.8
88.0,17299,-71.5,-90.8,4,0.00,290,37,403.9,403.9,403.9
80.2,17849,-73.9,-90.8,6,0.00,290,24,409.7,409.7,409.7
80.0,17864,-73.6,-90.8,6,0.00,290,24,410.6,410.6,410.6
77.6,18044,-70.5,-90.8,4,0.00,310,21,420.7,420.7,420.7
77.0,18090,-70.3,-90.8,4,0.00,315,20,421.9,421.9,421.9
70.0,18660,-68.5,-90.8,3,0.00,245,22,437.5,437.5,437.5
69.0,18747,-68.0,-90.8,3,0.00,240,20,440.4,440.4,440.4
68.0,18834,-67.5,-90.8,2,0.00,245,13,443.3,443.3,443.3
66.8,18942,-66.9,-90.8,2,0.00,236,11,446.9,446.9,446.9
66.0,19014,-67.1,-90.8,2,0.00,230,10,448.0,448.0,448.0
64.0,19199,-67.6,-90.8,2,0.00,295,10,450.8,450.8,450.8
62.0,19390,-68.2,-90.8,3,0.00,315,10,453.7,453.7,453.7
60.1,19577,-68.7,-90.8,3,0.00,343,4,456.5,456.6,456.5
59.0,19689,-67.9,-90.8,3,0.00,0,0,460.8,460.8,460.8
56.0,20007,-65.5,-90.7,2,0.00,45,10,473.1,473.1,473.1
54.0,20228,-63.9,-90.7,1,0.00,5,21,481.8,481.8,481.8
52.0,20458,-62.2,-90.7,1,0.00,325,14,491.0,491.0,491.0
51.9,20469,-62.1,-90.7,1,0.00,327,14,491.4,491.5,491.4
50.0,20700,-61.9,-90.7,1,0.00,10,8,497.2,497.2,497.2
49.0,20826,-61.6,-90.7,1,0.00,20,12,500.8,500.8,500.8
48.0,20954,-61.3,-90.7,1,0.00,355,10,504.5,504.5,504.5
45.0,21355,-60.3,-90.7,1,0.00,0,0,516.3,516.3,516.3
44.0,21495,-60.0,-90.7,1,0.00,75,10,520.5,520.5,520.5
43.3,21595,-59.7,-90.7,1,0.00,51,10,523.5,523.5,523.5
43.0,21638,-59.7,-90.7,1,0.00,40,10,524.5,524.6,524.5
40.0,22091,-59.4,-90.4,1,0.00,85,3,536.1,536.2,536.1
39.0,22250,-59.3,-90.3,1,0.00,120,10,540.3,540.3,540.3
36.0,22752,-59.0,-90.0,1,0.00,95,15,553.5,553.5,553.5
35.0,22928,-58.9,-89.9,1,0.00,65,16,558.2,558.3,558.2
33.0,23297,-58.7,-89.7,1,0.00,70,17,568.2,568.3,568.2
32.7,23354,-58.7,-89.7,1,0.00,65,18,569.8,569.9,569.8
31.0,23692,-56.4,-88.0,1,0.01,35,23,584.9,585.0,584.9
30.0,23900,-54.9,-86.9,1,0.01,45,13,594.4,594.4,594.4
29.0,24116,-54.3,-86.9,1,0.01,75,8,601.8,601.8,601.8
28.3,24272,-53.9,-86.9,1,0.01,103,16,607.1,607.2,607.1
28.0,24340,-53.9,-86.9,1,0.01,115,19,608.9,608.9,608.9
24.4,25220,-54.5,-87.5,1,0.01,79,16,631.7,631.8,631.7
24.0,25327,-53.9,-87.0,1,0.01,75,16,636.5,636.5,636.5
22.0,25892,-50.6,-84.7,1,0.01,100,20,662.1,662.2,662.1
20.0,26510,-47.1,-82.1,1,0.02,95,23,691.2,691.5,691.2
19.0,26851,-46.3,-81.3,1,0.03,80,20,704.0,704.3,704.0
17.2,27513,-44.7,-79.7,1,0.04,120,26,729.3,729.8,729.4
17.0,,,,,,125,27,,,
