PRES,HGHT,TEMP,DWPT,RELH,MIXR,DRCT,SKNT,THTA,THTE,THTV
1014.0,5,22.4,15.4,65,10.96,345,7,294.4,326.0,296.3
1013.0,14,21.2,13.2,60,9.49,345,7,293.3,320.6,294.9
1000.0,125,20.2,15.2,73,10.97,345,9,293.4,324.9,295.3
981.0,290,18.6,14.1,75,10.40,325,12,293.4,323.3,295.2
971.0,379,17.8,13.5,76,10.11,329,15,293.4,322.5,295.2
940.0,656,16.3,9.6,64,8.02,340,26,294.6,318.0,296.1
925.0,793,15.6,7.6,59,7.13,335,25,295.2,316.2,296.5
911.0,922,15.0,5.0,51,6.04,330,24,295.9,313.8,297.0
862.0,1387,11.0,8.2,83,7.99,310,21,296.5,319.9,297.9
855.0,1456,10.4,8.7,89,8.32,310,20,296.5,320.9,298.0
850.0,1505,10.2,9.2,94,8.66,310,20,296.8,322.2,298.4
820.0,1801,8.7,6.7,87,7.56,320,20,298.3,320.8,299.7
811.0,1892,8.3,5.9,85,7.25,310,19,298.8,320.4,300.1
794.0,2067,7.4,4.5,82,6.68,300,21,299.7,319.7,300.9
738.0,2670,4.4,-0.6,70,4.99,329,25,302.7,318.1,303.6
736.0,2692,4.2,-0.6,71,4.99,330,25,302.8,318.1,303.7
704.0,3052,1.6,-1.0,83,5.08,321,27,303.7,319.4,304.7
700.0,3098,2.0,-1.1,80,5.07,320,27,304.7,320.4,305.6
696.0,3144,1.9,-1.8,76,4.83,320,27,305.0,320.0,305.9
694.0,3167,1.8,-2.2,75,4.71,319,27,305.2,319.9,306.1
682.0,3308,2.2,-8.8,44,2.90,310,27,307.2,316.5,307.7
654.0,3645,0.4,-13.7,34,2.05,290,28,308.9,315.6,309.2
646.0,3744,-0.1,-15.1,31,1.84,292,29,309.4,315.5,309.7
638.0,3843,-0.9,-15.9,31,1.74,294,29,309.6,315.4,309.9
611.0,4186,-4.3,-15.3,42,1.91,301,32,309.5,315.9,309.9
604.0,4277,-5.1,-12.1,58,2.52,303,32,309.6,317.8,310.1
601.0,4316,-5.1,-10.0,68,2.99,304,33,310.0,319.7,310.6
598.0,4355,-5.3,-10.4,67,2.91,305,33,310.3,319.8,310.8
572.0,4703,-6.9,-13.9,57,2.29,295,33,312.3,320.0,312.8
545.0,5078,-8.4,-40.6,5,0.20,285,32,314.9,315.7,314.9
540.0,5150,-8.7,-45.7,3,0.12,285,32,315.4,315.8,315.4
513.0,5543,-11.9,-42.2,6,0.18,285,32,316.1,316.9,316.2
500.0,5740,-13.5,-40.5,8,0.22,280,32,316.5,317.4,316.6
486.0,5955,-15.5,-40.2,10,0.24,270,31,316.6,317.5,316.7
482.0,6018,-16.1,-40.1,11,0.24,269,34,316.6,317.6,316.7
458.0,6401,-18.3,-25.3,54,1.07,261,49,318.6,322.4,318.8
455.0,6450,-18.6,-25.4,55,1.07,260,51,318.7,322.6,318.9
421.0,7026,-22.5,-26.4,70,1.06,263,66,320.9,324.7,321.1
403.0,7346,-24.9,-28.5,72,0.91,265,74,321.9,325.2,322.0
400.0,7400,-24.9,-28.8,70,0.89,270,77,322.5,325.8,322.7
384.0,7700,-21.9,-37.4,23,0.40,280,100,330.3,331.9,330.4
382.0,7738,-21.5,-38.5,20,0.36,281,101,331.3,332.7,331.4
347.0,8437,-26.4,-44.7,16,0.21,290,111,333.9,334.8,333.9
329.0,8825,-29.1,-48.1,14,0.15,288,115,335.3,335.9,335.3
326.0,8890,-27.3,-54.3,6,0.07,288,115,338.6,339.0,338.7
308.0,9300,-27.1,-62.1,2,0.03,286,119,344.5,344.6,344.5
300.0,9490,-28.5,-59.5,3,0.04,285,121,345.1,345.3,345.1
250.0,10770,-39.5,-62.5,7,0.03,280,122,347.2,347.4,347.2
232.0,11273,-43.5,-66.5,6,0.02,275,127,348.7,348.8,348.7
225.0,11479,-45.1,-68.1,6,0.02,276,124,349.2,349.3,349.2
200.0,12250,-52.1,-70.1,10,0.02,280,114,350.1,350.2,350.1
193.0,12480,-53.9,-70.1,12,0.02,285,112,350.9,351.0,350.9
192.0,12513,-54.1,-70.1,12,0.02,284,112,351.0,351.1,351.0
169.0,13321,-59.9,-77.9,8,0.01,272,117,354.4,354.4,354.4
166.0,13432,-60.5,,,,270,118,355.3,,355.3
155.0,13857,-62.7,,,,270,99,358.6,,358.6
150.0,14060,-63.7,,,,270,98,360.1,,360.1
142.0,14395,-66.9,,,,273,93,360.2,,360.2
128.0,15023,-67.9,,,,279,84,369.3,,369.3
116.0,15607,-72.0,,,,285,76,372.3,,372.3
108.0,16031,-74.9,,,,280,78,374.4,,374.4
100.0,16480,-74.3,,,,280,63,383.9,,383.9
94.4,16814,-75.9,,,,285,58,387.1,,387.1
88.7,17179,-71.3,,,,289,54,403.3,,403.3
88.0,17225,-71.4,,,,290,53,404.1,,404.1
84.0,17500,-71.8,,,,275,47,408.7,,408.7
79.0,17862,-72.3,,,,285,44,414.9,,414.9
78.6,17892,-72.3,,,,283,44,415.4,,415.4
77.0,18014,-69.0,,,,275,45,424.8,,424.8
76.6,18045,-68.1,,,,273,43,427.2,,427.2
74.0,18254,-67.1,,,,260,32,433.6,,433.6
73.0,18336,-66.7,,,,270,24,436.1,,436.1
71.0,18504,-65.9,,,,280,25,441.3,,441.3
70.5,18547,-65.7,,,,280,25,442.6,,442.6
70.0,18590,-65.7,,,,280,25,443.5,,443.5
64.0,19129,-67.9,,,,275,29,450.1,,450.1
63.5,19177,-68.1,,,,277,28,450.7,,450.7
60.0,19521,-66.5,,,,290,20,461.6,,461.6
58.0,19728,-65.6,,,,275,14,468.2,,468.2
57.0,19833,-65.1,,,,290,12,471.6,,471.6
56.0,19941,-64.6,,,,310,14,475.1,,475.1
52.0,20392,-62.6,,,,295,30,490.1,,490.1
50.0,20630,-61.5,,,,275,17,498.1,,498.1
49.0,20756,-61.2,,,,295,13,501.8,,501.8
48.0,20885,-60.8,,,,345,12,505.6,,505.6
44.0,21429,-59.4,,,,300,17,521.9,,521.9
42.3,21676,-58.7,,,,317,6,529.4,,529.4
42.0,21721,-58.8,,,,320,4,530.3,,530.3
39.3,22138,-59.5,,,,340,6,538.6,,538.6
34.0,23051,-57.7,,,,25,10,566.0,,566.0
32.8,23278,-57.3,,,,13,10,573.0,,573.0
32.0,23436,-55.9,,,,5,10,581.0,,581.0
30.0,23850,-52.1,,,,295,4,602.0,,602.0
29.8,23893,-51.9,,,,301,5,603.7,,603.7
28.0,24298,-50.7,,,,0,10,617.9,,617.9
26.0,24779,-51.6,,,,65,13,628.5,,628.5
25.0,25033,-52.1,,,,60,15,634.2,,634.2
24.2,25244,-52.5,,,,46,13,639.0,,639.0
23.0,25574,-52.1,,,,25,11,649.6,,649.6
21.0,26164,-51.3,,,,5,18,669.0,,669.0
20.0,26480,-50.9,,,,0,20,679.6,,679.6
19.0,26815,-50.0,,,,0,19,692.3,,692.3
18.4,27024,-49.5,,,,15,20,700.4,,700.4
18.0,,,,,,25,20,,,
