PRES,HGHT,TEMP,DWPT,RELH,MIXR,DRCT,SKNT,THTA,THTE,THTV
1032.0,5,23.2,13.2,53,9.32,150,7,293.7,320.6,295.3
1023.0,81,21.2,12.2,56,8.80,135,8,292.4,317.8,294.0
1014.0,157,20.5,12.3,59,8.92,120,10,292.5,318.2,294.1
1000.0,277,19.4,12.4,64,9.12,130,11,292.6,318.8,294.2
975.0,494,17.3,12.5,73,9.42,150,11,292.5,319.6,294.2
974.0,503,17.2,12.5,74,9.43,149,11,292.5,319.6,294.2
965.0,582,16.6,11.6,72,8.96,144,12,292.7,318.5,294.3
958.0,645,16.6,6.6,52,6.42,140,13,293.3,312.1,294.5
942.0,788,15.4,5.4,51,6.00,130,15,293.5,311.1,294.6
928.0,915,15.4,-7.6,20,2.34,122,17,294.8,302.0,295.2
925.0,942,15.4,-2.6,29,3.43,120,17,295.1,305.5,295.7
924.0,951,15.3,-2.2,30,3.53,115,18,295.1,305.8,295.7
910.0,1080,14.2,3.2,48,5.32,122,18,295.2,311.0,296.1
894.0,1230,12.8,3.8,54,5.65,130,19,295.2,312.0,296.3
886.0,1305,12.4,1.4,47,4.80,123,22,295.6,310.0,296.5
878.0,1381,12.4,-1.6,38,3.89,117,24,296.4,308.2,297.1
876.0,1400,12.8,-4.9,29,3.04,115,25,297.0,306.4,297.5
871.0,1448,13.8,-13.2,14,1.60,114,24,298.5,303.6,298.8
850.0,1653,12.2,-22.8,7,0.72,110,20,298.9,301.4,299.0
845.0,1702,12.0,-34.0,2,0.26,109,20,299.2,300.1,299.2
831.0,1841,11.6,-33.3,3,0.28,105,20,300.2,301.2,300.3
807.0,2085,11.0,-32.2,3,0.32,120,17,302.1,303.2,302.1
780.0,2368,10.2,-30.8,4,0.38,125,20,304.2,305.6,304.3
726.0,2958,4.7,-20.2,14,1.06,135,25,304.5,308.1,304.7
723.0,2992,4.4,-19.6,16,1.13,132,26,304.5,308.3,304.7
714.0,3094,5.2,-35.8,3,0.25,122,28,306.5,307.4,306.5
712.0,3117,5.1,-36.0,3,0.25,120,29,306.7,307.6,306.7
700.0,3255,4.8,-37.2,3,0.23,120,29,307.8,308.6,307.8
669.0,3623,2.0,-30.0,7,0.48,120,30,308.6,310.4,308.7
652.0,3827,0.5,-30.6,8,0.46,120,31,309.2,310.9,309.3
583.0,4717,-6.1,-33.1,10,0.41,115,20,311.6,313.1,311.6
576.0,4812,-6.2,-35.7,8,0.32,115,19,312.5,313.7,312.6
559.0,5046,-6.5,-42.1,4,0.17,135,15,314.9,315.5,314.9
558.0,5060,-6.5,-42.5,4,0.16,135,15,315.0,315.6,315.1
541.0,5300,-8.1,-43.0,4,0.16,135,14,315.9,316.6,316.0
500.0,5910,-12.1,-44.1,5,0.15,190,11,318.2,318.8,318.2
489.0,6078,-13.6,-44.2,6,0.15,200,11,318.4,319.1,318.5
464.0,6473,-17.1,-44.5,7,0.16,190,11,318.9,319.5,318.9
461.0,6522,-17.5,-44.5,8,0.16,194,11,319.0,319.6,319.0
445.0,6783,-18.8,-46.3,7,0.13,215,11,320.5,321.0,320.5
438.0,6900,-19.4,-47.2,7,0.12,210,8,321.2,321.7,321.2
426.0,7105,-20.5,-48.6,6,0.11,170,7,322.4,322.9,322.4
405.0,7478,-22.4,-51.2,5,0.08,150,10,324.6,324.9,324.6
400.0,7570,-22.9,-51.9,5,0.08,150,12,325.1,325.5,325.2
390.0,7754,-23.9,-53.4,5,0.07,155,10,326.1,326.4,326.2
376.0,8020,-25.4,-55.6,4,0.05,180,10,327.6,327.9,327.6
359.0,8356,-27.3,-58.3,4,0.04,214,14,329.4,329.6,329.5
356.0,8415,-27.8,-58.7,4,0.04,220,15,329.6,329.7,329.6
325.0,9056,-33.3,-63.2,3,0.02,225,16,330.7,330.8,330.7
300.0,9620,-38.1,-67.1,3,0.02,225,21,331.6,331.6,331.6
283.0,10018,-41.1,-68.0,4,0.01,220,23,332.8,332.9,332.8
268.0,10390,-43.9,-68.9,5,0.01,235,27,334.0,334.0,334.0
263.0,10517,-43.0,-70.0,4,0.01,240,28,337.1,337.1,337.1
258.0,10647,-42.1,-71.1,3,0.01,242,30,340.3,340.3,340.3
250.0,10860,-43.7,-71.7,3,0.01,245,33,341.0,341.0,341.0
228.0,11469,-47.5,-73.5,4,0.01,260,37,344.2,344.3,344.2
209.0,12044,-51.1,-75.1,4,0.01,256,46,347.3,347.3,347.3
202.0,12265,-51.6,-77.1,3,0.01,255,50,350.0,350.0,350.0
200.0,12330,-51.7,-77.7,3,0.00,255,50,350.7,350.8,350.7
167.0,13475,-57.8,-81.6,3,0.00,245,41,359.1,359.1,359.1
157.0,13867,-59.9,-82.9,3,0.00,252,43,361.9,361.9,361.9
153.0,14027,-60.8,,,,255,44,363.1,,363.1
150.0,14150,-61.5,,,,245,42,363.9,,363.9
131.0,14983,-66.5,,,,235,26,369.4,,369.4
124.0,15315,-67.0,,,,250,28,374.3,,374.3
118.0,15615,-67.4,,,,235,28,378.8,,378.8
112.0,15931,-67.9,,,,250,27,383.6,,383.6
100.0,16610,-70.9,,,,235,22,390.5,,390.5
98.9,16675,-71.3,,,,230,22,390.9,,390.9
96.0,16852,-69.9,,,,230,19,396.9,,396.9
92.2,17092,-68.1,,,,178,19,405.2,,405.2
92.0,17105,-68.1,,,,175,19,405.5,,405.5
89.0,17303,-67.7,,,,170,12,410.2,,410.2
87.9,17378,-67.5,,,,211,11,411.9,,411.9
87.0,17439,-67.9,,,,245,10,412.3,,412.3
85.0,17578,-68.9,,,,250,14,413.1,,413.1
84.2,17635,-69.3,,,,239,15,413.4,,413.4
82.0,17793,-68.9,,,,210,16,417.3,,417.3
80.0,17941,-68.5,,,,215,16,421.0,,421.0
75.0,18327,-67.6,,,,165,11,430.9,,430.9
74.0,18407,-67.4,,,,180,4,433.0,,433.0
72.6,18521,-67.1,,,,190,8,435.9,,435.9
72.0,18571,-67.3,,,,195,10,436.5,,436.5
71.1,18646,-67.7,,,,188,14,437.3,,437.3
70.0,18740,-66.7,,,,180,18,441.4,,441.4
69.0,18828,-65.4,,,,165,17,445.9,,445.9
67.4,18972,-63.3,,,,133,11,453.5,,453.5
67.0,19008,-63.4,,,,125,10,454.0,,454.0
65.0,19195,-64.1,,,,0,0,456.5,,456.5
63.1,19377,-64.7,,,,256,6,459.0,,459.0
62.0,19486,-64.6,,,,195,10,461.6,,461.6
61.0,19586,-64.4,,,,165,10,464.1,,464.1
59.0,19791,-64.2,,,,120,11,469.1,,469.1
56.0,20112,-63.8,,,,135,10,477.1,,477.1
55.0,20223,-63.6,,,,135,12,479.9,,479.9
53.0,20451,-63.4,,,,115,14,485.6,,485.6
52.0,20569,-63.2,,,,120,12,488.6,,488.6
51.0,20688,-63.0,,,,160,13,491.7,,491.7
50.0,20810,-62.9,,,,160,17,494.8,,494.8
48.0,21062,-62.8,,,,160,24,501.0,,501.0
47.3,21152,-62.7,,,,146,19,503.2,,503.2
47.0,21192,-62.5,,,,140,17,504.6,,504.6
45.0,21462,-61.3,,,,105,14,513.8,,513.8
44.0,21602,-60.7,,,,130,15,518.7,,518.7
43.0,21745,-60.0,,,,120,16,523.7,,523.7
42.0,21891,-59.4,,,,65,13,528.8,,528.8
41.3,21996,-58.9,,,,62,13,532.5,,532.5
41.0,22042,-58.8,,,,60,13,533.8,,533.8
40.0,22197,-58.6,,,,75,10,538.1,,538.1
39.0,22357,-58.4,,,,125,10,542.6,,542.6
38.0,22521,-58.2,,,,120,11,547.2,,547.2
36.0,22861,-57.7,,,,80,10,556.9,,556.9
35.0,23039,-57.5,,,,55,10,562.0,,562.0
34.0,23222,-57.2,,,,55,10,567.4,,567.4
33.5,23315,-57.1,,,,42,8,570.1,,570.1
32.0,23608,-55.4,,,,0,0,582.3,,582.3
31.0,23810,-54.1,,,,125,10,590.9,,590.9
30.0,24020,-52.9,,,,120,11,599.8,,599.8
29.3,24172,-52.1,,,,124,12,606.1,,606.1
27.0,24700,-53.0,,,,140,14,617.8,,617.8
26.8,24748,-53.1,,,,134,14,618.9,,618.9
25.0,25201,-51.5,,,,80,18,636.0,,636.0
23.0,25744,-49.5,,,,110,25,657.2,,657.2
21.7,26123,-48.1,,,,81,24,672.3,,672.3
21.3,26246,-48.5,,,,72,23,674.7,,674.7
21.0,,,,,,65,23,,,
