PRES,HGHT,TEMP,DWPT,RELH,MIXR,DRCT,SKNT,THTA,THTE,THTV
1014.0,5,26.6,15.6,51,11.11,330,1,298.6,331.2,300.6
1000.0,128,24.4,15.4,57,11.12,60,4,297.6,330.1,299.5
953.0,548,20.4,15.4,73,11.67,355,4,297.6,331.7,299.7
925.0,805,18.0,14.4,79,11.27,315,4,297.7,330.6,299.7
918.0,870,17.4,14.3,82,11.28,324,3,297.7,330.7,299.8
891.0,1125,15.8,12.1,79,10.05,0,1,298.6,328.1,300.4
879.0,1240,15.0,11.1,77,9.52,60,6,299.0,327.1,300.7
870.0,1328,19.6,-12.4,10,1.70,105,11,304.6,310.2,304.9
869.0,1338,19.7,-11.9,11,1.77,110,11,304.8,310.6,305.1
865.0,1377,20.0,-10.0,12,2.08,110,11,305.6,312.3,305.9
850.0,1528,20.8,-14.2,8,1.51,110,13,307.9,313.0,308.2
848.0,1548,21.1,-19.1,5,1.00,110,13,308.5,311.9,308.6
845.0,1579,21.6,-26.4,3,0.53,113,14,309.3,311.2,309.4
808.0,1964,19.4,-3.9,20,3.56,150,21,310.9,322.4,311.5
796.0,2092,18.6,3.6,37,6.26,154,20,311.4,331.2,312.6
776.0,2309,17.2,0.7,33,5.21,160,19,312.2,328.9,313.2
758.0,2509,16.0,-2.0,29,4.38,157,21,313.0,327.1,313.8
737.0,2747,13.8,4.8,55,7.37,153,24,313.1,336.4,314.5
718.0,2966,12.5,-0.6,41,5.14,150,27,314.0,330.5,315.0
700.0,3179,11.2,-5.8,30,3.56,145,24,314.9,326.6,315.5
695.0,3239,11.0,-9.0,24,2.80,147,23,315.3,324.6,315.8
692.0,3275,10.8,-2.2,40,4.73,148,23,315.4,330.8,316.4
661.0,3654,8.8,-36.2,2,0.26,160,19,317.4,318.4,317.4
648.0,3818,8.5,-37.9,2,0.23,165,17,318.8,319.7,318.9
643.0,3882,8.4,-38.6,2,0.21,160,16,319.4,320.2,319.4
614.0,4258,6.1,-37.2,3,0.26,130,11,321.0,322.0,321.1
602.0,4419,5.1,-36.6,3,0.28,130,10,321.7,322.8,321.7
586.0,4638,3.8,-35.8,4,0.31,155,12,322.6,323.8,322.6
569.0,4878,2.3,-34.9,4,0.35,130,10,323.6,324.9,323.7
568.0,4892,2.2,-34.8,4,0.35,129,10,323.6,325.0,323.7
546.0,5208,0.8,-36.2,4,0.32,105,6,325.7,326.9,325.7
517.0,5645,-1.1,-38.1,4,0.28,121,7,328.5,329.6,328.5
500.0,5910,-3.3,-25.3,16,0.98,130,7,328.9,332.6,329.1
494.0,6006,-4.3,-21.3,25,1.42,142,8,328.9,334.0,329.1
488.0,6102,-4.8,-27.2,16,0.85,155,10,329.4,332.6,329.6
484.0,6167,-5.1,-31.1,11,0.59,159,11,329.8,332.1,329.9
466.0,6460,-7.0,-32.4,11,0.54,175,17,331.0,333.1,331.1
444.0,6833,-9.4,-34.1,12,0.48,165,18,332.6,334.5,332.7
429.0,7099,-11.2,-35.3,12,0.45,185,17,333.6,335.4,333.7
400.0,7640,-14.7,-37.7,12,0.37,185,12,335.8,337.3,335.9
390.0,7831,-15.7,-39.3,11,0.33,200,15,336.9,338.3,337.0
384.0,7948,-16.3,-40.3,11,0.30,193,14,337.6,338.9,337.7
373.0,8160,-18.1,-41.1,11,0.28,180,12,338.1,339.3,338.2
351.0,8604,-21.8,-42.9,13,0.25,180,10,339.1,340.1,339.1
339.0,8858,-23.9,-43.8,14,0.23,155,10,339.6,340.5,339.6
317.0,9348,-27.9,-45.7,17,0.20,170,11,340.5,341.3,340.5
312.0,9464,-28.9,-46.2,17,0.20,155,10,340.7,341.5,340.7
300.0,9750,-31.3,-47.3,19,0.18,115,2,341.1,341.9,341.2
297.0,9821,-31.7,-47.7,19,0.17,106,2,341.6,342.3,341.6
267.0,10566,-37.5,-53.5,17,0.10,15,3,343.7,344.1,343.7
263.0,10672,-38.3,-54.3,17,0.09,30,5,344.0,344.4,344.0
253.0,10938,-39.7,-58.0,12,0.06,70,10,345.8,346.0,345.8
250.0,11020,-40.1,-59.1,11,0.05,70,12,346.3,346.6,346.3
247.0,11102,-40.6,-60.1,11,0.05,75,12,346.7,346.9,346.7
236.0,11412,-42.7,-63.7,8,0.03,130,8,348.1,348.3,348.1
230.0,11583,-44.0,-64.7,8,0.03,145,10,348.7,348.9,348.7
218.0,11938,-46.7,-66.8,8,0.02,145,13,349.9,350.0,349.9
210.0,12186,-48.6,-68.2,8,0.02,115,14,350.7,350.8,350.7
200.0,12510,-51.1,-70.1,9,0.02,120,14,351.7,351.8,351.7
199.0,12542,-51.4,-70.2,9,0.01,120,14,351.7,351.8,351.7
194.0,12704,-52.8,-70.7,10,0.01,115,14,352.0,352.1,352.0
188.0,12904,-54.6,-71.3,11,0.01,105,12,352.3,352.4,352.3
175.0,13361,-58.7,-72.7,15,0.01,153,10,352.9,352.9,352.9
172.0,13469,-59.3,-73.8,14,0.01,165,10,353.6,353.7,353.6
169.0,13578,-59.9,-74.9,12,0.01,148,9,354.4,354.4,354.4
150.0,14310,-66.1,,,,30,2,356.0,,356.0
145.0,14511,-67.6,,,,0,0,356.9,,356.9
122.0,15538,-75.3,,,,235,10,360.9,,360.9
117.0,15778,-76.2,,,,215,14,363.6,,363.6
112.0,16029,-77.1,,,,185,10,366.4,,366.4
100.0,16680,-79.5,,,,25,5,373.9,,373.9
91.7,17168,-83.3,,,,280,7,375.7,,375.7
87.0,17462,-83.0,,,,120,2,381.9,,381.9
85.0,17592,-82.9,,,,20,10,384.7,,384.7
82.0,17793,-82.8,,,,350,10,389.0,,389.0
80.9,17868,-82.7,,,,357,10,390.7,,390.7
70.0,18690,-76.9,,,,70,8,419.6,,419.6
67.0,18946,-74.8,,,,90,5,429.3,,429.3
66.0,19034,-74.1,,,,120,10,432.7,,432.7
65.0,19124,-73.4,,,,130,16,436.2,,436.2
63.0,19307,-71.9,,,,115,15,443.4,,443.4
62.0,19400,-71.1,,,,135,16,447.1,,447.1
60.4,19553,-69.9,,,,119,22,453.2,,453.2
58.0,19794,-70.1,,,,95,31,457.9,,457.9
56.5,19950,-70.3,,,,90,28,461.0,,461.0
53.2,20312,-65.7,,,,79,22,479.7,,479.7
52.0,20451,-65.3,,,,75,19,483.7,,483.7
51.0,20569,-65.0,,,,55,17,487.1,,487.1
50.0,20690,-64.7,,,,75,10,490.6,,490.6
49.3,20776,-64.5,,,,96,11,493.1,,493.1
49.0,20814,-64.4,,,,105,11,494.2,,494.2
45.0,21344,-62.5,,,,105,18,510.9,,510.9
43.0,21626,-61.5,,,,70,20,520.0,,520.0
41.0,21923,-60.5,,,,95,20,529.8,,529.8
36.0,22732,-57.6,,,,70,28,557.2,,557.2
35.0,22907,-57.0,,,,100,25,563.3,,563.3
33.6,23161,-56.1,,,,96,27,572.3,,572.3
30.0,23880,-55.9,,,,85,33,591.6,,591.6
29.0,24096,-55.7,,,,90,35,598.1,,598.1
28.0,24320,-55.4,,,,70,30,604.8,,604.8
27.0,24552,-55.2,,,,95,31,611.8,,611.8
25.0,25044,-54.6,,,,70,37,626.9,,626.9
24.0,25304,-54.4,,,,65,32,635.1,,635.1
23.8,25358,-54.3,,,,,,636.8,,636.8
