PRES,HGHT,TEMP,DWPT,RELH,MIXR,DRCT,SKNT,THTA,THTE,THTV
1022.0,5,23.4,9.4,41,7.29,115,9,294.7,316.1,296.0
1009.0,118,20.4,8.4,46,6.90,115,10,292.8,312.9,294.0
1000.0,196,19.6,8.6,49,7.06,115,11,292.8,313.3,294.0
925.0,859,13.2,5.2,58,6.03,115,6,292.8,310.4,293.9
870.0,1369,8.7,3.6,70,5.73,120,10,293.3,310.1,294.3
850.0,1563,7.0,3.0,76,5.62,120,9,293.5,310.0,294.5
811.0,1947,3.4,1.2,86,5.17,132,10,293.6,308.9,294.5
805.0,2007,4.0,-3.0,60,3.83,134,10,294.9,306.4,295.6
798.0,2079,7.2,-22.8,10,0.77,137,10,299.0,301.6,299.2
791.0,2151,7.6,-29.4,5,0.43,139,10,300.2,301.7,300.3
788.0,2183,7.6,-30.9,4,0.37,140,10,300.6,301.9,300.6
768.0,2394,7.8,-41.2,2,0.14,123,12,303.0,303.5,303.0
764.0,2437,7.5,-40.9,2,0.14,120,13,303.1,303.6,303.1
724.0,2875,4.6,-38.0,3,0.20,135,10,304.6,305.4,304.7
700.0,3150,2.8,-36.2,4,0.25,170,10,305.6,306.5,305.6
698.0,3173,2.6,-37.0,3,0.23,170,10,305.6,306.5,305.6
691.0,3254,2.0,-40.0,3,0.17,174,10,305.8,306.4,305.8
685.0,3325,2.8,-46.2,1,0.09,178,10,307.4,307.8,307.5
674.0,3455,2.5,-46.2,1,0.09,185,10,308.6,308.9,308.6
641.0,3859,1.6,-46.4,1,0.09,221,8,312.0,312.4,312.0
542.0,5182,-9.1,-33.1,12,0.44,340,1,314.6,316.2,314.6
527.0,5397,-10.5,-40.2,7,0.22,0,0,315.4,316.2,315.4
503.0,5754,-12.9,-51.9,2,0.06,236,3,316.7,317.0,316.7
500.0,5800,-13.3,-53.3,2,0.05,220,3,316.8,317.0,316.8
459.0,6441,-18.5,-52.5,3,0.06,295,10,318.1,318.4,318.1
427.0,6983,-22.9,-51.9,5,0.07,286,14,319.1,319.4,319.1
420.0,7104,-23.7,-43.7,14,0.19,284,15,319.6,320.4,319.6
406.0,7351,-25.2,-50.1,8,0.10,280,17,320.8,321.1,320.8
400.0,7460,-25.9,-52.9,6,0.07,290,17,321.2,321.5,321.3
399.0,7478,-25.9,-52.9,6,0.07,290,17,321.5,321.8,321.5
384.0,7755,-27.1,-39.1,31,0.34,298,19,323.4,324.7,323.5
369.0,8039,-29.9,-38.7,42,0.37,305,21,323.4,324.8,323.4
361.0,8195,-31.5,-38.5,50,0.38,301,22,323.3,324.8,323.4
354.0,8334,-32.3,-37.3,61,0.44,297,23,324.0,325.7,324.1
340.0,8616,-34.3,-39.0,63,0.39,290,24,325.1,326.6,325.2
329.0,8846,-35.9,-40.3,64,0.35,284,28,325.9,327.3,326.0
322.0,8994,-37.0,-41.6,63,0.31,280,31,326.4,327.6,326.5
300.0,9480,-40.7,-45.7,58,0.21,280,41,327.9,328.8,327.9
281.0,9920,-44.7,-50.7,51,0.13,277,50,328.3,328.9,328.4
267.0,10259,-46.9,-51.8,57,0.12,275,57,329.9,330.4,330.0
264.0,10333,-47.5,-54.7,43,0.09,275,59,330.1,330.5,330.2
254.0,10587,-49.5,-64.5,16,0.03,271,58,330.8,331.0,330.8
250.0,10690,-50.1,-66.1,13,0.02,270,58,331.4,331.6,331.5
240.0,10956,-52.3,-66.5,16,0.02,270,62,332.1,332.2,332.1
239.0,10983,-52.5,-66.5,17,0.02,270,62,332.1,332.2,332.1
230.0,11233,-48.7,-75.7,3,0.01,268,59,341.6,341.6,341.6
221.0,11495,-49.2,-78.2,2,0.00,265,55,344.7,344.7,344.7
214.0,11706,-49.6,-80.2,2,0.00,275,47,347.2,347.3,347.2
200.0,12150,-50.5,-84.5,1,0.00,280,60,352.6,352.6,352.6
199.0,12183,-50.6,-84.6,1,0.00,280,61,353.0,353.0,353.0
192.0,12416,-51.1,-85.1,1,0.00,284,60,355.8,355.8,355.8
180.0,12827,-53.2,-86.5,1,0.00,290,57,358.9,358.9,358.9
161.0,13539,-57.0,-88.8,1,0.00,275,67,364.3,364.3,364.3
150.0,13990,-59.3,-90.3,1,0.00,270,57,367.7,367.7,367.7
147.0,14117,-59.5,-90.5,1,0.00,270,57,369.4,369.4,369.4
143.0,14290,-59.9,-90.9,1,0.00,273,55,371.7,371.7,371.7
140.0,14421,-61.0,,,,275,53,372.0,,372.0
133.0,14739,-63.7,,,,277,58,372.7,,372.7
125.0,15116,-65.0,,,,280,65,377.1,,377.1
120.0,15365,-65.8,,,,275,68,380.0,,380.0
106.0,16119,-68.3,,,,244,44,389.0,,389.0
100.0,16470,-67.5,,,,230,33,397.1,,397.1
96.0,16713,-68.4,,,,230,19,400.0,,400.0
93.0,16903,-69.0,,,,265,10,402.4,,402.4
92.0,16967,-69.2,,,,285,12,403.1,,403.1
83.0,17581,-71.4,,,,295,22,410.8,,410.8
81.9,17661,-71.7,,,,295,22,411.8,,411.8
78.0,17952,-69.9,,,,260,24,421.3,,421.3
75.0,18186,-68.5,,,,255,22,429.1,,429.1
73.1,18339,-67.5,,,,229,20,434.2,,434.2
71.0,18514,-67.1,,,,200,18,438.7,,438.7
70.0,18600,-66.9,,,,180,14,440.9,,440.9
69.0,18687,-66.9,,,,145,10,442.7,,442.7
66.0,18955,-67.0,,,,0,0,448.1,,448.1
59.7,19561,-67.3,,,,105,8,460.6,,460.6
58.0,19736,-66.7,,,,135,10,465.8,,465.8
57.0,19842,-66.3,,,,110,14,469.0,,469.0
54.0,20171,-65.0,,,,85,16,479.1,,479.1
52.0,20401,-64.2,,,,80,16,486.3,,486.3
51.0,20519,-63.8,,,,80,12,490.1,,490.1
50.0,20640,-63.3,,,,95,11,493.9,,493.9
49.0,20765,-62.6,,,,110,10,498.4,,498.4
47.5,20956,-61.5,,,,130,12,505.5,,505.5
46.0,21154,-61.9,,,,150,15,509.2,,509.2
45.0,21290,-62.2,,,,145,15,511.7,,511.7
43.1,21556,-62.7,,,,98,20,516.8,,516.8
43.0,21571,-62.6,,,,95,20,517.3,,517.3
42.0,21718,-61.9,,,,85,16,522.6,,522.6
39.0,22181,-59.6,,,,115,17,539.6,,539.6
35.1,22839,-56.3,,,,71,25,564.7,,564.7
35.0,22857,-56.3,,,,70,25,565.0,,565.0
32.0,23423,-57.6,,,,85,24,576.2,,576.2
31.0,23623,-58.1,,,,80,23,580.2,,580.2
30.0,23830,-57.5,,,,90,24,587.3,,587.3
29.0,24047,-57.1,,,,95,25,594.0,,594.0
28.0,24271,-56.8,,,,85,27,601.0,,601.0
23.0,25527,-54.8,,,,35,10,641.7,,641.7
21.0,26108,-53.8,,,,100,3,661.4,,661.4
20.0,26420,-53.3,,,,125,4,672.3,,672.3
19.0,26753,-52.5,,,,140,10,684.8,,684.8
18.0,27105,-51.6,,,,120,19,698.3,,698.3
16.0,27870,-49.6,,,,100,16,728.5,,728.5
15.5,28076,-49.1,,,,,,736.9,,736.9
