PRES,HGHT,TEMP,DWPT,RELH,MIXR,DRCT,SKNT,THTA,THTE,THTV
1021.0,5,22.0,14.0,60,9.93,345,7,293.4,322.0,295.2
1019.0,22,20.6,11.6,56,8.48,346,7,292.2,316.6,293.7
1000.0,184,19.0,12.0,64,8.88,355,6,292.1,317.7,293.7
942.0,694,14.2,10.9,81,8.76,315,10,292.3,317.5,293.8
938.0,730,15.2,7.2,59,6.83,312,10,293.7,313.6,294.9
935.0,757,15.0,7.0,59,6.75,310,10,293.7,313.4,294.9
925.0,848,14.2,6.2,59,6.47,315,13,293.8,312.8,295.0
859.0,1468,10.3,4.1,65,6.01,315,13,296.1,313.9,297.2
850.0,1556,9.8,3.8,66,5.95,310,14,296.4,314.1,297.5
835.0,1703,8.5,2.8,67,5.64,285,16,296.5,313.4,297.6
811.0,1943,6.4,1.2,69,5.17,315,14,296.8,312.3,297.7
795.0,2107,4.9,0.1,71,4.87,305,13,296.9,311.6,297.8
785.0,2211,4.0,-0.6,72,4.69,283,11,297.0,311.1,297.8
777.0,2294,3.6,-2.4,65,4.13,265,10,297.4,310.0,298.2
768.0,2388,3.1,-4.5,57,3.57,245,13,297.9,308.8,298.5
753.0,2548,2.3,-8.1,46,2.77,250,19,298.7,307.3,299.2
723.0,2876,0.6,-15.4,29,1.60,232,28,300.3,305.5,300.6
703.0,3101,-1.2,-12.9,41,2.03,220,35,300.7,307.2,301.1
700.0,3135,-1.5,-12.5,43,2.10,225,35,300.8,307.5,301.2
686.0,3295,-3.1,-13.1,46,2.04,230,37,300.8,307.3,301.2
658.0,3624,-6.3,-14.3,53,1.93,226,33,300.8,306.9,301.1
654.0,3672,-6.5,-18.6,38,1.35,225,32,301.1,305.5,301.3
637.0,3877,-7.3,-37.3,7,0.24,208,17,302.4,303.3,302.5
629.0,3975,-7.7,-38.8,6,0.21,200,10,303.1,303.9,303.1
622.0,4062,-8.0,-40.0,6,0.19,205,5,303.7,304.4,303.7
580.0,4604,-10.1,-48.1,3,0.08,235,3,307.4,307.7,307.4
567.0,4776,-11.4,-47.4,3,0.09,245,2,307.8,308.1,307.8
554.0,4952,-12.8,-46.6,4,0.10,300,10,308.2,308.6,308.2
536.0,5203,-14.8,-45.5,5,0.12,305,10,308.8,309.3,308.8
503.0,5685,-18.5,-43.5,9,0.16,300,6,309.9,310.5,309.9
500.0,5730,-18.7,-45.7,7,0.13,300,6,310.2,310.7,310.2
485.0,5956,-19.5,-55.2,3,0.04,25,10,311.9,312.1,311.9
473.0,6142,-20.1,-63.1,1,0.02,8,12,313.4,313.5,313.4
464.0,6281,-21.1,-62.7,1,0.02,355,14,313.9,314.0,313.9
440.0,6667,-23.8,-61.6,2,0.02,340,16,315.3,315.4,315.3
415.0,7092,-26.8,-60.5,3,0.03,5,17,316.7,316.8,316.7
403.0,7306,-28.3,-59.9,3,0.03,0,19,317.4,317.6,317.4
400.0,7360,-28.7,-59.7,3,0.03,350,21,317.6,317.7,317.6
392.0,7503,-29.9,-61.3,3,0.03,345,25,317.9,318.0,317.9
372.0,7873,-32.9,-65.4,2,0.02,305,17,318.6,318.7,318.6
361.0,8085,-34.7,-67.7,2,0.01,305,15,319.0,319.1,319.0
358.0,8143,-34.5,-69.3,2,0.01,305,14,320.1,320.1,320.1
356.0,8183,-34.3,-70.3,1,0.01,305,14,320.8,320.9,320.8
317.0,8985,-39.3,-72.3,2,0.01,305,21,324.7,324.7,324.7
300.0,9360,-42.5,-65.5,6,0.02,305,24,325.4,325.4,325.4
269.0,10078,-48.7,-65.7,12,0.02,310,22,326.6,326.7,326.6
250.0,10560,-52.9,-65.9,19,0.02,305,30,327.3,327.4,327.3
249.0,10586,-53.1,-66.1,19,0.02,300,30,327.4,327.5,327.4
242.0,10771,-52.5,-68.2,13,0.02,290,37,330.9,331.0,330.9
200.0,12010,-48.5,-82.5,1,0.00,290,67,355.8,355.8,355.8
196.0,12144,-47.9,-82.9,1,0.00,290,69,358.8,358.8,358.8
186.0,12486,-49.1,-83.8,1,0.00,290,75,362.2,362.2,362.2
150.0,13890,-54.3,-87.3,1,0.00,290,66,376.3,376.3,376.3
126.0,14994,-59.2,-90.5,1,0.00,290,49,386.6,386.6,386.6
123.0,15147,-59.9,-90.9,1,0.00,292,53,388.1,388.1,388.1
119.0,15352,-60.7,-90.9,1,0.00,295,58,390.2,390.3,390.2
109.0,15897,-62.9,-90.8,1,0.00,280,57,396.1,396.1,396.1
104.0,16188,-62.2,-90.7,1,0.00,275,37,402.6,402.7,402.6
100.0,16430,-61.7,-90.7,1,0.00,265,42,408.2,408.2,408.2
96.0,16680,-62.7,-90.6,1,0.00,260,24,411.1,411.1,411.1
93.0,16875,-63.5,-90.6,1,0.00,285,18,413.3,413.3,413.3
91.0,17008,-64.0,-90.6,2,0.00,310,21,414.8,414.8,414.8
84.0,17499,-66.0,-90.5,2,0.00,310,33,420.4,420.4,420.4
82.2,17632,-66.5,-90.4,2,0.00,305,36,422.0,422.0,422.0
80.0,17797,-66.2,-90.4,2,0.00,290,38,425.9,425.9,425.9
78.0,17951,-65.8,-90.4,2,0.00,280,28,429.7,429.7,429.7
74.0,18272,-65.2,-90.3,2,0.00,285,20,437.6,437.6,437.6
72.0,18438,-64.8,-90.3,2,0.00,300,14,441.7,441.8,441.7
70.0,18610,-64.5,-90.3,2,0.00,325,16,446.1,446.1,446.1
69.0,18698,-64.8,-90.2,2,0.00,325,18,447.2,447.2,447.2
64.3,19128,-66.3,-90.2,2,0.00,269,17,453.1,453.1,453.1
64.0,19157,-66.1,-90.2,2,0.00,265,17,454.2,454.2,454.2
63.0,19254,-65.2,-90.1,2,0.00,260,10,458.0,458.1,458.0
60.0,19553,-62.7,-90.1,1,0.00,0,0,470.1,470.1,470.1
58.8,19677,-61.7,-90.1,1,0.00,1,3,475.1,475.1,475.1
56.0,19979,-62.2,-90.0,1,0.00,5,10,480.7,480.7,480.7
55.0,20090,-62.4,-90.0,1,0.00,0,13,482.8,482.8,482.8
54.0,20204,-62.5,-90.0,1,0.00,345,10,484.9,484.9,484.9
50.0,20680,-63.3,-89.9,2,0.00,5,2,493.9,493.9,493.9
44.6,21384,-63.1,-89.8,2,0.00,250,2,510.8,510.8,510.8
42.0,21759,-62.2,-89.7,1,0.00,190,2,521.8,521.8,521.8
33.0,23265,-58.7,-89.4,1,0.00,110,10,568.4,568.4,568.4
32.0,23457,-58.2,-89.4,1,0.00,65,13,574.6,574.6,574.6
30.0,23860,-57.3,-89.3,1,0.00,50,10,587.8,587.9,587.8
29.0,24075,-56.0,-88.0,1,0.01,115,15,597.2,597.3,597.2
28.8,24119,-55.7,-87.7,1,0.01,116,15,599.1,599.2,599.1
28.0,24297,-56.2,-88.2,1,0.01,120,17,602.7,602.8,602.7
27.0,24528,-56.8,-88.8,1,0.01,120,13,607.3,607.4,607.3
26.0,24767,-57.4,-89.4,1,0.01,345,10,612.1,612.2,612.1
25.5,24890,-57.7,-89.7,1,0.00,340,10,614.6,614.7,614.6
25.0,25016,-57.5,-89.5,1,0.01,335,10,618.7,618.8,618.7
22.0,25826,-56.1,-88.2,1,0.01,355,11,645.7,645.8,645.8
21.0,26121,-55.7,-87.7,1,0.01,50,11,655.9,656.0,655.9
20.3,26336,-55.3,-87.3,1,0.01,15,11,663.3,663.4,663.3
20.0,,,,,,0,11,,,
