PRES,HGHT,TEMP,DWPT,RELH,MIXR,DRCT,SKNT,THTA,THTE,THTV
1003.0,5,27.6,23.4,78,18.45,0,0,300.5,354.9,303.8
1000.0,30,27.0,22.6,77,17.61,0,0,300.1,352.0,303.3
973.0,272,24.4,22.2,88,17.66,321,7,299.9,351.8,303.1
969.0,308,24.2,21.2,83,16.66,316,8,300.0,349.0,303.0
951.0,472,22.8,20.4,86,16.14,289,12,300.2,347.7,303.1
948.0,500,23.2,19.7,81,15.49,285,13,300.9,346.6,303.7
931.0,658,22.0,19.6,86,15.68,259,17,301.2,347.6,304.1
925.0,714,22.2,19.0,82,15.19,250,19,302.0,347.0,304.8
914.0,819,22.8,15.8,65,12.50,247,20,303.6,341.1,305.9
904.1,914,22.2,15.8,67,12.64,245,20,304.0,341.9,306.3
898.0,973,21.8,15.8,69,12.73,246,18,304.2,342.3,306.5
888.0,1070,22.2,14.2,60,11.59,248,15,305.6,340.6,307.7
872.9,1219,21.0,13.8,63,11.49,250,10,305.8,340.6,307.9
850.0,1450,19.2,13.2,68,11.34,255,7,306.2,340.6,308.3
842.6,1524,18.7,13.0,70,11.30,270,5,306.4,340.7,308.5
784.3,2134,14.3,11.5,83,10.98,310,10,308.1,341.6,310.1
741.0,2616,10.8,10.3,97,10.73,310,17,309.3,342.3,311.3
720.0,2858,12.2,8.5,78,9.77,310,21,313.4,344.0,315.3
712.0,2951,12.6,-1.4,38,4.87,310,23,314.9,330.6,315.8
703.9,3048,12.2,-4.5,31,3.91,310,24,315.5,328.3,316.2
700.0,3094,12.0,-6.0,28,3.51,305,23,315.7,327.3,316.4
673.0,3422,10.6,-33.4,3,0.34,288,24,317.7,319.0,317.8
660.0,3585,9.0,-7.0,32,3.44,279,24,317.7,329.2,318.4
654.2,3658,9.2,-22.1,9,1.00,275,24,318.8,322.4,318.9
649.0,3724,9.4,-35.6,3,0.29,278,24,319.7,320.8,319.8
630.5,3962,8.6,-32.1,4,0.41,290,25,321.5,323.0,321.5
607.7,4267,7.6,-27.7,6,0.65,285,24,323.7,326.1,323.9
598.0,4400,7.2,-25.8,7,0.79,279,24,324.7,327.6,324.9
585.3,4572,5.8,-25.6,8,0.82,270,25,325.0,328.1,325.2
563.5,4877,3.2,-25.2,10,0.88,270,29,325.5,328.8,325.7
503.1,5791,-4.5,-24.0,20,1.10,285,27,326.9,331.0,327.1
500.0,5840,-4.9,-23.9,21,1.12,275,26,327.0,331.1,327.2
493.0,5950,-5.9,-23.9,23,1.13,273,26,327.1,331.2,327.3
483.9,6096,-6.5,-29.7,14,0.68,270,27,328.1,330.7,328.2
472.0,6289,-7.3,-37.3,7,0.33,261,30,329.4,330.8,329.5
465.3,6401,-6.8,-40.6,5,0.24,255,31,331.4,332.3,331.4
463.0,6439,-6.7,-41.7,4,0.21,255,31,332.0,332.9,332.1
429.9,7010,-10.7,-46.4,4,0.14,250,37,334.1,334.7,334.1
414.0,7299,-12.7,-48.7,3,0.11,247,35,335.1,335.6,335.1
400.0,7560,-14.9,-54.9,2,0.06,245,33,335.5,335.8,335.6
374.0,8064,-19.5,-49.5,5,0.11,243,33,335.9,336.4,336.0
336.5,8839,-24.9,-50.8,7,0.11,240,34,338.8,339.3,338.8
329.0,9005,-26.1,-51.1,8,0.11,239,35,339.4,339.9,339.4
308.0,9481,-27.9,-60.9,3,0.03,236,37,343.4,343.5,343.4
300.0,9670,-29.5,-61.5,3,0.03,235,38,343.7,343.8,343.7
291.0,9886,-31.3,-62.3,3,0.03,236,40,344.1,344.3,344.1
250.0,10940,-40.3,-54.3,21,0.10,240,47,346.0,346.4,346.0
238.0,11274,-43.7,-54.7,29,0.10,240,48,345.8,346.2,345.8
237.9,11278,-43.7,-54.8,28,0.09,240,48,345.8,346.2,345.8
223.0,11712,-46.1,-67.1,7,0.02,238,47,348.6,348.7,348.6
200.0,12430,-51.5,-73.5,6,0.01,235,44,351.1,351.1,351.1
171.4,13411,-59.8,-76.8,9,0.01,230,37,353.2,353.2,353.2
171.0,13425,-59.9,-76.9,9,0.01,230,37,353.2,353.2,353.2
150.0,14230,-65.9,,,,240,47,356.4,,356.4
126.5,15240,-73.1,,,,250,49,361.2,,361.2
120.0,15555,-75.3,,,,242,53,362.6,,362.6
114.0,15850,-76.6,,,,235,57,365.6,,365.6
100.0,16600,-79.9,,,,210,33,373.1,,373.1
99.1,16651,-80.1,,,,215,31,373.7,,373.7
97.2,16764,-79.8,,,,210,33,376.3,,376.3
90.0,17200,-78.8,,,,215,22,386.6,,386.6
83.0,17662,-77.8,,,,170,20,397.9,,397.9
79.0,17944,-77.1,,,,125,20,404.9,,404.9
76.0,18165,-76.6,,,,115,19,410.5,,410.5
74.4,18286,-76.3,,,,93,18,413.6,,413.6
72.0,18476,-74.5,,,,60,16,421.3,,421.3
70.0,18640,-72.9,,,,50,13,428.1,,428.1
69.0,18726,-72.1,,,,50,10,431.5,,431.5
64.0,19175,-68.1,,,,0,0,449.7,,449.7
61.4,19423,-65.9,,,,96,6,460.0,,460.0
60.0,19563,-65.3,,,,150,10,464.3,,464.3
57.5,19823,-64.3,,,,122,16,472.3,,472.3
56.0,19985,-64.1,,,,105,19,476.3,,476.3
55.0,20095,-64.0,,,,80,18,479.1,,479.1
52.0,20439,-63.6,,,,60,15,487.7,,487.7
50.0,20680,-63.3,,,,75,11,493.9,,493.9
47.0,21066,-62.3,,,,70,14,505.1,,505.1
46.0,21201,-61.9,,,,100,19,509.1,,509.1
43.0,21622,-60.8,,,,90,22,521.7,,521.7
41.0,21919,-60.0,,,,105,18,530.9,,530.9
40.0,22073,-59.6,,,,115,28,535.6,,535.6
38.0,22394,-58.8,,,,90,37,545.7,,545.7
36.0,22731,-57.9,,,,80,31,556.5,,556.5
34.0,23088,-57.0,,,,85,31,568.1,,568.1
33.9,23107,-56.9,,,,85,31,568.7,,568.7
32.0,23471,-57.5,,,,75,36,576.5,,576.5
31.5,23571,-57.7,,,,70,32,578.6,,578.6
31.0,23672,-57.3,,,,65,28,582.3,,582.3
30.0,23880,-56.5,,,,65,23,590.0,,590.0
29.0,24098,-55.1,,,,75,18,599.5,,599.5
26.2,24750,-51.1,,,,89,21,628.6,,628.6
25.0,25057,-50.4,,,,95,22,639.0,,639.0
22.0,25895,-48.6,,,,85,21,668.1,,668.1
20.0,26520,-47.3,,,,100,28,690.6,,690.6
17.9,27256,-45.9,,,,86,31,717.3,,717.3
17.0,27599,-45.5,,,,80,33,729.1,,729.1
16.9,27638,-45.5,,,,80,33,730.4,,730.4
15.2,28345,-45.5,,,,76,27,752.9,,752.9
15.0,,,,,,75,26,,,
