PRES,HGHT,TEMP,DWPT,RELH,MIXR,DRCT,SKNT,THTA,THTE,THTV
1019.0,5,27.0,19.0,62,13.76,65,10,298.5,338.8,301.0
1000.0,168,24.2,17.2,65,12.50,85,14,297.4,333.8,299.6
996.0,203,23.8,17.8,69,13.04,84,14,297.3,335.3,299.6
936.0,742,18.8,16.6,87,12.86,77,19,297.5,335.0,299.8
925.0,844,18.6,11.6,64,9.35,75,20,298.3,325.9,300.0
917.5,914,18.2,11.2,64,9.16,75,21,298.6,325.6,300.2
911.0,975,17.8,10.8,64,9.00,75,21,298.8,325.4,300.4
885.1,1219,15.8,11.0,73,9.37,75,22,299.2,326.9,300.9
853.9,1524,13.3,11.2,87,9.86,80,16,299.7,328.8,301.5
850.0,1563,13.0,11.2,89,9.92,80,17,299.8,329.1,301.5
843.0,1633,12.4,11.2,92,10.00,78,17,299.8,329.4,301.6
832.0,1743,13.0,6.0,62,7.09,74,17,301.6,323.0,302.9
821.0,1855,12.4,5.4,62,6.89,70,18,302.1,323.0,303.4
812.0,1948,12.6,-1.4,38,4.27,67,18,303.3,316.6,304.1
801.0,2062,12.0,-6.0,28,3.06,63,18,303.8,313.5,304.4
794.2,2134,12.8,-9.0,21,2.45,60,18,305.4,313.3,305.8
781.0,2274,14.2,-14.8,12,1.56,63,17,308.4,313.6,308.7
762.0,2482,13.6,-8.4,21,2.67,67,16,309.9,318.7,310.4
704.0,3145,11.2,-21.8,8,0.95,79,12,314.3,317.7,314.5
700.0,3192,10.8,-21.2,9,1.01,80,12,314.4,318.0,314.6
661.2,3658,7.3,-23.0,9,0.91,85,14,315.6,318.9,315.8
637.1,3962,5.0,-24.2,10,0.85,70,13,316.4,319.5,316.6
613.8,4267,2.7,-25.4,11,0.79,60,12,317.2,320.0,317.3
591.3,4572,0.4,-26.6,11,0.74,45,14,317.9,320.6,318.0
591.0,4577,0.4,-26.6,11,0.74,45,14,317.9,320.6,318.1
547.5,5182,-3.0,-34.1,7,0.39,65,15,320.9,322.3,320.9
506.9,5791,-6.5,-41.7,4,0.19,55,10,323.8,324.6,323.8
500.0,5900,-7.1,-43.1,4,0.17,45,12,324.3,325.0,324.4
468.6,6401,-10.0,-47.0,3,0.12,20,10,326.7,327.2,326.8
468.0,6411,-10.1,-47.1,3,0.12,21,10,326.8,327.3,326.8
432.6,7010,-14.1,-47.0,4,0.13,100,10,329.2,329.7,329.2
417.0,7288,-15.9,-46.9,5,0.13,63,7,330.3,330.9,330.3
409.0,7434,-16.5,-34.5,20,0.50,43,6,331.3,333.3,331.4
400.0,7600,-18.1,-34.1,23,0.54,20,4,331.4,333.5,331.5
398.9,7620,-18.2,-34.2,23,0.53,90,1,331.5,333.5,331.6
367.0,8239,-22.3,-37.3,24,0.42,45,2,334.0,335.7,334.1
364.0,8299,-22.5,-28.5,58,1.01,40,3,334.6,338.4,334.8
360.0,8380,-23.3,-28.3,64,1.04,34,3,334.5,338.5,334.8
354.0,8503,-23.9,-39.9,21,0.34,25,3,335.3,336.7,335.4
347.0,8649,-24.9,-39.9,23,0.34,14,3,335.9,337.3,336.0
332.0,8969,-27.5,-45.5,16,0.20,350,4,336.6,337.4,336.7
300.0,9690,-33.9,-39.9,55,0.40,295,6,337.5,339.1,337.6
298.0,9737,-34.3,-40.3,54,0.38,294,6,337.6,339.1,337.6
269.0,10444,-39.9,-43.3,70,0.31,276,9,339.4,340.7,339.5
260.3,10668,-41.8,-45.8,65,0.24,270,10,339.8,340.8,339.9
252.0,10887,-43.7,-48.3,60,0.19,266,11,340.2,341.0,340.2
250.0,10940,-44.1,-48.5,61,0.19,265,11,340.4,341.2,340.4
248.8,10973,-44.4,-48.6,63,0.19,270,13,340.4,341.2,340.4
241.0,11184,-46.3,-49.3,71,0.18,258,12,340.6,341.4,340.7
226.8,11582,-49.7,-54.4,57,0.10,235,11,341.5,341.9,341.5
217.0,11870,-52.1,-58.1,48,0.07,235,13,342.0,342.4,342.1
201.0,12359,-56.9,-61.2,58,0.05,235,17,342.0,342.2,342.0
200.0,12390,-56.9,-61.2,58,0.05,235,17,342.5,342.7,342.5
189.0,12746,-59.9,-64.0,59,0.04,234,18,343.2,343.4,343.3
177.0,13153,-63.5,,,,233,19,343.8,,343.8
155.0,13962,-67.5,,,,230,21,350.3,,350.3
153.5,14021,-67.4,,,,230,21,351.4,,351.4
150.0,14160,-67.3,,,,205,28,354.0,,354.0
144.0,14405,-67.9,,,,200,29,357.1,,357.1
138.6,14630,-68.8,,,,195,29,359.5,,359.5
131.6,14935,-69.9,,,,180,20,362.8,,362.8
125.0,15240,-71.1,,,,200,15,366.1,,366.1
107.0,16154,-74.6,,,,140,21,376.1,,376.1
101.6,16459,-75.8,,,,150,11,379.4,,379.4
100.0,16550,-76.1,,,,120,3,380.4,,380.4
96.3,16764,-76.6,,,,120,3,383.5,,383.5
91.0,17092,-77.4,,,,190,11,388.4,,388.4
87.0,17351,-78.0,,,,140,21,392.2,,392.2
83.5,17587,-78.5,,,,115,29,395.7,,395.7
83.0,17621,-78.5,,,,110,29,396.4,,396.4
76.0,18126,-77.9,,,,70,21,407.7,,407.7
73.6,18310,-77.7,,,,91,14,411.9,,411.9
72.0,18437,-75.1,,,,105,10,420.0,,420.0
70.0,18600,-76.3,,,,80,11,420.8,,420.8
69.2,18666,-76.5,,,,70,12,421.8,,421.8
68.0,18768,-76.1,,,,55,14,424.8,,424.8
67.0,18853,-75.8,,,,50,12,427.3,,427.3
66.0,18941,-75.4,,,,60,10,429.9,,429.9
65.0,19029,-75.1,,,,125,12,432.5,,432.5
63.0,19210,-74.3,,,,135,25,438.0,,438.0
61.8,19322,-73.9,,,,123,32,441.4,,441.4
61.0,19399,-72.9,,,,115,37,445.4,,445.4
57.0,19803,-67.5,,,,85,35,466.3,,466.3
55.6,19951,-65.5,,,,85,34,474.1,,474.1
52.0,20360,-64.2,,,,85,31,486.2,,486.2
50.0,20600,-63.5,,,,75,32,493.4,,493.4
49.0,20724,-63.3,,,,68,28,496.8,,496.8
48.0,20852,-62.5,,,,60,24,501.7,,501.7
46.0,21116,-60.7,,,,95,16,512.1,,512.1
44.0,21391,-58.9,,,,90,15,523.1,,523.1
43.6,21448,-58.5,,,,91,15,525.4,,525.4
41.0,21834,-58.6,,,,100,13,534.5,,534.5
39.0,22147,-58.6,,,,115,16,542.0,,542.0
36.4,22580,-58.7,,,,89,22,552.6,,552.6
36.0,22649,-58.5,,,,85,23,554.8,,554.8
33.0,23199,-57.2,,,,95,31,572.4,,572.4
30.0,23800,-55.7,,,,70,33,592.2,,592.2
29.9,23821,-55.5,,,,,,593.3,,593.3
