PRES,HGHT,TEMP,DWPT,RELH,MIXR,DRCT,SKNT,THTA,THTE,THTV
1005.0,5,20.0,8.0,46,6.74,325,5,292.7,312.4,293.9
1000.0,51,18.6,7.6,49,6.59,320,6,291.8,310.9,292.9
985.0,180,17.2,8.2,55,6.97,312,8,291.6,311.8,292.8
971.0,302,16.5,9.0,61,7.45,305,10,292.1,313.6,293.4
942.0,561,15.0,10.6,75,8.59,308,14,293.1,317.9,294.6
925.0,715,14.0,9.1,72,7.90,310,17,293.6,316.6,295.0
918.0,779,13.6,8.8,73,7.82,310,18,293.8,316.5,295.2
903.0,917,12.6,8.3,75,7.66,308,20,294.2,316.5,295.6
885.0,1087,14.0,3.0,47,5.39,306,22,297.4,313.5,298.3
873.0,1201,13.4,1.8,45,5.00,305,24,297.9,313.0,298.8
851.0,1415,12.4,-0.6,41,4.32,295,24,299.0,312.2,299.8
850.0,1425,12.4,-0.6,41,4.33,295,24,299.1,312.3,299.9
838.0,1543,11.3,-0.4,44,4.44,295,24,299.2,312.7,300.0
757.0,2383,3.4,0.7,82,5.35,312,26,299.4,315.6,300.4
710.0,2900,-0.7,-9.7,51,2.59,323,27,300.5,308.6,300.9
700.0,3013,-1.7,-10.7,50,2.43,325,27,300.6,308.3,301.0
676.0,3290,-4.2,-11.7,56,2.33,330,29,300.7,308.1,301.2
670.0,3360,-4.9,-11.9,58,2.30,328,30,300.8,308.1,301.2
629.0,3854,-8.7,-22.7,31,0.99,316,39,301.9,305.2,302.1
623.0,3928,-8.1,-32.1,13,0.42,315,40,303.4,304.9,303.5
567.0,4654,-13.1,-46.1,4,0.11,297,53,305.8,306.2,305.8
562.0,4721,-12.7,-51.4,2,0.06,295,54,307.1,307.3,307.1
560.0,4749,-12.5,-53.5,2,0.05,294,55,307.6,307.8,307.6
526.0,5226,-13.7,-51.7,2,0.06,285,74,311.7,312.0,311.7
510.0,5460,-15.4,-50.4,3,0.07,280,83,312.4,312.7,312.4
500.0,5610,-16.5,-49.5,4,0.08,280,85,312.9,313.2,312.9
423.0,6845,-24.9,-60.9,2,0.02,284,97,317.4,317.5,317.4
414.0,7001,-25.4,-55.6,4,0.05,285,99,318.8,319.0,318.8
400.0,7250,-26.1,-47.1,12,0.14,290,108,321.0,321.5,321.0
399.0,7268,-26.1,-47.1,12,0.14,290,109,321.2,321.8,321.2
393.0,7378,-24.3,-51.3,6,0.09,290,113,325.0,325.3,325.0
361.0,7991,-27.2,-56.1,5,0.05,290,139,329.1,329.3,329.1
360.0,8011,-27.3,-56.3,5,0.05,290,139,329.2,329.4,329.2
310.0,9064,-36.7,-56.7,11,0.06,290,143,330.4,330.7,330.4
301.0,9267,-37.8,-59.6,8,0.04,290,144,331.7,331.9,331.7
300.0,9290,-37.9,-59.9,8,0.04,290,144,331.8,332.0,331.8
274.0,9912,-40.9,-71.9,2,0.01,288,143,336.2,336.2,336.2
250.0,10530,-45.9,-73.9,3,0.01,285,142,337.7,337.7,337.7
235.0,10939,-49.1,-73.1,4,0.01,285,140,338.9,338.9,338.9
200.0,11990,-52.3,-77.3,3,0.01,285,136,349.8,349.8,349.8
190.0,12322,-53.8,-79.6,3,0.00,285,136,352.6,352.6,352.6
188.0,12391,-54.1,-80.1,3,0.00,285,134,353.1,353.1,353.1
159.0,13459,-57.8,-87.5,1,0.00,285,106,364.2,364.2,364.2
150.0,13830,-59.1,-90.1,1,0.00,290,112,368.1,368.1,368.1
145.0,14042,-59.9,-88.9,1,0.00,285,117,370.2,370.3,370.2
141.0,14214,-60.7,-89.0,1,0.00,280,121,371.8,371.8,371.8
123.0,15056,-64.7,-89.3,2,0.00,280,87,379.3,379.4,379.3
119.0,15257,-65.0,-89.4,2,0.00,280,79,382.4,382.4,382.4
113.0,15571,-65.5,-89.5,2,0.00,293,73,387.1,387.2,387.1
110.0,15736,-64.7,-89.5,2,0.00,300,70,391.7,391.7,391.7
100.0,16320,-61.7,-89.8,1,0.00,275,65,408.2,408.2,408.2
96.0,16573,-62.3,-89.9,1,0.00,280,53,411.9,411.9,411.9
89.6,17000,-63.3,-90.0,2,0.00,262,38,418.1,418.1,418.1
89.0,17041,-62.4,-90.0,1,0.00,260,37,420.6,420.7,420.6
88.0,17112,-60.9,-90.1,1,0.00,280,23,425.0,425.0,425.0
86.8,17197,-59.1,-90.1,1,0.00,307,20,430.3,430.3,430.3
86.0,17255,-59.4,-90.1,1,0.00,325,18,430.9,430.9,430.9
84.0,17402,-60.1,-90.2,1,0.00,345,17,432.4,432.4,432.4
79.0,17785,-61.9,-90.2,1,0.00,335,16,436.2,436.2,436.2
77.5,17904,-62.5,-90.3,1,0.00,313,12,437.4,437.4,437.4
76.1,18018,-59.3,-90.3,1,0.00,292,7,446.4,446.4,446.4
76.0,18026,-59.3,-90.3,1,0.00,290,7,446.5,446.5,446.5
74.0,18193,-60.1,-90.3,1,0.00,285,10,448.3,448.4,448.3
70.3,18513,-61.5,-90.4,1,0.00,294,18,451.9,451.9,451.9
70.0,18540,-61.5,-90.4,1,0.00,295,19,452.5,452.5,452.5
69.0,18630,-61.4,-90.5,1,0.00,280,16,454.6,454.6,454.6
68.0,18720,-61.2,-90.5,1,0.00,235,18,456.9,456.9,456.9
67.0,18812,-61.1,-90.5,1,0.00,215,23,459.1,459.1,459.1
65.0,19001,-60.8,-90.5,1,0.00,220,10,463.8,463.8,463.8
62.0,19295,-60.3,-90.6,1,0.00,115,1,471.1,471.1,471.1
58.4,19667,-59.7,-90.7,1,0.00,86,6,480.6,480.6,480.6
56.0,19933,-58.2,-89.7,1,0.00,65,10,489.8,489.8,489.8
53.0,20281,-56.2,-88.5,1,0.00,45,22,502.2,502.2,502.2
51.0,20525,-54.8,-87.6,1,0.00,80,20,511.0,511.0,511.0
50.0,20650,-54.1,-87.1,1,0.00,80,21,515.5,515.6,515.5
48.0,20913,-53.5,-86.5,1,0.00,75,24,523.0,523.0,523.0
46.6,21103,-53.1,-86.1,1,0.01,72,20,528.4,528.5,528.4
46.0,21186,-53.4,-86.2,1,0.01,70,18,529.6,529.7,529.6
45.0,21328,-53.9,-86.5,1,0.00,85,18,531.7,531.8,531.7
44.0,21472,-54.5,-86.8,1,0.00,85,22,533.9,533.9,533.9
42.8,21649,-55.1,-87.1,1,0.00,73,29,536.5,536.5,536.5
41.0,21925,-54.9,-87.0,1,0.01,55,39,543.7,543.7,543.7
39.0,22246,-54.6,-86.9,1,0.01,90,17,552.1,552.2,552.1
38.0,22413,-54.5,-86.8,1,0.01,90,19,556.6,556.6,556.6
37.0,22584,-54.4,-86.8,1,0.01,150,24,561.2,561.2,561.2
36.0,22760,-54.2,-86.7,1,0.01,165,31,566.0,566.0,566.0
35.0,22941,-54.1,-86.7,1,0.01,135,18,570.9,571.0,570.9
33.0,23318,-53.8,-86.5,1,0.01,125,27,581.4,581.4,581.4
32.0,23516,-53.6,-86.5,1,0.01,105,27,586.9,587.0,586.9
30.0,23930,-53.3,-86.3,1,0.01,100,27,598.7,598.8,598.7
28.0,24379,-52.5,-85.7,1,0.01,115,31,612.7,612.8,612.7
26.0,24862,-51.8,-85.1,1,0.01,100,44,628.1,628.2,628.1
25.0,25117,-51.3,-84.8,1,0.01,90,44,636.4,636.5,636.4
20.0,26570,-48.9,-82.9,1,0.02,90,45,685.7,686.0,685.7
17.1,27598,-48.9,-82.9,1,0.02,90,44,717.1,717.4,717.1
17.0,,,,,,90,44,,,
