PRES,HGHT,TEMP,DWPT,RELH,MIXR,DRCT,SKNT,THTA,THTE,THTV
1019.0,5,22.8,15.8,65,11.20,200,9,294.4,326.6,296.3
1000.0,171,20.6,14.6,68,10.55,185,16,293.8,324.1,295.6
961.0,514,17.6,14.2,80,10.70,167,24,294.1,324.9,296.0
925.0,840,16.2,12.0,76,9.61,150,32,295.9,323.9,297.6
915.0,932,15.7,11.7,77,9.52,145,33,296.2,324.0,297.9
850.0,1555,12.0,9.6,85,8.90,135,26,298.7,325.0,300.3
821.0,1842,10.4,8.3,87,8.43,130,20,300.0,325.1,301.5
728.0,2835,5.0,3.8,92,6.94,145,14,304.5,325.7,305.8
700.0,3159,3.2,2.3,94,6.50,125,12,306.0,326.0,307.2
671.0,3502,2.0,0.8,92,6.08,97,12,308.4,327.3,309.5
669.0,3526,2.3,0.7,89,6.05,95,12,308.9,327.9,310.1
665.0,3575,2.8,0.5,85,6.00,95,11,310.1,328.9,311.2
660.0,3636,3.6,-5.4,52,3.89,95,10,311.6,324.2,312.4
649.0,3772,3.3,-18.7,18,1.35,130,7,312.8,317.5,313.1
635.0,3949,3.0,-36.0,4,0.28,170,10,314.4,315.5,314.5
614.0,4220,2.2,-40.6,2,0.18,195,15,316.6,317.3,316.6
613.0,4233,2.2,-40.8,2,0.18,195,15,316.7,317.4,316.7
591.0,4528,1.6,-47.1,1,0.09,200,25,319.3,319.7,319.4
590.0,4541,1.6,-47.4,1,0.09,200,25,319.4,319.8,319.5
552.0,5072,-3.1,-52.1,1,0.06,202,27,320.0,320.3,320.0
523.0,5498,-4.3,-53.3,1,0.05,204,29,323.6,323.8,323.6
500.0,5850,-6.9,-54.9,1,0.04,205,30,324.6,324.8,324.6
469.0,6343,-10.1,-55.3,1,0.04,205,36,326.6,326.8,326.6
445.0,6748,-12.7,-55.7,1,0.05,210,39,328.2,328.4,328.2
400.0,7550,-19.7,-49.7,5,0.10,220,44,329.3,329.7,329.3
387.0,7795,-21.7,-51.7,5,0.08,226,47,329.8,330.2,329.8
380.0,7929,-22.4,-54.6,4,0.06,230,49,330.6,330.8,330.6
368.0,8164,-23.7,-59.7,2,0.03,233,46,331.9,332.1,331.9
362.0,8281,-24.7,-59.6,2,0.03,235,44,332.1,332.2,332.1
313.0,9318,-33.8,-58.8,6,0.04,240,49,333.5,333.7,333.5
300.0,9620,-36.5,-58.5,8,0.05,235,50,333.8,334.0,333.8
287.0,9923,-39.5,-57.5,13,0.06,228,52,333.8,334.0,333.8
271.0,10308,-42.1,-62.1,9,0.03,220,55,335.6,335.7,335.6
250.0,10850,-45.7,-68.7,6,0.01,230,65,338.0,338.1,338.0
244.0,11011,-47.0,-70.0,5,0.01,230,66,338.4,338.4,338.4
227.0,11489,-50.9,-73.9,5,0.01,240,63,339.5,339.5,339.5
210.0,11994,-53.7,-76.1,5,0.01,250,59,342.7,342.7,342.7
201.0,12278,-55.3,-77.4,5,0.01,255,65,344.5,344.5,344.5
200.0,12310,-55.5,-77.5,5,0.00,255,65,344.7,344.7,344.7
177.0,13081,-59.1,-77.8,7,0.01,260,102,351.1,351.1,351.1
172.0,13262,-59.9,-77.9,8,0.01,261,103,352.6,352.6,352.6
159.0,13751,-61.7,,,,263,107,357.6,,357.6
150.0,14110,-64.3,,,,265,110,359.1,,359.1
149.0,14150,-64.6,,,,265,110,359.3,,359.3
141.0,14485,-67.1,,,,260,101,360.6,,360.6
132.0,14881,-67.1,,,,255,91,367.5,,367.5
123.0,15306,-67.1,,,,255,66,375.0,,375.0
118.0,15551,-68.5,,,,255,51,376.9,,376.9
100.0,16530,-73.9,,,,260,44,384.7,,384.7
96.2,16756,-75.7,,,,265,41,385.5,,385.5
96.0,16768,-75.5,,,,265,41,386.0,,386.0
92.7,16972,-72.9,,,,257,37,395.1,,395.1
84.0,17546,-76.0,,,,235,27,400.0,,400.0
81.7,17707,-76.9,,,,236,24,401.4,,401.4
78.7,17923,-75.9,,,,238,19,407.8,,407.8
76.0,18129,-71.8,,,,240,15,420.5,,420.5
73.9,18295,-68.5,,,,223,12,430.8,,430.8
73.0,18368,-68.6,,,,215,10,432.1,,432.1
70.0,18620,-68.9,,,,190,10,436.6,,436.6
69.5,18663,-69.1,,,,179,12,437.1,,437.1
67.1,18875,-66.3,,,,127,20,447.6,,447.6
67.0,18884,-66.4,,,,125,20,447.7,,447.7
63.0,19255,-68.7,,,,105,12,450.5,,450.5
62.6,19293,-68.9,,,,107,11,450.8,,450.8
62.0,19352,-68.6,,,,110,10,452.6,,452.6
59.0,19654,-67.3,,,,125,10,462.1,,462.1
56.0,19971,-65.9,,,,120,3,472.2,,472.2
53.0,20306,-64.5,,,,70,10,483.1,,483.1
51.0,20540,-63.4,,,,15,10,490.8,,490.8
50.0,20660,-62.9,,,,350,9,494.8,,494.8
46.0,21177,-60.8,,,,230,2,511.9,,511.9
43.0,21596,-59.1,,,,135,10,526.0,,526.0
42.7,21639,-58.9,,,,135,10,527.5,,527.5
40.4,21985,-60.7,,,,135,12,531.4,,531.4
40.0,22047,-60.4,,,,135,12,533.8,,533.8
37.4,22467,-58.1,,,,118,18,549.9,,549.9
37.0,22535,-58.0,,,,115,19,551.8,,551.8
35.0,22885,-57.6,,,,125,25,561.7,,561.7
33.0,23256,-57.2,,,,105,34,572.4,,572.4
31.9,23470,-56.9,,,,97,33,578.7,,578.7
31.0,23652,-55.9,,,,90,33,586.2,,586.2
30.0,23860,-54.7,,,,90,31,594.9,,594.9
26.8,24590,-49.3,,,,77,26,629.6,,629.6
24.0,25314,-48.4,,,,65,22,652.3,,652.3
23.0,25594,-48.1,,,,69,21,661.2,,661.2
20.0,26520,-45.1,,,,80,16,697.4,,697.4
19.5,26689,-45.5,,,,,,701.2,,701.2
