PRES,HGHT,TEMP,DWPT,RELH,MIXR,DRCT,SKNT,THTA,THTE,THTV
1015.0,5,25.8,17.8,61,12.79,55,10,297.7,335.0,300.0
1006.0,82,23.6,15.6,61,11.20,64,9,296.2,328.8,298.2
1000.0,133,23.2,16.2,65,11.71,70,9,296.4,330.4,298.4
925.0,807,17.2,13.3,78,10.48,110,9,296.9,327.5,298.8
882.0,1212,14.3,11.7,85,9.91,140,10,297.9,327.0,299.7
881.0,1222,14.2,11.7,85,9.89,140,10,297.9,327.0,299.7
867.0,1357,13.8,11.5,86,9.92,138,11,298.9,328.1,300.7
850.0,1524,13.2,6.2,63,7.04,135,12,300.0,321.1,301.2
836.0,1664,12.4,4.4,58,6.31,130,12,300.5,319.6,301.7
819.0,1836,11.4,9.1,86,8.93,123,11,301.3,327.9,302.9
812.0,1908,11.1,8.5,84,8.66,120,11,301.7,327.6,303.3
790.0,2137,10.2,6.7,79,7.85,113,10,303.1,326.8,304.5
721.0,2894,6.6,-1.4,57,4.81,88,7,307.2,322.3,308.1
703.0,3101,5.4,-1.6,61,4.86,81,6,308.1,323.4,309.0
700.0,3136,5.2,-1.8,61,4.81,80,6,308.2,323.4,309.1
654.0,3684,0.3,-4.1,72,4.33,115,1,308.8,322.5,309.6
641.0,3846,-1.1,-4.8,76,4.20,129,2,308.9,322.3,309.7
638.0,3884,0.0,-15.0,31,1.88,133,3,310.6,316.9,310.9
630.0,3985,1.2,-35.8,4,0.29,142,4,313.1,314.1,313.1
622.0,4088,1.6,-41.4,2,0.16,151,5,314.7,315.3,314.7
576.0,4702,-0.9,-38.9,4,0.23,205,10,318.7,319.6,318.8
549.0,5079,-4.0,-35.5,7,0.34,265,11,319.4,320.7,319.5
517.0,5551,-8.0,-31.2,14,0.55,275,11,320.2,322.2,320.3
516.0,5566,-8.1,-31.1,14,0.56,275,11,320.2,322.3,320.3
500.0,5810,-9.3,-44.3,4,0.15,270,13,321.6,322.2,321.7
489.0,5982,-10.5,-40.5,7,0.23,268,14,322.2,323.1,322.3
481.0,6108,-11.1,-28.1,23,0.79,266,15,323.0,325.9,323.1
476.0,6188,-11.9,-24.9,33,1.07,265,16,323.0,326.9,323.2
452.0,6577,-15.4,-25.8,41,1.04,260,19,323.3,327.1,323.5
424.0,7058,-19.8,-26.9,53,1.00,275,24,323.7,327.3,323.9
415.0,7220,-21.3,-27.3,58,0.99,271,25,323.8,327.4,324.0
401.0,7472,-23.5,-29.5,58,0.83,265,28,324.1,327.2,324.3
400.0,7490,-23.5,-30.5,53,0.76,265,28,324.4,327.2,324.5
396.0,7564,-23.3,-45.3,11,0.17,265,29,325.6,326.2,325.6
393.0,7619,-23.1,-36.1,29,0.45,266,29,326.5,328.2,326.6
390.0,7676,-23.5,-29.5,58,0.86,266,30,326.7,329.9,326.9
384.0,7789,-24.1,-29.0,64,0.91,268,30,327.4,330.8,327.6
366.0,8138,-26.7,-38.7,31,0.37,272,33,328.4,329.9,328.5
340.0,8666,-31.5,-38.5,50,0.41,279,36,328.9,330.5,329.0
335.0,8771,-32.1,-45.1,26,0.20,280,37,329.5,330.3,329.5
326.0,8962,-33.9,-48.9,21,0.14,283,38,329.6,330.1,329.6
313.0,9247,-36.1,-47.1,31,0.18,286,40,330.4,331.1,330.4
307.0,9381,-37.3,-53.3,17,0.09,288,41,330.5,330.9,330.5
300.0,9540,-38.7,-53.7,19,0.09,290,42,330.7,331.1,330.7
290.0,9772,-40.9,-54.2,22,0.08,290,41,330.9,331.2,330.9
288.0,9820,-41.3,-54.3,23,0.08,290,42,330.9,331.2,330.9
287.0,9844,-41.5,-52.5,29,0.10,289,43,330.9,331.4,330.9
286.0,9867,-41.3,-48.3,47,0.17,289,44,331.5,332.2,331.6
279.0,10036,-41.1,-62.1,9,0.03,287,49,334.2,334.3,334.2
250.0,10780,-44.3,-67.3,6,0.02,280,70,340.1,340.1,340.1
247.0,10860,-44.7,-68.1,6,0.02,280,72,340.7,340.8,340.7
228.0,11390,-47.1,-73.5,3,0.01,285,74,344.9,345.0,344.9
213.0,11840,-49.1,-78.1,2,0.00,285,80,348.5,348.6,348.5
200.0,12250,-52.1,-80.1,2,0.00,285,85,350.1,350.1,350.1
199.0,12282,-52.3,-80.2,2,0.00,285,85,350.3,350.3,350.3
169.0,13318,-58.7,-82.5,3,0.00,285,86,356.4,356.4,356.4
164.0,13508,-59.9,-82.9,3,0.00,284,84,357.4,357.5,357.4
150.0,14060,-63.1,,,,280,78,361.2,,361.2
143.0,14353,-65.1,,,,277,70,362.7,,362.7
137.0,14615,-63.7,,,,275,62,369.5,,369.5
136.0,14660,-63.5,,,,278,61,370.7,,370.7
134.0,14749,-63.9,,,,285,58,371.6,,371.6
117.0,15567,-67.8,,,,290,60,379.1,,379.1
111.0,15885,-69.2,,,,280,62,382.1,,382.1
104.0,16278,-71.1,,,,265,54,385.8,,385.8
100.0,16510,-70.7,,,,250,47,390.9,,390.9
95.0,16813,-71.1,,,,235,33,395.9,,395.9
90.0,17133,-71.5,,,,240,13,401.2,,401.2
88.0,17265,-71.7,,,,255,11,403.4,,403.4
83.0,17611,-72.1,,,,210,10,409.3,,409.3
79.0,17903,-72.5,,,,0,0,414.4,,414.4
75.0,18210,-72.9,,,,30,4,419.7,,419.7
70.0,18620,-68.1,,,,70,9,438.4,,438.4
69.0,18707,-67.6,,,,70,10,441.3,,441.3
67.0,18884,-66.5,,,,70,13,447.4,,447.4
65.0,19066,-67.6,,,,70,17,448.8,,448.8
64.1,19150,-68.1,,,,69,17,449.5,,449.5
57.8,19777,-64.3,,,,59,17,471.6,,471.6
53.0,20304,-66.1,,,,50,17,479.3,,479.3
50.0,20660,-63.1,,,,75,16,494.4,,494.4
49.8,20685,-63.1,,,,76,16,494.9,,494.9
49.0,20786,-62.7,,,,80,17,498.2,,498.2
43.0,21600,-59.4,,,,85,20,525.2,,525.2
39.9,22067,-57.5,,,,80,17,541.3,,541.3
37.0,22543,-57.8,,,,75,13,552.4,,552.4
35.0,22894,-58.0,,,,90,16,560.8,,560.8
33.8,23114,-58.1,,,,78,18,566.0,,566.0
32.0,23461,-56.8,,,,60,22,578.4,,578.4
30.0,23870,-55.3,,,,65,22,593.3,,593.3
29.0,24086,-54.9,,,,60,21,600.2,,600.2
27.2,24495,-54.1,,,,81,20,613.5,,613.5
26.0,24783,-54.3,,,,95,20,620.9,,620.9
23.8,25347,-54.7,,,,98,25,635.6,,635.6
22.1,25823,-51.3,,,,100,30,659.3,,659.3
22.0,25852,-51.3,,,,100,30,660.2,,660.2
21.0,26154,-51.1,,,,75,29,669.6,,669.6
20.0,26470,-50.9,,,,75,25,679.6,,679.6
16.6,27688,-48.9,,,,98,24,723.2,,723.2
15.2,28269,-46.3,,,,108,24,750.3,,750.3
15.0,,,,,,110,24,,,
