PRES,HGHT,TEMP,DWPT,RELH,MIXR,DRCT,SKNT,THTA,THTE,THTV
1026.0,5,19.8,15.4,76,10.83,145,9,290.8,321.6,292.7
1008.0,158,17.6,12.9,74,9.35,138,17,290.1,316.7,291.7
1000.0,227,17.2,12.5,74,9.18,135,21,290.4,316.5,292.0
978.0,415,15.5,11.9,79,9.01,130,27,290.5,316.1,292.1
925.0,885,11.2,10.3,94,8.57,125,30,290.8,315.2,292.3
919.0,940,10.6,9.8,95,8.34,124,30,290.7,314.5,292.1
883.0,1271,8.2,6.8,91,7.08,115,31,291.6,312.0,292.8
850.0,1587,6.0,4.0,87,6.03,110,30,292.4,310.0,293.5
829.0,1792,5.0,1.6,79,5.21,104,29,293.5,308.8,294.4
821.0,1871,5.6,-4.4,49,3.38,102,29,294.9,305.2,295.5
816.0,1921,5.2,-4.5,50,3.36,100,29,295.0,305.2,295.6
805.0,2031,4.2,-4.8,52,3.34,100,28,295.1,305.2,295.7
791.0,2174,2.6,-0.4,81,4.72,99,28,294.9,308.9,295.7
778.0,2308,2.0,-5.0,60,3.40,98,27,295.6,306.0,296.2
765.0,2443,0.8,-1.3,86,4.57,98,26,295.7,309.4,296.6
737.0,2742,-0.7,-9.7,51,2.50,96,25,297.3,305.1,297.7
730.0,2818,-0.9,-4.4,77,3.80,96,24,297.9,309.5,298.6
717.0,2962,-0.7,-5.7,69,3.50,95,24,299.6,310.4,300.2
708.0,3062,-1.3,-5.8,72,3.53,95,23,300.0,310.9,300.6
700.0,3153,-1.9,-5.8,75,3.56,100,22,300.4,311.4,301.0
689.0,3279,-3.1,-6.4,78,3.45,104,23,300.4,311.1,301.0
669.0,3512,-3.7,-8.7,68,2.98,111,25,302.2,311.6,302.8
658.0,3642,-4.6,-9.6,68,2.83,115,26,302.7,311.6,303.2
644.0,3812,-5.7,-10.7,68,2.64,115,22,303.3,311.7,303.8
632.0,3959,-6.3,-14.3,53,2.01,115,19,304.2,310.8,304.6
612.0,4209,-7.8,-16.8,49,1.69,115,14,305.2,310.8,305.6
589.0,4507,-9.7,-19.7,44,1.37,100,12,306.5,311.1,306.7
576.0,4679,-10.7,-26.7,26,0.75,92,11,307.2,309.9,307.4
573.0,4719,-10.9,-25.7,29,0.83,90,11,307.4,310.3,307.6
564.0,4840,-11.7,-22.7,40,1.10,98,11,307.9,311.7,308.1
554.0,4977,-12.9,-28.9,25,0.64,108,11,308.1,310.3,308.2
530.0,5313,-15.9,-26.9,38,0.80,132,10,308.4,311.2,308.6
522.0,5427,-16.3,-24.3,50,1.03,140,10,309.3,312.8,309.5
517.0,5499,-16.8,-25.2,48,0.96,145,10,309.5,312.8,309.7
500.0,5750,-18.5,-28.5,41,0.73,145,10,310.4,313.0,310.6
495.0,5825,-19.3,-29.3,41,0.69,150,11,310.3,312.8,310.5
485.0,5977,-20.3,-37.3,20,0.32,161,13,310.9,312.1,311.0
477.0,6097,-21.4,-37.3,22,0.33,170,15,311.1,312.3,311.1
449.0,6536,-25.2,-37.4,31,0.34,150,12,311.7,312.9,311.7
442.0,6649,-26.2,-37.4,34,0.35,155,10,311.8,313.1,311.9
407.0,7247,-31.5,-37.5,55,0.38,277,2,312.4,313.8,312.5
402.0,7335,-32.1,-38.8,51,0.33,295,1,312.8,314.0,312.8
400.0,7370,-32.3,-39.3,50,0.32,325,1,312.9,314.1,313.0
364.0,8028,-38.1,-45.1,48,0.19,4,5,313.7,314.5,313.8
359.0,8123,-38.5,-48.5,34,0.13,10,6,314.4,314.9,314.5
351.0,8278,-38.3,-56.3,13,0.05,4,6,316.7,317.0,316.8
347.0,8357,-37.1,-64.1,4,0.02,1,5,319.4,319.5,319.4
331.0,8683,-38.1,-70.1,2,0.01,347,5,322.4,322.4,322.4
323.0,8851,-37.9,-71.9,2,0.01,341,4,324.9,324.9,324.9
319.0,8937,-36.9,-69.9,2,0.01,337,4,327.4,327.5,327.4
300.0,9360,-39.5,-71.5,2,0.01,320,3,329.6,329.6,329.6
288.0,9638,-41.1,-73.1,2,0.01,274,6,331.2,331.2,331.2
277.0,9903,-39.5,-75.5,1,0.00,230,8,337.2,337.2,337.2
271.0,10052,-40.1,-75.2,1,0.01,205,10,338.5,338.5,338.5
256.0,10439,-41.5,-74.4,2,0.01,170,11,341.9,341.9,341.9
250.0,10600,-42.1,-74.1,2,0.01,170,11,343.3,343.4,343.3
214.0,11648,-44.3,-80.0,1,0.00,185,23,355.5,355.5,355.5
211.0,11743,-44.5,-80.5,1,0.00,185,23,356.6,356.7,356.6
200.0,12100,-46.5,-81.5,1,0.00,185,24,359.0,359.0,359.0
189.0,12468,-48.1,-82.3,1,0.00,180,28,362.2,362.2,362.2
175.0,12968,-50.3,-83.5,1,0.00,185,21,366.7,366.7,366.7
150.0,13970,-54.7,-85.7,1,0.00,170,41,375.6,375.6,375.6
139.0,14455,-57.1,-87.1,1,0.00,157,33,379.7,379.7,379.7
137.0,14547,-56.0,-86.0,1,0.00,155,31,383.1,383.1,383.1
136.0,14594,-55.5,-85.5,1,0.00,157,29,384.9,384.9,384.9
129.0,14930,-56.7,-86.7,1,0.00,170,18,388.5,388.5,388.5
127.0,15030,-57.1,-87.1,1,0.00,181,16,389.6,389.6,389.6
121.0,15334,-59.9,-88.9,1,0.00,214,11,389.9,389.9,389.9
120.0,15385,-60.2,-88.9,1,0.00,220,10,390.2,390.2,390.2
108.0,16036,-64.5,-89.0,2,0.00,205,21,394.0,394.0,394.0
106.0,16152,-65.3,-89.0,2,0.00,200,21,394.7,394.7,394.7
104.0,16268,-62.7,-89.0,2,0.00,198,19,401.8,401.8,401.8
100.0,16510,-63.5,-89.1,2,0.00,195,14,404.8,404.8,404.8
96.0,16760,-64.0,-89.1,2,0.00,190,14,408.6,408.6,408.6
90.0,17155,-64.7,-89.2,2,0.00,210,20,414.8,414.8,414.8
85.4,17476,-65.3,-89.2,2,0.00,192,19,419.8,419.8,419.8
85.0,17504,-65.2,-89.2,2,0.00,190,19,420.5,420.5,420.5
77.1,18101,-63.7,-89.3,2,0.00,116,17,435.6,435.6,435.6
75.0,18269,-64.7,-89.3,2,0.00,95,17,437.0,437.0,437.0
72.9,18443,-65.7,-89.3,2,0.00,101,15,438.4,438.4,438.4
70.0,18690,-65.3,-89.4,2,0.00,110,13,444.4,444.4,444.4
69.0,18777,-65.4,-89.4,2,0.00,115,13,446.0,446.0,446.0
64.6,19178,-65.7,-89.4,2,0.00,106,12,453.8,453.8,453.8
62.0,19428,-65.4,-89.5,2,0.00,100,12,459.8,459.8,459.8
58.0,19834,-65.0,-89.5,2,0.00,125,15,469.7,469.7,469.7
55.0,20157,-64.6,-89.6,2,0.00,120,26,477.7,477.7,477.7
52.8,20405,-64.3,-89.6,2,0.00,104,21,483.9,484.0,483.9
51.3,20582,-62.7,-89.6,2,0.00,92,18,491.7,491.7,491.7
51.0,20618,-62.6,-89.6,2,0.00,90,17,492.6,492.6,492.6
50.0,20740,-62.5,-89.7,2,0.00,90,16,495.8,495.8,495.8
49.1,20852,-62.5,-89.7,2,0.00,99,16,498.4,498.4,498.4
48.0,20993,-60.6,-89.7,1,0.00,110,15,506.1,506.1,506.1
46.9,21137,-58.7,-89.7,1,0.00,105,13,514.0,514.1,514.0
46.0,21260,-57.9,-89.2,1,0.00,100,12,518.8,518.8,518.8
44.0,21540,-56.1,-88.1,1,0.00,102,17,529.8,529.9,529.8
40.0,22142,-57.4,-89.0,1,0.00,105,27,541.2,541.2,541.2
35.3,22930,-59.1,-90.1,1,0.00,119,17,556.5,556.5,556.5
35.0,,,,,,120,16,,,
