PRES,HGHT,TEMP,DWPT,RELH,MIXR,DRCT,SKNT,THTA,THTE,THTV
1018.0,5,23.2,14.2,57,10.09,215,10,294.8,324.1,296.6
1000.0,156,21.0,14.0,64,10.14,210,11,294.1,323.4,295.9
983.0,304,19.2,13.2,68,9.79,196,13,293.8,322.0,295.5
946.0,633,17.0,14.1,83,10.80,165,18,294.8,326.0,296.7
935.0,733,16.7,13.8,83,10.70,155,19,295.5,326.5,297.4
925.0,825,16.4,13.5,83,10.62,155,18,296.1,326.9,298.0
886.0,1190,13.4,11.8,90,9.88,170,10,296.6,325.4,298.4
870.0,1345,12.1,11.0,93,9.57,195,8,296.9,324.8,298.6
861.0,1433,11.4,10.6,95,9.40,215,9,297.0,324.5,298.7
854.0,1502,11.8,7.7,76,7.78,230,10,298.0,321.1,299.4
853.0,1511,11.8,7.3,74,7.57,231,10,298.2,320.6,299.6
850.0,1541,11.8,5.8,67,6.85,235,11,298.5,318.9,299.7
848.0,1561,11.8,4.8,62,6.40,236,11,298.7,317.8,299.9
843.0,1610,13.0,-10.0,19,2.13,239,12,300.5,307.3,300.9
828.0,1761,13.2,-19.8,8,0.97,249,15,302.2,305.5,302.4
809.0,1955,12.6,-8.4,22,2.52,261,19,303.6,311.7,304.1
805.0,1997,12.2,-1.8,38,4.18,264,20,303.6,316.6,304.4
803.0,2017,12.0,-1.8,38,4.20,265,20,303.6,316.7,304.4
750.0,2581,6.4,-1.0,59,4.76,270,21,303.5,318.2,304.4
730.0,2804,4.2,-0.7,70,5.01,259,21,303.4,318.9,304.4
718.0,2939,5.2,-34.8,4,0.28,253,21,306.0,307.0,306.0
704.0,3099,4.6,-34.6,4,0.29,245,21,307.0,308.1,307.1
700.0,3145,4.4,-34.6,4,0.29,245,22,307.3,308.4,307.4
638.0,3895,0.8,-38.2,4,0.22,240,25,311.5,312.3,311.5
632.0,3970,0.3,-38.9,3,0.21,240,25,311.8,312.6,311.8
556.0,4983,-6.5,-48.1,2,0.09,265,25,315.4,315.8,315.4
545.0,5141,-7.5,-49.5,2,0.08,269,29,315.9,316.3,316.0
534.0,5300,-7.1,-31.1,13,0.54,274,33,318.3,320.3,318.4
531.0,5344,-7.4,-30.4,14,0.58,275,34,318.4,320.6,318.6
500.0,5810,-10.5,-22.5,37,1.26,275,40,320.2,324.7,320.4
493.0,5918,-11.7,-21.7,43,1.38,276,41,320.0,324.9,320.3
470.0,6281,-13.9,-28.9,27,0.75,281,45,321.7,324.4,321.8
422.0,7086,-20.7,-27.7,53,0.94,290,54,323.0,326.4,323.2
417.0,7174,-21.3,-30.3,44,0.74,291,55,323.4,326.1,323.5
402.0,7443,-21.7,-33.7,33,0.56,295,59,326.2,328.3,326.3
400.0,7480,-21.9,-30.9,44,0.73,295,59,326.4,329.2,326.6
395.0,7572,-22.9,-30.9,48,0.74,295,59,326.3,329.1,326.5
388.0,7704,-22.9,-37.9,24,0.38,295,60,328.0,329.5,328.1
383.0,7798,-23.6,-41.4,18,0.27,295,60,328.3,329.3,328.3
374.0,7972,-24.9,-47.9,10,0.13,296,59,328.8,329.4,328.8
316.0,9165,-36.0,-48.4,27,0.15,300,50,329.6,330.3,329.7
304.0,9439,-38.5,-48.5,34,0.15,300,57,329.7,330.4,329.8
300.0,9530,-37.3,-53.3,17,0.09,300,60,332.7,333.1,332.7
297.0,9600,-36.7,-58.7,8,0.05,299,62,334.5,334.7,334.5
279.0,10028,-39.3,-62.4,7,0.03,290,76,336.8,336.9,336.8
250.0,10780,-43.9,-68.9,5,0.01,295,81,340.7,340.7,340.7
222.0,11557,-49.3,-72.2,5,0.01,295,95,344.1,344.1,344.1
200.0,12240,-54.1,-75.1,6,0.01,290,92,346.9,347.0,346.9
179.0,12944,-58.9,-78.9,6,0.00,296,95,350.3,350.3,350.3
172.0,13194,-59.9,-79.9,6,0.00,298,96,352.6,352.6,352.6
165.0,13451,-61.3,,,,300,97,354.5,,354.5
150.0,14040,-64.5,,,,295,93,358.8,,358.8
135.0,14682,-65.9,,,,293,79,367.3,,367.3
120.0,15390,-69.3,,,,290,63,373.6,,373.6
116.0,15594,-70.3,,,,306,67,375.4,,375.4
115.0,15646,-70.1,,,,310,68,376.7,,376.7
107.0,16077,-68.3,,,,290,48,387.9,,387.9
100.0,16480,-71.3,,,,295,51,389.7,,389.7
96.1,16714,-72.9,,,,290,45,391.0,,391.0
90.0,17102,-70.0,,,,295,30,404.2,,404.2
88.6,17195,-69.3,,,,293,29,407.4,,407.4
81.0,17726,-70.6,,,,280,25,415.3,,415.3
77.0,18026,-71.3,,,,315,25,419.9,,419.9
70.0,18590,-72.7,,,,275,18,428.5,,428.5
69.1,18666,-73.1,,,,271,16,429.3,,429.3
69.0,18674,-72.9,,,,270,16,429.8,,429.8
67.0,18849,-69.5,,,,290,12,440.8,,440.8
66.4,18902,-68.5,,,,301,12,444.2,,444.2
64.0,19122,-68.4,,,,345,13,449.1,,449.1
62.3,19284,-68.3,,,,349,13,452.8,,452.8
62.0,19313,-68.3,,,,350,13,453.4,,453.4
56.0,19924,-67.9,,,,145,4,467.7,,467.7
55.0,20032,-67.8,,,,70,10,470.3,,470.3
53.2,20232,-67.7,,,,52,19,475.0,,475.0
53.0,20255,-67.3,,,,50,20,476.4,,476.4
51.0,20489,-63.8,,,,45,18,490.1,,490.1
50.0,20610,-61.9,,,,45,12,497.2,,497.2
49.6,20660,-60.7,,,,45,12,501.2,,501.2
48.0,20864,-61.1,,,,45,10,504.9,,504.9
46.6,21048,-61.5,,,,64,8,508.2,,508.2
44.0,21404,-61.3,,,,100,3,517.2,,517.2
43.0,21547,-61.2,,,,160,10,520.8,,520.8
41.0,21843,-61.0,,,,95,11,528.4,,528.4
39.6,22058,-60.9,,,,81,11,534.0,,534.0
39.0,22156,-60.2,,,,75,11,538.0,,538.0
37.0,22490,-57.8,,,,115,14,552.3,,552.3
36.0,22664,-56.6,,,,105,18,559.8,,559.8
34.0,23027,-54.0,,,,75,16,575.8,,575.8
32.3,23353,-51.7,,,,69,13,590.5,,590.5
31.0,23619,-53.5,,,,65,10,592.6,,592.6
30.0,23830,-53.1,,,,140,11,599.3,,599.3
28.0,24277,-52.3,,,,120,10,613.4,,613.4
27.0,24513,-51.9,,,,135,5,621.0,,621.0
26.0,24757,-51.4,,,,170,10,629.0,,629.0
25.0,25012,-51.0,,,,165,20,637.4,,637.4
23.0,25552,-50.0,,,,110,11,655.6,,655.6
22.8,25609,-49.9,,,,111,9,657.6,,657.6
22.0,25841,-50.5,,,,115,3,662.7,,662.7
20.0,26460,-51.9,,,,5,2,676.6,,676.6
19.7,26558,-51.9,,,,5,2,679.5,,679.5
17.4,27368,-48.3,,,,2,1,715.5,,715.5
16.0,27919,-49.2,,,,0,0,729.8,,729.8
15.6,28085,-49.5,,,,,,734.2,,734.2
