PRES,HGHT,TEMP,DWPT,RELH,MIXR,DRCT,SKNT,THTA,THTE,THTV
1015.0,5,26.8,16.8,54,11.99,110,11,298.7,333.9,300.8
1011.0,40,25.2,15.2,54,10.85,114,12,297.4,329.2,299.4
1000.0,135,24.2,16.2,61,11.71,125,15,297.4,331.5,299.4
957.0,517,19.8,16.0,79,12.09,142,13,296.6,331.8,298.8
925.0,810,17.6,14.1,80,11.05,155,12,297.3,329.6,299.3
914.0,912,16.6,14.2,86,11.26,158,11,297.3,330.1,299.3
908.0,969,16.4,12.9,80,10.37,160,10,297.6,328.0,299.5
890.0,1139,15.8,8.8,63,8.05,137,10,298.7,322.6,300.2
875.0,1284,17.8,-12.2,12,1.72,118,9,302.3,307.9,302.6
850.0,1531,16.6,-14.4,11,1.48,85,9,303.5,308.4,303.8
847.0,1561,16.4,-14.1,11,1.53,85,10,303.6,308.7,303.9
818.0,1854,14.8,-10.8,16,2.05,100,17,304.9,311.6,305.3
792.0,2126,13.3,-7.9,22,2.68,105,10,306.1,314.8,306.6
768.0,2385,11.8,-5.0,30,3.45,140,3,307.3,318.3,307.9
758.0,2495,11.2,-3.8,35,3.83,167,6,307.8,320.0,308.5
741.0,2683,9.6,-3.7,39,3.93,215,10,308.0,320.5,308.7
700.0,3153,5.4,-3.6,52,4.21,225,13,308.4,321.8,309.2
687.0,3306,4.1,-5.6,49,3.68,235,12,308.6,320.4,309.3
682.0,3366,3.6,-6.4,48,3.49,231,12,308.7,319.9,309.4
677.0,3426,4.2,-14.8,24,1.80,226,13,310.1,316.1,310.4
648.0,3782,4.0,-42.0,2,0.15,200,14,313.7,314.3,313.8
632.0,3982,2.6,-40.8,2,0.17,185,15,314.4,315.1,314.5
593.0,4493,-0.8,-37.6,4,0.26,185,17,316.2,317.2,316.3
574.0,4755,-2.5,-36.0,6,0.31,200,18,317.1,318.3,317.2
566.0,4867,-3.3,-35.3,6,0.34,191,19,317.5,318.8,317.6
551.0,5078,-4.3,-35.0,7,0.36,175,22,318.7,320.1,318.8
500.0,5840,-8.1,-34.1,10,0.43,185,30,323.1,324.7,323.2
476.0,6219,-9.1,-32.1,14,0.55,187,32,326.4,328.5,326.5
434.0,6915,-14.8,-35.7,15,0.42,190,35,327.9,329.5,328.0
400.0,7530,-19.9,-38.9,17,0.33,185,35,329.0,330.4,329.1
399.0,7549,-20.1,-39.1,17,0.33,185,36,329.0,330.3,329.1
374.0,8026,-22.9,-44.9,12,0.19,171,42,331.4,332.2,331.5
364.0,8222,-24.5,-46.5,11,0.16,165,44,331.9,332.6,331.9
347.0,8570,-27.3,-49.3,10,0.12,167,50,332.7,333.2,332.7
300.0,9600,-35.7,-54.7,12,0.08,175,68,334.9,335.3,334.9
259.0,10612,-43.7,-62.7,10,0.03,170,86,337.5,337.7,337.5
255.0,10717,-44.5,-60.4,15,0.04,170,88,337.9,338.1,337.9
250.0,10850,-45.5,-57.5,25,0.06,170,90,338.3,338.6,338.3
229.0,11427,-50.3,-61.3,26,0.04,170,92,339.6,339.8,339.6
213.0,11894,-52.6,-62.6,29,0.04,170,94,343.0,343.2,343.0
200.0,12300,-54.7,-63.7,32,0.04,170,105,346.0,346.2,346.0
191.0,12593,-56.9,-63.9,41,0.04,170,112,347.0,347.2,347.0
188.0,12693,-57.2,-66.2,31,0.03,170,115,348.1,348.2,348.1
175.0,13145,-58.7,-76.7,8,0.01,170,111,352.9,352.9,352.9
171.0,13290,-59.9,-79.9,6,0.00,170,110,353.2,353.2,353.2
150.0,14100,-64.7,,,,170,102,358.4,,358.4
135.0,14732,-69.3,,,,170,83,361.3,,361.3
127.0,15099,-71.9,,,,180,76,362.9,,362.9
126.0,15145,-71.9,,,,180,76,363.7,,363.7
113.0,15787,-71.9,,,,190,86,375.2,,375.2
111.0,15892,-71.9,,,,187,82,377.1,,377.1
108.0,16055,-69.7,,,,183,75,384.3,,384.3
100.0,16510,-72.5,,,,170,57,387.4,,387.4
95.1,16803,-74.3,,,,180,45,389.5,,389.5
89.0,17189,-74.2,,,,195,35,397.0,,397.0
88.0,17255,-74.2,,,,200,33,398.3,,398.3
85.0,17457,-74.2,,,,220,39,402.4,,402.4
79.0,17882,-74.1,,,,220,42,411.0,,411.0
75.7,18131,-74.1,,,,213,40,416.1,,416.1
72.0,18425,-71.9,,,,205,38,426.7,,426.7
70.0,18590,-70.7,,,,200,27,432.8,,432.8
67.0,18852,-67.9,,,,190,14,444.3,,444.3
65.0,19034,-68.3,,,,170,20,447.4,,447.4
62.6,19261,-68.7,,,,170,21,451.3,,451.3
61.0,19418,-65.5,,,,170,22,461.7,,461.7
59.9,19529,-63.3,,,,152,22,469.1,,469.1
58.0,19725,-64.1,,,,120,22,471.6,,471.6
56.0,19939,-65.0,,,,100,28,474.4,,474.4
51.0,20510,-67.3,,,,100,16,481.8,,481.8
50.5,20570,-67.5,,,,107,16,482.6,,482.6
50.0,20630,-66.3,,,,115,15,486.8,,486.8
48.0,20880,-62.9,,,,140,13,500.7,,500.7
47.1,20996,-61.3,,,,133,15,507.2,,507.2
45.0,21280,-60.0,,,,115,21,516.9,,516.9
43.5,21492,-59.1,,,,85,30,524.2,,524.2
43.0,21564,-59.5,,,,75,33,525.1,,525.1
41.8,21741,-60.3,,,,81,29,527.3,,527.3
39.0,22182,-58.5,,,,95,19,542.5,,542.5
36.0,22691,-56.3,,,,80,16,560.5,,560.5
35.0,22870,-55.6,,,,85,13,567.0,,567.0
32.0,23440,-53.2,,,,100,18,588.0,,588.0
30.0,23850,-51.5,,,,80,26,603.6,,603.6
27.6,24393,-49.7,,,,76,28,623.2,,623.2
27.0,24537,-49.7,,,,75,29,627.1,,627.1
25.0,25041,-49.8,,,,100,27,640.9,,640.9
23.0,25586,-49.8,,,,60,28,656.2,,656.2
22.0,25877,-49.8,,,,90,19,664.5,,664.5
20.0,26500,-49.9,,,,85,20,682.7,,682.7
19.0,26836,-49.5,,,,85,16,693.9,,693.9
18.0,27190,-49.1,,,,95,29,706.0,,706.0
17.5,27375,-48.9,,,,,,712.4,,712.4
