PRES,HGHT,TEMP,DWPT,RELH,MIXR,DRCT,SKNT,THTA,THTE,THTV
1008.0,5,25.8,19.8,69,14.64,90,6,298.3,341.0,300.9
1000.0,74,24.6,18.6,69,13.67,85,5,297.8,337.6,300.2
962.0,413,21.6,17.8,79,13.51,18,1,298.0,337.5,300.4
952.0,503,21.0,16.4,75,12.45,0,0,298.3,334.8,300.6
948.0,540,20.8,15.8,73,12.05,345,0,298.5,333.8,300.6
925.0,752,18.6,16.0,85,12.51,255,1,298.3,334.9,300.6
912.0,874,17.6,15.7,89,12.45,260,2,298.5,334.9,300.7
884.0,1140,16.0,15.8,99,12.93,271,4,299.5,337.5,301.8
857.0,1404,14.6,13.8,95,11.70,282,6,300.7,335.3,302.8
850.0,1474,14.8,12.7,87,10.97,285,7,301.6,334.2,303.6
840.0,1574,15.0,12.4,84,10.88,278,8,302.9,335.4,304.9
832.0,1656,15.0,12.5,85,11.06,272,10,303.7,336.9,305.7
830.0,1676,14.9,12.3,85,10.97,270,10,303.8,336.7,305.8
782.0,2179,12.4,8.2,76,8.80,261,10,306.3,333.2,308.0
747.0,2562,9.2,6.5,83,8.19,255,9,306.9,332.0,308.4
703.0,3064,6.6,2.5,75,6.56,246,9,309.4,329.9,310.6
700.0,3099,6.4,2.4,76,6.54,245,9,309.5,330.0,310.8
654.0,3653,2.5,0.7,88,6.20,250,10,311.2,330.8,312.4
641.0,3817,1.4,0.2,92,6.09,255,10,311.8,331.0,312.9
640.0,3830,1.4,0.0,91,6.03,255,10,311.8,330.9,313.0
615.0,4151,0.0,-4.5,72,4.48,300,10,313.9,328.3,314.7
609.0,4230,-0.1,-9.1,51,3.17,311,10,314.6,325.1,315.2
607.0,4256,-0.1,-5.1,69,4.33,314,10,314.9,329.0,315.7
604.0,4296,-0.1,-9.6,49,3.07,320,10,315.4,325.5,315.9
603.0,4309,-0.1,-11.1,43,2.73,321,10,315.5,324.6,316.0
587.0,4524,-0.9,-11.9,43,2.63,334,10,317.0,325.9,317.5
583.0,4579,-1.3,-8.3,59,3.52,338,10,317.2,328.8,317.8
581.0,4607,-1.1,-14.1,37,2.22,340,10,317.7,325.3,318.1
569.0,4773,-1.7,-25.7,14,0.84,350,10,318.9,321.9,319.1
553.0,5000,-2.5,-41.5,3,0.18,355,10,320.6,321.3,320.6
539.0,5203,-4.3,-38.3,5,0.26,0,10,320.8,321.8,320.8
535.0,5262,-4.9,-20.9,27,1.36,358,10,320.7,325.6,321.0
505.0,5713,-8.5,-40.5,6,0.22,343,7,321.7,322.6,321.7
500.0,5790,-9.1,-29.1,18,0.69,340,7,321.9,324.4,322.0
459.0,6445,-14.1,-31.1,22,0.63,318,6,323.6,325.9,323.7
447.0,6645,-14.9,-29.9,27,0.72,311,6,325.1,327.7,325.2
445.0,6679,-15.0,-33.3,19,0.52,310,6,325.4,327.3,325.5
438.0,6799,-15.3,-45.3,6,0.15,306,9,326.4,327.1,326.5
421.0,7096,-17.1,-32.1,26,0.62,298,17,327.9,330.2,328.0
417.0,7168,-16.1,-42.1,9,0.23,295,18,330.0,330.9,330.1
407.0,7350,-16.7,-30.7,29,0.73,290,23,331.6,334.3,331.7
400.0,7480,-18.1,-33.1,26,0.59,295,23,331.4,333.7,331.5
392.0,7630,-19.4,-35.2,23,0.49,295,23,331.6,333.6,331.7
390.0,7669,-19.7,-35.7,23,0.47,294,23,331.7,333.5,331.8
373.0,7998,-22.3,-30.3,48,0.83,284,22,332.5,335.6,332.7
366.0,8137,-22.8,-31.5,45,0.75,280,21,333.7,336.6,333.8
364.0,8177,-22.9,-31.9,44,0.73,279,21,334.0,336.8,334.2
337.0,8737,-27.9,-34.9,51,0.59,266,22,334.6,336.9,334.8
316.0,9195,-31.9,-39.9,45,0.38,255,23,335.3,336.8,335.4
300.0,9560,-35.1,-41.1,54,0.35,245,31,335.8,337.2,335.9
297.0,9628,-35.7,-41.6,55,0.34,245,33,335.9,337.3,336.0
279.0,10054,-39.4,-44.5,58,0.26,255,39,336.7,337.8,336.8
254.0,10693,-44.8,-49.0,63,0.17,275,35,337.7,338.5,337.8
252.0,10747,-45.3,-49.4,63,0.17,277,36,337.8,338.5,337.9
250.0,10800,-45.7,-50.2,60,0.15,280,36,338.0,338.6,338.0
242.0,11012,-47.4,-52.7,54,0.12,290,41,338.6,339.1,338.6
202.0,12187,-56.7,-66.7,27,0.02,256,47,341.8,342.0,341.9
201.0,12218,-56.3,-66.8,26,0.02,255,47,343.0,343.1,343.0
200.0,12250,-55.9,-66.9,24,0.02,255,46,344.1,344.2,344.1
197.0,12346,-54.9,-69.9,14,0.02,259,43,347.2,347.2,347.2
192.0,12509,-55.7,-75.7,7,0.01,267,38,348.4,348.5,348.4
190.0,12575,-56.0,-76.1,6,0.01,270,36,349.0,349.1,349.0
169.0,13310,-59.1,-80.7,5,0.00,295,43,355.7,355.8,355.7
164.0,13498,-59.9,-81.9,4,0.00,291,46,357.4,357.5,357.4
158.0,13729,-60.8,,,,285,50,359.7,,359.7
150.0,14050,-62.1,,,,280,45,362.9,,362.9
143.0,14346,-62.9,,,,275,41,366.6,,366.6
139.0,14521,-63.3,,,,288,35,368.8,,368.8
137.0,14609,-63.9,,,,295,32,369.2,,369.2
132.0,14835,-65.5,,,,305,34,370.2,,370.2
120.0,15414,-69.7,,,,290,39,372.9,,372.9
115.0,15668,-70.1,,,,275,38,376.6,,376.6
107.0,16097,-70.8,,,,250,16,383.1,,383.1
105.0,16209,-71.0,,,,260,10,384.9,,384.9
104.0,16266,-71.1,,,,300,7,385.7,,385.7
101.0,16441,-71.4,,,,340,10,388.4,,388.4
100.0,16500,-71.5,,,,345,13,389.3,,389.3
94.0,16863,-72.7,,,,340,21,393.9,,393.9
89.0,17183,-73.8,,,,315,24,398.0,,398.0
87.4,17289,-74.1,,,,310,23,399.4,,399.4
86.0,17384,-73.1,,,,310,18,403.3,,403.3
83.6,17550,-71.3,,,,342,16,410.2,,410.2
83.0,17592,-71.3,,,,350,15,411.1,,411.1
77.0,18036,-71.1,,,,340,15,420.4,,420.4
74.0,18270,-71.0,,,,10,13,425.4,,425.4
72.5,18391,-70.9,,,,8,12,428.1,,428.1
70.0,18600,-68.9,,,,5,11,436.6,,436.6
67.6,18810,-66.9,,,,347,11,445.3,,445.3
65.4,19010,-68.3,,,,330,10,446.5,,446.5
63.0,19239,-67.5,,,,310,10,453.2,,453.2
61.0,19436,-66.7,,,,0,2,459.0,,459.0
59.0,19639,-66.0,,,,65,10,465.0,,465.0
58.0,19744,-65.6,,,,60,13,468.2,,468.2
56.0,19958,-64.8,,,,35,11,474.7,,474.7
54.0,20180,-64.0,,,,40,10,481.5,,481.5
50.0,20650,-62.3,,,,105,4,496.2,,496.2
49.0,20774,-62.4,,,,115,6,498.9,,498.9
44.0,21436,-62.9,,,,105,26,513.3,,513.3
40.1,22007,-63.3,,,,83,29,526.0,,526.0
38.0,22341,-61.3,,,,70,31,539.2,,539.2
36.0,22677,-59.4,,,,70,26,552.6,,552.6
34.2,22996,-57.5,,,,82,27,565.7,,565.7
33.0,23221,-57.9,,,,90,27,570.6,,570.6
31.0,23614,-58.5,,,,90,28,579.1,,579.1
30.0,23820,-58.1,,,,90,28,585.7,,585.7
27.6,24345,-57.9,,,,81,27,600.3,,600.3
25.0,24976,-52.3,,,,70,25,633.6,,633.6
23.0,25515,-51.9,,,,90,19,650.0,,650.0
22.0,25803,-51.7,,,,100,21,658.9,,658.9
20.0,26420,-51.3,,,,85,22,678.4,,678.4
18.0,27110,-49.4,,,,95,31,705.1,,705.1
17.0,27484,-48.4,,,,70,27,720.1,,720.1
16.4,27719,-47.7,,,,71,29,729.6,,729.6
15.0,28308,-48.0,,,,75,35,747.3,,747.3
14.8,28396,-48.1,,,,,,750.0,,750.0
