PRES,HGHT,TEMP,DWPT,RELH,MIXR,DRCT,SKNT,THTA,THTE,THTV
1018.0,5,24.6,19.8,75,14.50,130,4,296.2,338.2,298.8
1000.0,156,22.8,18.8,78,13.85,85,8,295.9,336.0,298.4
988.0,261,22.0,18.2,79,13.53,70,10,296.2,335.4,298.6
953.0,574,19.6,16.6,83,12.62,65,10,296.8,333.5,299.1
925.0,831,18.2,11.2,64,9.11,60,10,297.9,324.7,299.6
915.0,924,17.8,9.8,59,8.38,58,11,298.4,323.2,299.9
865.0,1402,14.0,10.2,78,9.11,48,13,299.3,326.3,300.9
850.0,1550,13.2,9.4,78,8.78,45,14,300.0,326.1,301.6
833.0,1720,12.2,7.8,74,8.03,41,15,300.6,324.6,302.1
787.0,2195,10.4,3.8,64,6.43,30,16,303.6,323.2,304.8
778.0,2291,10.0,3.0,62,6.14,28,15,304.2,323.0,305.3
765.0,2431,10.0,-2.0,43,4.34,25,14,305.7,319.3,306.5
723.0,2897,7.2,-4.8,42,3.71,15,10,307.5,319.3,308.2
701.0,3151,5.6,-6.4,42,3.40,5,9,308.5,319.4,309.2
700.0,3163,5.6,-7.4,39,3.15,5,9,308.6,318.8,309.2
674.0,3473,5.2,-11.8,28,2.31,358,9,311.6,319.2,312.0
652.0,3743,2.4,-1.7,74,5.21,352,10,311.4,327.9,312.4
643.0,3855,1.6,-2.1,76,5.13,350,10,311.7,328.0,312.6
630.0,4020,0.4,-2.7,80,5.00,348,11,312.1,328.1,313.1
613.0,4240,-1.1,-5.0,75,4.32,346,12,312.9,326.8,313.7
587.0,4585,-3.1,-13.1,46,2.39,342,14,314.4,322.4,314.9
575.0,4749,-4.3,-6.7,83,4.05,341,15,314.9,328.1,315.7
571.0,4804,-4.7,-6.9,85,4.01,340,15,315.0,328.1,315.8
562.0,4929,-5.7,-7.4,88,3.92,344,14,315.3,328.1,316.1
549.0,5113,-5.9,-9.9,73,3.30,350,14,317.2,328.2,317.8
538.0,5270,-7.0,-10.6,76,3.19,355,13,317.7,328.3,318.3
501.0,5824,-11.0,-12.9,86,2.84,325,16,319.4,329.0,319.9
500.0,5840,-11.1,-13.0,86,2.83,325,16,319.4,329.0,320.0
488.0,6026,-12.1,-13.9,86,2.69,327,16,320.4,329.6,321.0
470.0,6314,-12.5,-17.5,66,2.07,329,16,323.4,330.6,323.8
421.0,7148,-17.1,-25.1,50,1.19,337,15,327.9,332.2,328.1
403.0,7474,-19.5,-27.5,49,1.00,340,15,328.9,332.6,329.1
400.0,7530,-19.9,-27.9,49,0.97,340,14,329.0,332.6,329.2
380.0,7908,-23.3,-28.3,64,0.98,316,13,329.4,333.1,329.6
375.0,8002,-24.1,-29.0,64,0.93,310,13,329.6,333.1,329.8
361.0,8273,-26.2,-31.1,64,0.79,295,16,330.3,333.3,330.5
324.0,9042,-32.5,-37.1,64,0.49,305,23,332.1,334.0,332.2
300.0,9590,-36.9,-41.3,64,0.34,335,23,333.2,334.6,333.3
299.0,9613,-37.1,-41.3,65,0.35,336,23,333.3,334.7,333.4
293.0,9750,-38.3,-42.7,63,0.30,345,24,333.6,334.8,333.6
260.0,10556,-45.1,-50.7,53,0.14,315,37,335.2,335.8,335.2
250.0,10820,-47.3,-53.3,50,0.11,305,44,335.6,336.1,335.6
247.0,10900,-48.1,-54.1,50,0.10,305,48,335.6,336.0,335.6
213.0,11854,-55.0,-61.7,43,0.04,310,90,339.4,339.6,339.4
200.0,12260,-57.9,-64.9,40,0.03,310,99,340.9,341.1,340.9
193.0,12483,-59.9,-66.9,40,0.02,308,102,341.2,341.3,341.2
164.0,13481,-66.4,,,,300,116,346.5,,346.5
162.0,13556,-66.9,,,,295,115,346.9,,346.9
150.0,14020,-66.5,,,,285,96,355.3,,355.3
149.0,14061,-66.5,,,,285,92,356.0,,356.0
138.0,14526,-66.9,,,,280,61,363.2,,363.2
128.0,14982,-67.3,,,,283,45,370.4,,370.4
119.0,15420,-69.5,,,,285,30,374.2,,374.2
118.0,15471,-69.7,,,,287,30,374.7,,374.7
104.0,16226,-70.0,,,,320,32,387.8,,387.8
100.0,16460,-70.1,,,,315,32,392.0,,392.0
97.0,16642,-68.7,,,,315,21,398.2,,398.2
95.3,16748,-67.9,,,,323,18,401.8,,401.8
94.0,16830,-68.2,,,,330,16,402.7,,402.7
92.0,16958,-68.7,,,,340,19,404.3,,404.3
82.0,17644,-71.2,,,,290,28,412.5,,412.5
81.1,17710,-71.5,,,,290,26,413.3,,413.3
79.0,17867,-70.7,,,,290,21,418.1,,418.1
75.0,18178,-69.1,,,,345,15,427.8,,427.8
70.0,18590,-66.9,,,,5,13,440.9,,440.9
69.0,18677,-66.2,,,,0,10,444.3,,444.3
67.0,18856,-64.6,,,,280,2,451.4,,451.4
65.3,19012,-63.3,,,,255,3,457.6,,457.6
60.7,19458,-65.3,,,,184,7,462.8,,462.8
58.0,19737,-63.7,,,,140,10,472.6,,472.6
57.0,19843,-63.0,,,,135,8,476.3,,476.3
54.6,20107,-61.5,,,,147,9,485.8,,485.8
53.0,20290,-61.8,,,,155,10,489.3,,489.3
50.0,20650,-62.3,,,,95,19,496.2,,496.2
49.0,20775,-62.7,,,,75,21,498.3,,498.3
48.9,20787,-62.7,,,,74,21,498.5,,498.5
44.0,21447,-59.8,,,,45,16,520.9,,520.9
41.4,21827,-58.1,,,,74,15,534.2,,534.2
40.0,22043,-58.5,,,,90,15,538.5,,538.5
36.7,22585,-59.5,,,,77,20,549.3,,549.3
34.0,23068,-58.0,,,,65,25,565.4,,565.4
30.0,23860,-55.5,,,,90,22,592.7,,592.7
28.0,24309,-53.9,,,,105,24,609.0,,609.0
27.0,24546,-53.0,,,,95,26,617.8,,617.8
24.0,25313,-50.3,,,,105,33,647.0,,647.0
20.1,26467,-46.1,,,,86,26,693.3,,693.3
20.0,26500,-46.3,,,,85,26,693.7,,693.7
19.0,26840,-47.3,,,,86,26,700.8,,700.8
14.0,28876,-43.8,,,,90,28,776.5,,776.5
13.6,29069,-43.5,,,,,,784.0,,784.0
