PRES,HGHT,TEMP,DWPT,RELH,MIXR,DRCT,SKNT,THTA,THTE,THTV
1020.0,5,12.0,5.0,62,5.39,280,5,283.5,298.8,284.5
1000.0,167,10.6,3.6,62,4.98,260,8,283.8,297.9,284.6
979.0,344,10.6,1.0,51,4.22,230,10,285.5,297.6,286.2
968.0,438,10.6,-0.4,46,3.85,292,5,286.4,297.6,287.1
956.0,541,10.0,0.8,53,4.25,0,0,286.8,299.1,287.6
937.0,708,9.0,2.7,64,4.98,55,10,287.5,301.8,288.3
925.0,815,8.4,3.9,73,5.50,55,13,287.9,303.7,288.9
924.0,824,8.2,4.0,75,5.55,55,13,287.8,303.7,288.7
921.0,851,8.1,3.1,71,5.22,55,14,287.9,302.9,288.8
901.0,1032,7.0,-3.0,49,3.42,62,13,288.6,298.7,289.2
893.0,1105,6.4,-1.8,56,3.78,65,13,288.7,299.8,289.4
888.0,1151,6.0,-1.0,61,4.02,77,12,288.8,300.6,289.5
883.0,1197,6.2,-5.1,44,2.98,90,10,289.5,298.4,290.0
873.0,1290,6.8,-13.4,22,1.57,40,1,291.0,295.9,291.2
872.0,1300,6.8,-14.2,21,1.47,35,1,291.1,295.7,291.4
863.0,1385,6.0,-15.0,21,1.39,346,3,291.1,295.5,291.4
850.0,1509,8.0,-30.0,5,0.38,275,6,294.5,295.8,294.6
839.0,1616,8.8,-40.2,2,0.14,299,7,296.4,297.0,296.5
820.0,1804,7.7,-41.3,2,0.13,340,10,297.2,297.7,297.2
801.0,1995,6.6,-42.4,2,0.11,0,12,298.0,298.4,298.0
781.0,2202,5.3,-43.7,1,0.10,320,11,298.9,299.2,298.9
754.0,2489,3.6,-45.4,1,0.09,330,10,300.0,300.4,300.1
738.0,2664,2.6,-46.4,1,0.08,327,10,300.8,301.1,300.8
728.0,2774,1.9,-46.4,1,0.08,325,10,301.1,301.4,301.1
718.0,2885,1.1,-46.4,1,0.08,315,15,301.5,301.8,301.5
705.0,3032,0.1,-46.3,2,0.09,325,13,301.9,302.3,301.9
700.0,3089,-0.3,-46.3,2,0.09,320,12,302.1,302.4,302.1
691.0,3190,-1.0,-47.1,2,0.08,315,15,302.5,302.8,302.5
678.0,3339,-2.0,-48.2,1,0.07,325,19,302.9,303.2,303.0
576.0,4614,-10.9,-57.9,1,0.03,306,41,307.0,307.1,307.0
571.0,4681,-10.3,-52.3,2,0.05,305,42,308.5,308.7,308.5
565.0,4762,-9.5,-45.5,4,0.12,305,42,310.4,310.8,310.4
535.0,5180,-13.1,-42.1,7,0.18,302,41,310.9,311.6,311.0
530.0,5251,-13.5,-24.5,39,1.00,302,41,311.3,314.8,311.5
511.0,5527,-15.9,-28.9,32,0.69,300,40,311.6,314.1,311.8
508.0,5571,-16.4,-27.8,37,0.77,300,40,311.6,314.3,311.7
500.0,5690,-17.7,-24.7,54,1.04,300,47,311.4,315.0,311.6
490.0,5841,-19.0,-24.6,61,1.07,285,48,311.6,315.4,311.8
486.0,5903,-19.5,-24.5,65,1.09,286,50,311.7,315.5,311.9
478.0,6027,-17.1,-19.5,82,1.72,287,53,316.2,322.1,316.5
454.0,6410,-19.2,-22.0,79,1.46,290,63,318.2,323.3,318.5
442.0,6609,-20.3,-23.2,77,1.34,290,56,319.3,324.0,319.6
402.0,7314,-24.1,-27.8,71,0.97,295,66,323.1,326.7,323.3
400.0,7350,-24.5,-28.2,71,0.94,295,66,323.1,326.5,323.2
377.0,7769,-27.6,-31.5,69,0.73,290,62,324.4,327.1,324.6
306.0,9244,-38.7,-43.2,62,0.28,290,100,328.8,329.9,328.9
300.0,9380,-39.7,-44.5,60,0.24,290,104,329.3,330.3,329.4
274.0,9992,-45.1,-52.1,45,0.11,290,111,330.1,330.6,330.1
268.0,10139,-46.3,-52.0,52,0.12,290,113,330.5,331.0,330.5
261.0,10314,-47.7,-52.0,61,0.12,292,121,330.9,331.4,330.9
258.0,10390,-47.3,-51.6,61,0.13,293,124,332.6,333.1,332.6
254.0,10494,-45.1,-61.1,15,0.04,294,128,337.4,337.5,337.4
250.0,10600,-44.7,-68.7,5,0.01,295,133,339.5,339.6,339.5
236.0,10984,-45.9,-74.9,2,0.01,295,127,343.3,343.3,343.3
234.0,11040,-46.2,-75.2,2,0.01,295,126,343.7,343.7,343.7
218.0,11505,-48.6,-77.6,2,0.00,295,138,347.0,347.0,347.0
200.0,12070,-51.5,-80.5,2,0.00,290,139,351.1,351.1,351.1
171.0,13072,-56.0,-83.9,2,0.00,285,143,359.7,359.7,359.7
150.0,13910,-59.7,-86.7,2,0.00,285,125,367.0,367.0,367.0
149.0,13952,-59.9,-86.9,2,0.00,285,124,367.4,367.4,367.4
124.0,15085,-62.9,-87.2,2,0.00,275,110,381.8,381.8,381.8
112.0,15713,-64.5,-87.4,3,0.00,285,76,390.0,390.0,390.0
104.0,16170,-65.7,-87.5,3,0.00,280,87,396.1,396.1,396.1
100.0,16410,-63.9,-87.6,3,0.00,270,74,404.0,404.0,404.0
96.0,16661,-62.1,-87.7,2,0.00,275,49,412.3,412.3,412.3
94.8,16739,-61.5,-87.7,2,0.00,274,48,414.9,414.9,414.9
89.0,17127,-62.4,-87.8,2,0.00,270,41,420.7,420.7,420.7
79.0,17859,-64.0,-88.0,2,0.00,300,37,431.9,431.9,431.9
73.0,18344,-65.1,-88.1,3,0.00,283,33,439.5,439.5,439.5
72.0,18428,-64.9,-88.1,3,0.00,280,32,441.6,441.6,441.6
70.0,18600,-64.5,-88.2,3,0.00,290,30,446.1,446.1,446.1
69.0,18688,-64.5,-88.2,3,0.00,295,30,447.9,447.9,447.9
65.0,19052,-64.5,-88.3,3,0.00,275,24,455.6,455.6,455.6
63.0,19242,-64.5,-88.4,2,0.00,290,31,459.7,459.7,459.7
60.5,19489,-64.5,-88.4,2,0.00,280,30,465.0,465.1,465.0
56.0,19962,-62.6,-88.6,2,0.00,260,27,479.6,479.7,479.6
55.2,20050,-62.3,-88.6,2,0.00,265,25,482.4,482.4,482.4
52.0,20423,-56.9,-88.7,1,0.00,285,15,503.3,503.4,503.3
51.9,20435,-56.7,-88.7,1,0.00,288,15,504.0,504.1,504.0
51.0,20545,-57.2,-89.2,1,0.00,315,13,505.4,505.5,505.4
50.0,20670,-57.7,-89.7,1,0.00,320,18,507.1,507.1,507.1
48.0,20928,-57.6,-89.6,1,0.00,275,16,513.3,513.3,513.3
47.0,21061,-57.5,-89.5,1,0.00,290,9,516.5,516.5,516.5
45.0,21337,-57.4,-89.4,1,0.00,310,16,523.3,523.3,523.3
44.0,21479,-57.4,-89.3,1,0.00,305,21,526.8,526.8,526.8
42.0,21773,-57.2,-89.2,1,0.00,250,11,534.2,534.2,534.2
40.0,22082,-57.1,-89.1,1,0.00,290,22,542.0,542.0,542.0
38.0,22406,-56.9,-88.9,1,0.00,290,10,550.4,550.4,550.4
37.0,22575,-56.9,-88.9,1,0.00,320,11,554.8,554.8,554.8
35.0,22927,-56.7,-88.7,1,0.00,295,13,564.0,564.1,564.0
34.0,23110,-56.6,-88.6,1,0.00,325,20,569.0,569.0,569.0
33.0,23299,-56.5,-88.5,1,0.00,310,10,574.0,574.1,574.0
32.0,23494,-56.5,-88.5,1,0.00,275,5,579.4,579.4,579.4
31.0,23695,-56.4,-88.4,1,0.01,305,10,584.9,584.9,584.9
30.2,23860,-56.3,-88.3,1,0.01,305,14,589.4,589.5,589.5
30.0,,,,,,305,15,,,
