PRES,HGHT,TEMP,DWPT,RELH,MIXR,DRCT,SKNT,THTA,THTE,THTV
1014.0,5,23.4,15.4,61,10.96,15,9,295.4,327.1,297.3
1009.0,46,21.4,12.4,56,9.04,1,9,293.8,320.0,295.4
1000.0,121,20.8,13.8,64,10.01,335,8,293.9,322.8,295.7
925.0,789,14.6,12.5,87,9.94,290,8,294.2,322.9,296.0
916.0,872,14.0,12.0,88,9.70,278,8,294.4,322.5,296.2
912.0,909,15.0,10.7,75,8.93,273,9,295.8,321.9,297.4
882.0,1193,14.8,7.8,63,7.58,232,10,298.5,321.0,299.8
877.0,1241,14.5,7.4,62,7.40,225,10,298.7,320.7,300.0
850.0,1505,13.0,5.0,58,6.47,220,9,299.8,319.2,300.9
845.0,1555,12.6,4.6,58,6.33,218,9,299.8,318.9,301.0
797.0,2039,8.6,2.3,65,5.70,195,7,300.6,317.9,301.6
761.0,2422,5.4,0.5,71,5.24,213,11,301.2,317.1,302.1
749.0,2552,6.6,-6.4,39,3.18,219,13,303.8,313.9,304.4
719.0,2887,5.0,-8.0,38,2.92,235,17,305.6,315.0,306.2
700.0,3105,4.8,-11.2,30,2.33,245,19,307.8,315.4,308.2
699.0,3117,4.8,-11.4,30,2.29,245,19,307.9,315.4,308.3
696.0,3152,4.8,-12.2,28,2.17,244,19,308.3,315.4,308.7
663.0,3545,1.6,-16.4,25,1.61,228,19,309.0,314.4,309.3
636.0,3880,0.2,-47.6,1,0.08,215,19,311.1,311.5,311.2
635.0,3892,0.2,-48.8,1,0.07,215,19,311.2,311.5,311.2
606.0,4262,-2.6,-48.8,1,0.07,230,19,312.1,312.4,312.1
565.0,4816,-6.9,-48.9,2,0.08,230,20,313.4,313.8,313.4
546.0,5081,-8.2,-47.7,3,0.09,230,20,314.9,315.3,314.9
521.0,5444,-10.1,-46.1,3,0.12,253,26,316.9,317.4,316.9
515.0,5533,-10.7,-24.7,31,1.01,258,28,317.2,320.8,317.4
508.0,5638,-11.6,-23.8,36,1.11,265,30,317.4,321.3,317.6
500.0,5760,-12.7,-22.7,43,1.24,265,32,317.5,321.9,317.7
497.0,5806,-12.9,-20.9,51,1.46,265,32,317.8,322.9,318.1
495.0,5837,-12.9,-28.9,25,0.71,265,32,318.2,320.8,318.3
474.0,6166,-15.1,-19.4,70,1.75,265,31,319.4,325.5,319.7
459.0,6408,-16.9,-22.9,60,1.33,265,31,320.1,324.8,320.4
452.0,6524,-16.7,-32.7,24,0.54,265,30,321.8,323.8,321.9
443.0,6675,-18.1,-37.1,17,0.36,265,30,321.9,323.2,321.9
437.0,6776,-18.8,-35.8,21,0.42,265,30,322.2,323.8,322.3
400.0,7430,-23.3,-27.1,71,1.04,250,43,324.6,328.4,324.8
389.0,7633,-25.1,-27.9,77,1.00,250,43,324.9,328.5,325.1
315.0,9133,-35.1,-45.1,35,0.22,264,53,331.1,332.0,331.2
308.0,9288,-36.6,-46.1,37,0.20,265,54,331.2,332.0,331.2
300.0,9470,-38.3,-47.3,38,0.18,260,55,331.3,332.0,331.3
293.0,9632,-39.5,-48.5,38,0.16,260,56,331.8,332.5,331.8
264.0,10333,-45.5,-53.2,42,0.10,260,61,333.0,333.4,333.0
250.0,10700,-48.7,-55.7,44,0.08,265,66,333.5,333.9,333.6
248.0,10753,-49.3,-56.3,44,0.08,265,67,333.4,333.7,333.4
235.0,11103,-51.9,-57.9,48,0.07,265,72,334.6,334.9,334.6
229.0,11269,-52.3,-62.4,28,0.04,265,74,336.6,336.8,336.6
225.0,11383,-52.5,-65.5,19,0.03,264,76,337.9,338.0,337.9
204.0,12013,-53.5,-72.3,8,0.01,260,87,345.9,346.0,345.9
200.0,12140,-53.7,-73.7,7,0.01,260,87,347.6,347.6,347.6
197.0,12237,-53.9,-74.9,6,0.01,260,87,348.8,348.8,348.8
181.0,12778,-57.5,-73.5,11,0.01,258,87,351.4,351.5,351.4
171.0,13136,-59.9,-76.9,9,0.01,256,87,353.2,353.2,353.2
163.0,13434,-61.1,,,,255,87,356.0,,356.0
151.0,13909,-63.1,,,,260,70,360.5,,360.5
150.0,13950,-63.3,,,,260,69,360.8,,360.8
135.0,14589,-64.8,,,,255,54,369.2,,369.2
119.0,15355,-66.6,,,,265,46,379.4,,379.4
100.0,16410,-69.1,,,,245,33,394.0,,394.0
95.9,16659,-70.1,,,,255,29,396.8,,396.8
91.0,16974,-68.6,,,,275,30,405.7,,405.7
86.0,17314,-67.0,,,,270,26,415.6,,415.6
79.0,17825,-64.5,,,,220,17,430.8,,430.8
77.8,17917,-64.1,,,,214,17,433.6,,433.6
71.2,18457,-65.3,,,,181,15,442.2,,442.2
70.0,18560,-63.9,,,,175,15,447.3,,447.3
67.0,18830,-63.1,,,,140,12,454.6,,454.6
65.3,18989,-62.7,,,,132,11,458.9,,458.9
64.0,19114,-62.4,,,,125,10,462.1,,462.1
62.0,19311,-62.0,,,,120,11,467.3,,467.3
60.0,19515,-61.6,,,,80,10,472.6,,472.6
59.0,19619,-61.4,,,,75,10,475.4,,475.4
57.0,19834,-60.9,,,,95,11,481.1,,481.1
55.1,20044,-60.5,,,,95,12,486.8,,486.8
54.0,20170,-60.9,,,,95,12,488.6,,488.6
52.1,20393,-61.7,,,,76,14,491.8,,491.8
52.0,20405,-61.6,,,,75,14,492.3,,492.3
50.0,20650,-59.9,,,,85,13,501.9,,501.9
46.0,21171,-59.0,,,,90,15,516.3,,516.3
42.7,21635,-58.1,,,,115,18,529.5,,529.5
42.0,21740,-57.9,,,,120,19,532.5,,532.5
34.0,23078,-55.4,,,,85,31,572.2,,572.2
30.0,23870,-53.9,,,,80,31,597.1,,597.1
24.0,25317,-52.0,,,,90,31,641.8,,641.8
20.0,26500,-50.5,,,,90,38,680.8,,680.8
19.0,26836,-49.7,,,,85,34,693.4,,693.4
18.1,27153,-48.9,,,,,,705.6,,705.6
