PRES,HGHT,TEMP,DWPT,RELH,MIXR,DRCT,SKNT,THTA,THTE,THTV
1021.0,5,23.2,17.2,69,12.24,320,4,294.6,329.8,296.8
1000.0,187,20.4,16.5,78,11.94,325,7,293.6,327.8,295.7
993.0,248,19.8,16.2,80,11.80,324,7,293.5,327.4,295.6
958.0,557,18.8,12.8,68,9.78,317,9,295.6,324.0,297.3
925.0,858,16.4,13.1,81,10.34,310,10,296.1,326.1,297.9
911.0,988,15.4,12.6,83,10.15,310,10,296.3,325.9,298.1
906.0,1035,15.0,12.4,84,10.08,308,10,296.4,325.8,298.2
879.0,1292,14.8,8.8,67,8.15,295,8,298.8,322.9,300.2
850.0,1575,12.2,8.3,77,8.14,280,7,298.9,323.1,300.4
816.0,1916,9.0,7.0,87,7.76,257,10,299.0,322.1,300.4
772.0,2372,5.8,-3.9,50,3.73,225,14,300.3,311.8,301.0
770.0,2394,5.6,-4.4,49,3.60,224,14,300.4,311.5,301.0
763.0,2469,7.4,-17.6,15,1.26,219,14,303.1,307.3,303.3
758.0,2523,7.8,-26.0,7,0.61,215,14,304.1,306.3,304.2
754.0,2566,8.2,-32.8,4,0.32,215,14,305.0,306.2,305.1
719.0,2956,5.6,-21.4,12,0.97,211,10,306.3,309.6,306.5
714.0,3013,5.8,-24.6,9,0.74,210,10,307.1,309.7,307.3
700.0,3175,6.4,-33.6,4,0.32,220,7,309.5,310.7,309.6
696.0,3222,7.2,-38.8,2,0.19,223,7,310.9,311.7,311.0
652.0,3749,3.8,-36.0,4,0.27,255,2,313.0,314.0,313.0
627.0,4065,1.8,-34.4,5,0.33,200,10,314.2,315.4,314.2
609.0,4300,0.3,-33.1,6,0.39,230,11,315.1,316.5,315.1
575.0,4764,-2.7,-30.7,10,0.52,245,15,316.8,318.7,316.9
574.0,4778,-2.8,-31.3,9,0.49,245,15,316.9,318.7,317.0
537.0,5303,-5.0,-53.5,1,0.05,300,15,320.2,320.4,320.2
536.0,5318,-5.1,-54.1,1,0.05,300,15,320.3,320.5,320.3
516.0,5614,-7.4,-52.0,1,0.06,300,17,321.1,321.3,321.1
500.0,5860,-9.3,-50.3,2,0.08,285,18,321.6,322.0,321.6
482.0,6140,-11.2,-49.6,3,0.09,265,23,322.7,323.0,322.7
447.0,6714,-15.1,-48.1,4,0.11,273,21,324.8,325.3,324.8
441.0,6815,-16.0,-48.2,4,0.11,275,21,324.9,325.4,325.0
412.0,7320,-20.4,-49.0,6,0.11,260,21,325.6,326.1,325.7
400.0,7540,-22.3,-49.3,7,0.11,265,20,325.9,326.4,325.9
390.0,7723,-23.8,-51.5,6,0.09,275,20,326.3,326.7,326.3
364.0,8222,-27.9,-57.5,4,0.04,285,25,327.4,327.6,327.4
346.0,8589,-30.9,-61.9,3,0.03,284,33,328.1,328.2,328.1
339.0,8734,-31.7,-68.7,1,0.01,283,36,328.9,328.9,328.9
324.0,9053,-33.5,-60.5,5,0.03,282,42,330.7,330.8,330.7
321.0,9119,-33.7,-53.7,12,0.08,282,44,331.3,331.6,331.3
303.0,9521,-37.3,-44.3,48,0.25,280,53,331.7,332.7,331.8
300.0,9590,-37.7,-46.7,38,0.19,280,54,332.1,332.9,332.2
292.0,9776,-39.1,-51.1,27,0.12,281,57,332.7,333.2,332.7
262.0,10508,-45.5,-59.5,19,0.05,287,67,333.8,334.0,333.8
250.0,10820,-46.7,-72.7,4,0.01,290,71,336.5,336.5,336.5
247.0,10899,-47.1,-72.5,4,0.01,290,72,337.1,337.1,337.1
209.0,11996,-52.5,-70.5,10,0.01,294,104,345.1,345.2,345.1
200.0,12280,-54.7,-72.7,9,0.01,295,113,346.0,346.0,346.0
197.0,12375,-55.3,-73.5,9,0.01,295,114,346.6,346.6,346.6
175.0,13122,-59.9,-79.9,6,0.00,290,109,350.9,350.9,350.9
158.0,13751,-63.7,,,,285,105,354.9,,354.9
152.0,13989,-65.1,,,,285,94,356.4,,356.4
150.0,14070,-64.9,,,,285,90,358.1,,358.1
138.0,14574,-66.4,,,,285,73,364.1,,364.1
125.0,15172,-68.1,,,,283,67,371.4,,371.4
118.0,15520,-66.3,,,,282,63,380.9,,380.9
101.0,16451,-70.7,,,,280,54,389.8,,389.8
100.0,16510,-70.7,,,,280,53,390.9,,390.9
95.1,16811,-68.3,,,,266,45,401.2,,401.2
93.0,16945,-69.0,,,,260,41,402.5,,402.5
87.0,17345,-70.9,,,,273,27,406.3,,406.3
86.0,17414,-70.7,,,,275,25,408.0,,408.0
81.0,17774,-69.8,,,,285,29,417.0,,417.0
76.0,18156,-68.8,,,,265,28,426.8,,426.8
72.0,18481,-67.9,,,,290,26,435.2,,435.2
70.0,18650,-67.5,,,,285,28,439.6,,439.6
67.0,18917,-66.6,,,,275,20,447.0,,447.0
64.0,19196,-65.7,,,,245,13,454.9,,454.9
61.0,19488,-64.8,,,,250,10,463.3,,463.3
58.0,19796,-63.8,,,,300,10,472.2,,472.2
53.0,20345,-62.0,,,,285,14,488.6,,488.6
50.0,20700,-60.9,,,,215,15,499.5,,499.5
48.1,20941,-60.7,,,,158,10,505.6,,505.6
48.0,20954,-60.7,,,,155,10,505.8,,505.8
42.8,21665,-62.5,,,,108,10,518.3,,518.3
38.6,22310,-57.7,,,,65,10,546.0,,546.0
35.0,22928,-57.9,,,,25,10,561.0,,561.0
34.7,22983,-57.9,,,,18,7,562.3,,562.3
34.0,23112,-57.3,,,,0,0,567.2,,567.2
33.0,23302,-56.4,,,,185,10,574.5,,574.5
30.8,23741,-54.3,,,,174,11,591.5,,591.5
30.0,23910,-54.7,,,,170,12,594.9,,594.9
29.0,24128,-54.4,,,,160,10,601.5,,601.5
28.0,24354,-54.1,,,,125,2,608.3,,608.3
26.0,24831,-53.5,,,,50,10,623.1,,623.1
25.0,25084,-53.2,,,,355,11,631.0,,631.0
24.0,25346,-52.9,,,,335,10,639.4,,639.4
21.8,25965,-52.1,,,,311,8,659.5,,659.5
20.6,26330,-54.3,,,,297,7,663.6,,663.6
20.0,26520,-53.1,,,,290,7,672.9,,672.9
18.0,27207,-51.3,,,,355,10,699.2,,699.2
15.0,28395,-48.1,,,,285,9,747.0,,747.0
14.8,28482,-47.9,,,,,,750.7,,750.7
