PRES,HGHT,TEMP,DWPT,RELH,MIXR,DRCT,SKNT,THTA,THTE,THTV
1017.0,5,23.8,15.8,61,11.22,220,9,295.5,328.0,297.5
1014.0,31,22.2,14.2,60,10.13,222,8,294.2,323.4,296.0
1000.0,152,21.4,15.4,69,11.12,230,4,294.6,326.6,296.5
952.0,577,18.2,15.3,83,11.61,233,3,295.5,329.1,297.5
935.0,732,17.6,11.6,68,9.25,234,2,296.4,323.4,298.0
925.0,824,18.0,7.0,49,6.84,235,2,297.7,318.0,298.9
923.0,843,18.0,6.0,45,6.39,233,2,297.9,317.0,299.0
914.0,926,17.0,10.0,63,8.50,224,3,297.7,322.8,299.2
871.0,1336,14.4,4.4,51,6.05,182,8,299.1,317.3,300.2
861.0,1434,14.8,-4.2,27,3.27,171,10,300.5,310.7,301.1
850.0,1542,13.6,-2.4,33,3.79,160,11,300.4,312.1,301.1
839.0,1652,12.8,-3.2,33,3.62,157,12,300.7,311.9,301.3
834.0,1702,12.0,4.0,58,6.15,156,13,300.3,318.9,301.4
831.0,1732,11.7,4.3,60,6.30,155,13,300.3,319.3,301.5
824.0,1803,11.0,5.0,66,6.68,153,13,300.3,320.4,301.5
812.0,1925,10.2,2.9,61,5.83,150,12,300.7,318.3,301.7
796.0,2090,9.0,0.0,53,4.83,130,11,301.2,315.9,302.0
787.0,2185,9.0,-8.0,29,2.67,118,10,302.1,310.6,302.6
781.0,2248,8.4,-7.1,32,2.88,110,10,302.2,311.3,302.7
755.0,2526,5.9,-3.4,51,3.97,100,10,302.4,314.7,303.1
754.0,2537,5.8,-3.2,52,4.02,95,9,302.4,314.9,303.1
745.0,2636,6.2,-8.8,33,2.65,48,5,303.9,312.3,304.4
736.0,2735,5.7,-9.3,33,2.58,0,0,304.4,312.7,304.9
708.0,3051,4.1,-10.9,33,2.37,320,10,306.1,313.7,306.5
702.0,3121,3.8,-11.2,33,2.33,327,12,306.4,314.0,306.8
700.0,3144,3.6,-11.4,32,2.30,330,12,306.4,313.9,306.9
694.0,3214,3.1,-13.3,29,1.99,330,12,306.6,313.2,307.0
683.0,3343,2.2,-16.8,23,1.51,330,11,307.0,312.1,307.3
678.0,3402,2.4,-23.7,13,0.84,330,10,307.9,310.8,308.0
671.0,3486,2.6,-33.4,5,0.34,337,8,309.1,310.3,309.1
648.0,3763,0.9,-34.2,5,0.33,0,0,310.2,311.4,310.2
563.0,4879,-6.1,-37.5,6,0.27,295,10,314.7,315.7,314.7
554.0,5007,-6.9,-37.9,6,0.26,296,10,315.2,316.2,315.2
546.0,5120,-6.7,-45.7,3,0.12,296,10,316.7,317.2,316.8
508.0,5677,-11.3,-40.5,7,0.22,300,10,317.8,318.6,317.8
500.0,5800,-12.3,-39.3,9,0.25,295,12,318.0,319.0,318.0
482.0,6076,-14.7,-40.2,9,0.24,280,14,318.3,319.3,318.4
443.0,6710,-20.3,-42.3,12,0.21,285,21,319.1,319.9,319.1
415.0,7191,-22.5,-55.5,3,0.05,281,15,322.2,322.5,322.3
405.0,7369,-24.0,-55.0,4,0.05,280,13,322.6,322.9,322.6
400.0,7460,-24.7,-54.7,4,0.06,275,14,322.8,323.0,322.8
353.0,8342,-31.2,-58.2,5,0.04,260,25,325.8,325.9,325.8
300.0,9490,-39.7,-62.7,7,0.03,285,35,329.3,329.4,329.3
281.0,9933,-43.5,-62.5,10,0.03,293,49,330.1,330.2,330.1
254.0,10605,-47.6,-53.6,50,0.10,305,71,333.7,334.1,333.7
252.0,10658,-47.9,-52.9,56,0.11,307,71,334.0,334.4,334.0
250.0,10710,-48.3,-54.3,50,0.10,310,71,334.1,334.5,334.1
236.0,11086,-51.9,-57.9,48,0.07,307,66,334.2,334.5,334.2
222.0,11479,-54.5,-73.5,8,0.01,304,61,336.1,336.2,336.1
204.0,12015,-57.4,-75.6,8,0.01,300,54,339.8,339.8,339.8
200.0,12140,-58.1,-76.1,8,0.01,300,55,340.6,340.6,340.6
188.0,12529,-59.9,-76.9,9,0.01,297,60,343.8,343.8,343.8
150.0,13930,-64.3,-79.4,11,0.00,285,80,359.1,359.1,359.1
145.0,14137,-65.3,-79.8,12,0.00,285,81,360.9,360.9,360.9
143.0,14221,-65.7,-80.0,12,0.00,284,80,361.6,361.6,361.6
117.0,15429,-68.6,-82.2,12,0.00,275,70,377.7,377.7,377.7
108.0,15911,-69.7,-83.1,13,0.00,275,61,384.3,384.3,384.3
100.0,16370,-68.9,-84.0,10,0.00,280,44,394.4,394.4,394.4
91.0,16935,-69.4,-85.1,9,0.00,275,42,404.0,404.1,404.0
88.0,17135,-69.6,-85.4,8,0.00,285,33,407.6,407.6,407.6
85.0,17343,-69.8,-85.8,8,0.00,295,35,411.2,411.2,411.2
81.1,17624,-70.1,-86.4,8,0.00,287,41,416.2,416.2,416.2
80.0,17707,-69.8,-86.5,7,0.00,285,43,418.4,418.5,418.4
76.0,18015,-68.7,-87.1,6,0.00,270,32,426.9,427.0,426.9
70.0,18510,-66.9,-88.0,4,0.00,275,21,440.9,440.9,440.9
69.0,18597,-66.7,-88.2,3,0.00,275,24,443.2,443.2,443.2
67.4,18739,-66.3,-88.5,3,0.00,264,23,447.0,447.0,447.0
66.0,18869,-64.9,-88.7,2,0.00,255,23,452.8,452.8,452.8
62.0,19254,-60.6,-89.4,1,0.00,270,12,470.4,470.4,470.4
60.3,19426,-58.7,-89.7,1,0.00,301,11,478.4,478.4,478.4
59.0,19562,-59.8,-89.8,1,0.00,325,10,479.0,479.0,479.0
58.0,19668,-60.6,-89.8,1,0.00,330,15,479.5,479.5,479.5
55.1,19987,-63.1,-90.0,2,0.00,306,15,480.8,480.9,480.8
55.0,19998,-63.0,-90.0,2,0.00,305,15,481.2,481.3,481.2
54.0,20112,-62.3,-90.0,1,0.00,305,10,485.4,485.4,485.4
50.0,20590,-59.3,-90.3,1,0.00,245,2,503.3,503.3,503.3
45.0,21252,-58.9,-89.9,1,0.00,275,10,519.7,519.7,519.7
43.0,21537,-58.7,-89.7,1,0.00,225,11,526.9,527.0,526.9
42.0,21685,-58.6,-89.6,1,0.00,200,10,530.7,530.7,530.7
40.8,21867,-58.5,-89.5,1,0.00,201,12,535.4,535.4,535.4
38.0,22321,-57.0,-88.5,1,0.00,205,16,550.2,550.2,550.2
36.0,22666,-55.9,-87.7,1,0.01,150,19,561.6,561.7,561.6
33.0,23221,-54.1,-86.5,1,0.01,100,14,580.6,580.6,580.6
32.0,23418,-53.4,-86.0,1,0.01,55,19,587.4,587.5,587.4
31.0,23621,-52.8,-85.6,1,0.01,50,20,594.5,594.6,594.5
30.0,23830,-52.1,-85.1,1,0.01,55,16,602.0,602.1,602.0
29.8,23873,-51.9,-84.9,1,0.01,55,16,603.7,603.8,603.7
29.0,24049,-52.6,-85.6,1,0.01,55,14,606.5,606.6,606.5
28.4,24184,-53.1,-86.1,1,0.01,64,13,608.7,608.8,608.7
27.0,24515,-52.0,-85.3,1,0.01,85,12,620.7,620.8,620.7
26.0,24762,-51.2,-84.7,1,0.01,60,14,629.7,629.8,629.7
24.0,25286,-49.5,-83.4,1,0.02,55,10,649.3,649.5,649.3
20.0,26480,-45.5,-80.5,1,0.03,255,3,696.1,696.5,696.1
17.8,27259,-44.1,-80.1,1,0.04,251,3,724.1,724.5,724.1
17.0,27567,-44.1,-80.1,1,0.04,250,3,733.5,734.0,733.6
16.0,27973,-44.2,-80.2,1,0.04,235,10,746.2,746.6,746.2
15.0,28406,-44.3,-80.3,1,0.04,210,23,759.9,760.3,759.9
14.5,28633,-44.3,-80.3,1,0.04,,,767.1,767.6,767.2
