PRES,HGHT,TEMP,DWPT,RELH,MIXR,DRCT,SKNT,THTA,THTE,THTV
1011.0,5,20.0,12.0,60,8.78,200,7,292.2,317.5,293.8
1004.0,66,19.2,11.2,60,8.38,184,7,292.0,316.1,293.5
1000.0,101,19.8,8.8,49,7.15,175,7,292.9,313.8,294.2
994.0,153,20.0,7.0,43,6.36,170,7,293.6,312.3,294.8
947.0,566,16.9,5.2,46,5.91,130,10,294.6,312.1,295.6
925.0,766,15.4,4.4,48,5.70,115,7,295.1,311.9,296.1
893.0,1064,13.2,4.2,54,5.82,39,4,295.8,313.0,296.8
879.0,1196,12.4,3.0,53,5.45,5,2,296.2,312.5,297.2
850.0,1477,10.6,0.6,50,4.72,270,7,297.2,311.5,298.1
836.0,1615,9.7,-0.8,48,4.34,265,10,297.7,310.9,298.5
822.0,1755,8.8,-2.2,46,3.98,263,12,298.2,310.3,298.9
764.0,2350,3.2,-3.8,60,3.80,255,18,298.4,310.0,299.1
723.0,2798,-1.1,-5.0,75,3.66,273,24,298.5,309.7,299.1
708.0,2965,-1.9,-5.1,78,3.70,280,26,299.4,310.8,300.1
700.0,3056,-2.3,-5.2,80,3.73,280,30,299.9,311.4,300.6
669.0,3413,-3.9,-5.8,87,3.73,270,42,302.0,313.6,302.7
632.0,3861,-5.9,-6.5,96,3.74,267,49,304.7,316.4,305.4
613.0,4099,-6.9,-8.4,89,3.32,265,52,306.2,316.7,306.8
571.0,4651,-9.3,-12.9,75,2.49,265,49,309.7,317.8,310.1
554.0,4881,-11.3,-14.2,79,2.30,265,47,309.9,317.5,310.4
513.0,5467,-16.5,-17.7,90,1.87,269,52,310.6,316.8,310.9
503.0,5615,-15.1,-21.1,60,1.42,270,54,314.0,318.9,314.3
500.0,5660,-15.5,-22.5,55,1.26,270,54,314.1,318.5,314.3
465.0,6203,-19.9,-30.9,37,0.63,267,53,315.2,317.5,315.3
446.0,6510,-22.5,-31.7,43,0.61,265,53,315.7,317.9,315.8
433.0,6728,-24.3,-32.3,48,0.59,268,56,316.1,318.2,316.2
411.0,7105,-27.3,-38.3,34,0.34,273,61,317.0,318.2,317.0
400.0,7300,-29.1,-39.1,37,0.32,275,64,317.1,318.3,317.1
361.0,8026,-36.1,-42.1,54,0.26,275,77,317.1,318.2,317.2
316.0,8940,-42.7,-47.7,58,0.16,275,95,320.3,320.9,320.3
310.0,9069,-43.9,-48.7,59,0.15,275,97,320.4,321.0,320.4
300.0,9290,-45.9,-50.4,60,0.13,275,96,320.6,321.1,320.6
287.0,9582,-48.5,-52.1,66,0.11,272,91,320.9,321.4,320.9
279.0,9766,-50.3,-54.9,58,0.08,270,88,320.9,321.3,320.9
269.0,10004,-49.3,-69.3,8,0.01,268,84,325.8,325.8,325.8
250.0,10480,-50.9,-75.9,4,0.01,265,76,330.3,330.3,330.3
231.0,10994,-51.3,-77.2,3,0.00,255,70,337.1,337.2,337.1
209.0,11645,-51.9,-78.9,3,0.00,255,71,346.0,346.1,346.0
200.0,11930,-52.9,-81.9,2,0.00,255,72,348.8,348.9,348.8
187.0,12359,-54.7,-83.0,2,0.00,255,68,352.7,352.7,352.7
166.0,13120,-57.9,-84.9,2,0.00,260,70,359.6,359.6,359.6
154.0,13594,-57.5,-85.9,2,0.00,265,77,368.1,368.1,368.1
150.0,13760,-57.3,-86.3,1,0.00,265,75,371.1,371.2,371.1
141.0,14150,-57.9,-86.9,1,0.00,265,72,376.7,376.7,376.7
130.0,14658,-59.9,-88.9,1,0.00,265,68,382.0,382.0,382.0
117.0,15314,-60.3,-88.8,1,0.00,265,62,392.9,392.9,392.9
106.0,15928,-60.7,-88.7,1,0.00,250,57,403.4,403.5,403.4
100.0,16290,-60.9,-88.7,1,0.00,260,54,409.8,409.8,409.8
95.8,16556,-62.5,-88.6,2,0.00,260,61,411.7,411.7,411.7
95.0,16608,-62.3,-88.6,2,0.00,260,62,413.2,413.2,413.2
83.5,17411,-58.5,-88.5,1,0.00,207,27,436.3,436.4,436.3
83.0,17449,-58.6,-88.5,1,0.00,205,25,436.8,436.8,436.8
80.0,17678,-59.4,-88.5,1,0.00,210,12,439.8,439.8,439.8
78.0,17836,-60.0,-88.5,1,0.00,265,6,441.9,441.9,441.9
75.0,18080,-60.8,-88.6,1,0.00,320,10,445.1,445.1,445.1
73.0,18249,-61.4,-88.6,2,0.00,330,19,447.3,447.3,447.3
70.0,18510,-62.3,-88.6,2,0.00,320,23,450.8,450.8,450.8
69.0,18599,-62.7,-88.6,2,0.00,305,21,451.8,451.8,451.8
67.9,18698,-63.1,-88.6,2,0.00,296,20,453.0,453.0,453.0
66.0,18873,-62.9,-88.6,2,0.00,280,18,457.1,457.1,457.1
64.0,19063,-62.7,-88.7,2,0.00,295,22,461.6,461.6,461.6
62.0,19259,-62.5,-88.7,2,0.00,280,26,466.3,466.3,466.3
60.6,19400,-62.3,-88.7,2,0.00,258,22,469.7,469.7,469.7
58.1,19663,-58.7,-88.7,1,0.00,217,13,483.5,483.5,483.5
58.0,19674,-58.7,-88.7,1,0.00,215,13,483.8,483.8,483.8
53.0,20242,-58.0,-88.6,1,0.00,230,10,498.1,498.1,498.1
50.0,20610,-57.5,-88.5,1,0.00,210,10,507.5,507.6,507.5
49.0,20739,-57.3,-88.4,1,0.00,225,7,511.0,511.1,511.0
46.0,21141,-56.5,-88.1,1,0.00,195,10,522.1,522.1,522.1
44.0,21424,-56.0,-87.9,1,0.00,150,13,530.0,530.0,530.0
42.0,21720,-55.5,-87.7,1,0.00,150,14,538.4,538.5,538.4
38.0,22358,-54.3,-87.2,1,0.01,110,15,557.0,557.0,557.0
37.2,22493,-54.1,-87.1,1,0.01,111,15,561.0,561.0,561.0
35.4,22810,-55.5,-87.5,1,0.01,114,17,565.4,565.4,565.4
32.0,23457,-54.4,-87.0,1,0.01,120,19,584.9,584.9,584.9
30.0,23870,-53.7,-86.7,1,0.01,95,17,597.6,597.7,597.6
29.0,24090,-53.1,-86.3,1,0.01,90,15,605.0,605.1,605.0
26.0,24798,-51.3,-84.9,1,0.01,100,14,629.3,629.4,629.3
25.0,25053,-50.7,-84.4,1,0.01,125,10,638.3,638.4,638.3
24.0,25318,-50.0,-83.8,1,0.01,80,13,647.7,647.9,647.7
23.0,25594,-49.3,-83.3,1,0.02,,,657.7,657.9,657.7
