PRES,HGHT,TEMP,DWPT,RELH,MIXR,DRCT,SKNT,THTA,THTE,THTV
1015.0,5,15.0,7.0,59,6.23,205,7,286.9,304.7,288.0
1000.0,128,13.4,6.4,63,6.06,185,6,286.6,303.8,287.6
995.0,170,13.0,6.0,62,5.93,181,6,286.6,303.4,287.6
987.0,238,14.4,3.4,48,4.97,173,7,288.6,303.1,289.5
925.0,782,11.2,1.2,50,4.53,115,9,290.8,304.1,291.6
858.0,1404,6.9,-0.4,60,4.35,335,3,292.6,305.5,293.4
850.0,1482,6.4,-0.6,61,4.33,285,4,292.8,305.7,293.6
847.0,1511,6.2,-0.8,61,4.28,284,4,292.9,305.7,293.7
832.0,1658,7.8,-13.2,21,1.67,279,6,296.1,301.4,296.4
791.0,2073,5.6,-10.4,31,2.21,265,10,298.1,305.1,298.5
783.0,2156,5.2,-9.8,33,2.33,265,11,298.5,305.8,298.9
700.0,3064,0.6,-18.4,23,1.29,265,20,303.1,307.4,303.4
692.0,3156,0.0,-19.0,22,1.24,266,22,303.4,307.6,303.7
642.0,3756,-1.3,-31.3,8,0.44,269,32,308.6,310.1,308.6
610.0,4161,-3.9,-35.9,6,0.29,271,39,310.1,311.2,310.1
589.0,4437,-5.7,-21.7,27,1.15,273,44,311.1,315.1,311.3
570.0,4693,-6.7,-43.7,3,0.14,274,49,312.9,313.4,312.9
556.0,4887,-8.5,-24.9,25,0.92,275,52,313.0,316.2,313.2
551.0,4957,-9.1,-18.1,48,1.68,275,52,313.1,318.8,313.4
512.0,5520,-14.3,-19.3,66,1.63,279,54,313.4,319.0,313.7
500.0,5700,-15.1,-26.1,39,0.91,280,55,314.6,317.8,314.7
499.0,5715,-15.3,-26.3,38,0.90,280,55,314.5,317.7,314.7
475.0,6084,-18.5,-31.5,31,0.58,280,57,315.0,317.1,315.1
474.0,6100,-18.6,-32.1,29,0.55,280,57,315.1,317.1,315.2
444.0,6584,-20.3,-50.9,5,0.08,275,73,318.9,319.2,318.9
430.0,6821,-21.1,-60.1,2,0.03,275,75,320.8,320.9,320.8
400.0,7350,-24.5,-61.5,2,0.02,275,79,323.1,323.2,323.1
372.0,7875,-27.5,-63.5,2,0.02,275,81,325.9,325.9,325.9
321.0,8914,-36.7,-63.7,4,0.02,275,84,327.1,327.2,327.1
300.0,9380,-38.9,-68.9,3,0.01,275,85,330.4,330.5,330.4
250.0,10620,-45.7,-73.7,3,0.01,275,102,338.0,338.0,338.0
200.0,12090,-51.5,-80.5,2,0.00,275,114,351.1,351.1,351.1
186.0,12550,-53.8,-81.7,2,0.00,275,114,354.6,354.6,354.6
154.0,13746,-59.9,-84.9,2,0.00,271,96,363.9,363.9,363.9
150.0,13910,-59.9,-84.9,2,0.00,270,94,366.7,366.7,366.7
117.0,15439,-66.0,-85.8,5,0.00,285,73,382.3,382.3,382.3
113.0,15654,-66.9,-86.0,5,0.00,275,70,384.5,384.6,384.5
109.0,15873,-65.3,-86.1,4,0.00,260,62,391.5,391.5,391.5
105.0,16102,-63.7,-86.2,3,0.00,267,56,398.8,398.8,398.8
100.0,16400,-65.7,-86.4,4,0.00,275,49,400.5,400.5,400.5
97.1,16579,-66.7,-86.5,5,0.00,270,49,402.0,402.0,402.0
94.0,16776,-66.5,-86.7,4,0.00,265,48,406.1,406.1,406.1
89.0,17109,-66.2,-86.9,4,0.00,280,45,413.0,413.1,413.0
84.0,17461,-65.9,-87.1,4,0.00,260,43,420.6,420.6,420.6
79.0,17834,-65.6,-87.3,3,0.00,285,31,428.7,428.7,428.7
76.0,18070,-65.3,-87.5,3,0.00,265,35,433.9,433.9,433.9
71.0,18484,-65.0,-87.7,3,0.00,290,29,443.2,443.2,443.2
70.0,18570,-64.9,-87.8,3,0.00,285,31,445.2,445.2,445.2
69.4,18622,-65.1,-87.8,3,0.00,280,30,445.9,445.9,445.9
67.0,18839,-64.5,-87.9,3,0.00,260,28,451.7,451.7,451.7
60.0,19516,-62.6,-88.3,2,0.00,285,15,470.4,470.4,470.4
57.0,19832,-61.7,-88.5,2,0.00,275,14,479.4,479.4,479.4
54.0,20164,-60.8,-88.8,1,0.00,310,19,489.0,489.0,489.0
53.8,20187,-60.7,-88.8,1,0.00,310,17,489.7,489.7,489.7
53.0,20279,-61.0,-88.8,1,0.00,310,11,491.2,491.2,491.2
51.0,20517,-61.6,-89.0,2,0.00,340,15,495.1,495.2,495.1
50.0,20640,-61.9,-89.0,2,0.00,325,10,497.2,497.2,497.2
48.0,20891,-62.9,-89.2,2,0.00,255,10,500.7,500.7,500.7
45.0,21288,-64.4,-89.4,2,0.00,310,10,506.3,506.4,506.3
44.8,21315,-64.5,-89.5,2,0.00,306,10,506.7,506.7,506.7
42.0,21714,-59.9,-89.7,1,0.00,245,10,527.6,527.6,527.6
41.9,21729,-59.7,-89.7,1,0.00,248,9,528.4,528.4,528.4
41.0,21864,-60.3,-89.5,1,0.00,280,3,530.2,530.2,530.2
40.1,22003,-60.9,-89.4,1,0.00,271,5,532.0,532.1,532.0
38.0,22341,-59.9,-89.0,1,0.00,250,10,542.9,543.0,542.9
37.0,22509,-59.4,-88.9,1,0.00,225,10,548.4,548.4,548.4
34.0,23041,-57.7,-88.3,1,0.00,335,13,566.1,566.1,566.1
31.0,23623,-55.9,-87.7,1,0.01,330,10,586.0,586.1,586.0
30.3,23767,-55.5,-87.5,1,0.01,239,6,591.1,591.1,591.1
30.0,23830,-55.7,-87.7,1,0.01,200,4,592.2,592.3,592.2
29.0,24046,-56.0,-87.6,1,0.01,180,10,597.1,597.2,597.1
28.0,24269,-56.3,-87.4,1,0.01,185,10,602.2,602.3,602.2
26.0,24740,-57.0,-87.1,1,0.01,0,0,613.1,613.2,613.1
25.8,24789,-57.1,-87.1,1,0.01,1,2,614.3,614.4,614.3
25.0,24991,-56.5,-86.8,1,0.01,5,10,621.4,621.5,621.4
24.0,25252,-55.8,-86.4,1,0.01,275,10,630.8,630.9,630.8
22.0,25809,-54.3,-85.6,1,0.01,270,16,651.3,651.4,651.3
20.1,26388,-52.7,-84.7,1,0.02,289,18,673.1,673.3,673.2
20.0,26420,-52.7,-85.7,1,0.01,290,18,674.1,674.2,674.1
18.0,27097,-54.0,-85.7,1,0.01,300,19,690.8,690.9,690.8
17.0,27464,-54.6,-85.7,1,0.02,270,18,700.0,700.1,700.0
16.9,27502,-54.7,-85.7,1,0.02,268,18,700.9,701.1,700.9
16.0,27854,-51.8,-84.6,1,0.02,250,23,721.3,721.5,721.3
15.9,27895,-51.5,-84.5,1,0.02,254,23,723.7,723.9,723.7
15.0,28274,-51.0,-84.0,1,0.02,295,22,737.4,737.6,737.4
14.0,28722,-50.5,-83.5,1,0.03,,,753.9,754.2,753.9
