PRES,HGHT,TEMP,DWPT,RELH,MIXR,DRCT,SKNT,THTA,THTE,THTV
1023.0,5,21.6,19.3,87,13.97,205,9,292.8,332.7,295.3
1000.0,204,18.8,17.2,90,12.50,165,7,291.9,327.5,294.1
956.0,588,16.7,15.2,91,11.47,100,9,293.6,326.6,295.6
925.0,870,15.2,13.7,91,10.76,90,9,294.8,325.9,296.8
899.0,1112,13.8,12.8,94,10.43,90,10,295.8,326.1,297.7
892.0,1178,13.5,12.3,93,10.20,90,10,296.2,325.8,298.0
850.0,1585,11.6,9.5,87,8.84,90,12,298.3,324.4,299.9
832.0,1763,10.8,7.5,80,7.85,90,12,299.2,322.6,300.7
794.0,2153,9.0,3.0,66,6.02,74,13,301.4,319.6,302.5
786.0,2237,8.4,3.4,71,6.26,70,13,301.7,320.6,302.8
751.0,2612,6.0,5.3,95,7.49,98,10,302.9,325.6,304.3
748.0,2645,5.8,5.2,95,7.45,100,10,303.1,325.7,304.5
727.0,2878,4.8,4.2,96,7.16,59,7,304.5,326.3,305.8
719.0,2969,4.2,-0.3,73,5.23,43,6,304.8,321.0,305.7
705.0,3129,5.4,-13.6,24,1.91,15,4,307.8,314.1,308.2
700.0,3187,5.6,-16.4,19,1.52,5,3,308.6,313.8,308.9
693.0,3269,5.8,-20.2,13,1.11,4,2,309.8,313.6,310.0
659.0,3676,3.9,-26.7,9,0.66,0,0,312.2,314.5,312.3
602.0,4407,0.6,-38.4,4,0.23,344,4,316.5,317.4,316.5
590.0,4568,0.6,-24.4,13,0.90,340,5,318.3,321.5,318.5
529.0,5427,-5.9,-25.6,19,0.90,320,10,320.5,323.8,320.7
500.0,5870,-9.3,-26.3,24,0.90,340,19,321.6,324.9,321.8
495.0,5947,-10.1,-26.5,25,0.89,340,20,321.6,324.9,321.8
468.0,6378,-14.3,-27.7,31,0.84,340,20,321.6,324.7,321.8
464.0,6443,-14.9,-27.9,32,0.84,332,21,321.6,324.6,321.8
455.0,6592,-15.7,-31.7,24,0.60,315,23,322.4,324.6,322.5
445.0,6760,-14.8,-45.3,6,0.15,295,25,325.6,326.2,325.6
444.0,6777,-14.7,-46.7,5,0.13,295,25,325.9,326.5,326.0
400.0,7560,-21.1,-48.1,7,0.12,280,28,327.5,328.0,327.5
396.0,7634,-21.7,-46.7,9,0.15,278,28,327.6,328.2,327.7
391.0,7726,-22.4,-46.2,10,0.15,275,29,327.9,328.6,327.9
351.0,8511,-28.3,-42.3,25,0.26,284,30,330.2,331.3,330.3
346.0,8612,-28.9,-43.6,23,0.23,285,30,330.7,331.7,330.8
321.0,9144,-32.3,-50.7,14,0.11,265,44,333.2,333.7,333.3
311.0,9369,-33.7,-53.7,12,0.08,265,46,334.3,334.7,334.3
300.0,9620,-35.9,-54.9,12,0.07,265,49,334.7,335.0,334.7
250.0,10860,-46.5,-63.5,13,0.03,270,56,336.8,336.9,336.8
242.0,11074,-48.5,-63.5,16,0.03,270,59,336.9,337.1,336.9
239.0,11155,-48.8,-64.2,15,0.03,270,60,337.6,337.8,337.7
205.0,12152,-52.9,-72.9,7,0.01,279,83,346.4,346.4,346.4
200.0,12310,-54.1,-75.1,6,0.01,280,87,346.9,347.0,346.9
174.0,13190,-59.9,-77.9,8,0.01,280,105,351.5,351.5,351.5
161.0,13670,-63.9,,,,280,101,352.6,,352.6
155.0,13901,-65.6,,,,280,99,353.5,,353.5
150.0,14100,-67.1,,,,275,92,354.3,,354.3
137.0,14643,-69.7,,,,280,69,359.0,,359.0
136.0,14687,-69.9,,,,275,69,359.4,,359.4
127.0,15095,-68.1,,,,257,54,369.8,,369.8
126.0,15143,-68.2,,,,255,52,370.4,,370.4
118.0,15534,-68.9,,,,270,34,376.1,,376.1
113.0,15792,-69.4,,,,275,42,379.9,,379.9
100.0,16520,-70.7,,,,280,22,390.9,,390.9
92.0,17008,-72.8,,,,300,30,396.1,,396.1
87.0,17336,-74.2,,,,280,18,399.7,,399.7
85.0,17472,-74.8,,,,290,13,401.1,,401.1
84.7,17493,-74.9,,,,290,13,401.4,,401.4
83.0,17610,-74.9,,,,315,9,403.7,,403.7
81.0,17752,-74.9,,,,330,9,406.5,,406.5
80.4,17795,-74.9,,,,327,9,407.4,,407.4
78.0,17972,-72.8,,,,315,11,415.3,,415.3
76.0,18125,-71.0,,,,310,10,422.2,,422.2
75.7,18148,-70.7,,,,311,10,423.2,,423.2
70.0,18610,-71.7,,,,325,8,430.7,,430.7
67.0,18869,-72.3,,,,265,4,434.8,,434.8
66.0,18958,-72.1,,,,245,3,437.1,,437.1
63.0,19234,-71.4,,,,130,9,444.5,,444.5
58.6,19664,-70.3,,,,130,10,456.2,,456.2
58.0,19726,-69.7,,,,130,10,458.9,,458.9
54.0,20161,-65.8,,,,95,16,477.3,,477.3
51.0,20508,-62.7,,,,90,24,492.5,,492.5
50.8,20532,-62.5,,,,88,24,493.5,,493.5
50.0,20630,-62.7,,,,80,23,495.3,,495.3
49.0,20756,-62.3,,,,65,18,499.1,,499.1
47.0,21017,-61.6,,,,80,16,506.9,,506.9
45.0,21289,-60.8,,,,55,14,515.2,,515.2
44.0,21429,-60.3,,,,65,11,519.5,,519.5
43.0,21573,-59.9,,,,85,13,524.0,,524.0
40.0,22026,-58.6,,,,80,13,538.3,,538.3
36.0,22684,-56.6,,,,100,20,559.8,,559.8
35.0,22861,-56.1,,,,90,25,565.6,,565.6
34.0,23047,-55.2,,,,75,24,572.6,,572.6
30.0,23850,-51.5,,,,100,17,603.6,,603.6
25.0,25044,-48.7,,,,95,17,643.9,,643.9
23.0,25591,-47.4,,,,65,11,663.2,,663.2
22.0,25882,-46.7,,,,85,15,673.7,,673.7
21.1,26155,-46.1,,,,81,17,683.8,,683.8
20.0,26510,-46.7,,,,75,20,692.5,,692.5
18.3,27097,-48.3,,,,83,18,705.2,,705.2
18.0,27207,-47.9,,,,85,18,709.7,,709.7
15.0,28418,-43.9,,,,,,761.1,,761.1
