PRES,HGHT,TEMP,DWPT,RELH,MIXR,DRCT,SKNT,THTA,THTE,THTV
1017.0,5,25.0,19.0,69,13.79,5,13,296.7,336.7,299.2
1000.0,149,23.4,19.5,79,14.48,10,13,296.6,338.5,299.1
985.0,280,22.2,19.1,83,14.32,15,14,296.6,338.1,299.2
961.0,495,20.2,18.4,89,14.06,35,13,296.7,337.5,299.2
950.0,594,19.5,17.6,89,13.50,45,12,297.0,336.2,299.4
936.0,722,18.7,16.5,87,12.80,35,12,297.4,334.7,299.7
925.0,824,18.0,15.7,86,12.27,55,11,297.7,333.5,299.9
923.0,843,17.8,15.7,88,12.30,57,11,297.7,333.6,299.9
917.0,898,17.5,14.8,84,11.69,65,10,298.0,332.1,300.1
910.0,964,17.2,13.8,80,11.01,65,10,298.3,330.6,300.2
858.0,1464,13.9,12.2,89,10.48,65,6,299.9,330.9,301.8
850.0,1544,13.4,11.9,91,10.40,55,6,300.2,330.9,302.1
839.0,1654,12.8,12.3,97,10.82,28,3,300.7,332.7,302.6
830.0,1745,12.8,12.7,99,11.24,5,1,301.6,335.0,303.6
828.0,1765,12.7,12.6,99,11.19,0,0,301.7,335.0,303.7
777.0,2299,10.4,10.0,97,10.02,0,8,304.8,335.0,306.6
770.0,2374,11.6,8.1,79,8.88,0,9,306.8,333.9,308.5
766.0,2418,12.2,-10.8,19,2.20,0,10,307.9,315.2,308.3
764.0,2440,12.2,-14.3,14,1.66,0,10,308.2,313.7,308.5
762.0,2462,12.2,-17.8,11,1.25,4,10,308.4,312.6,308.6
753.0,2561,11.6,-17.6,11,1.28,20,11,308.8,313.2,309.0
729.0,2831,10.0,-17.0,13,1.39,29,8,309.9,314.6,310.2
724.0,2888,9.4,-4.6,37,3.77,31,7,309.9,322.0,310.6
720.0,2934,9.8,-16.2,14,1.51,32,7,310.8,315.9,311.1
703.0,3132,8.4,-2.6,46,4.52,39,4,311.4,325.8,312.2
700.0,3167,8.2,-2.8,46,4.47,40,4,311.5,325.9,312.4
662.0,3626,5.0,-8.0,38,3.18,11,3,312.9,323.4,313.5
651.0,3762,3.8,-2.2,65,5.03,2,3,313.1,329.2,314.0
646.0,3825,4.0,-12.0,30,2.37,358,3,314.0,321.9,314.4
639.0,3913,3.2,-9.8,38,2.86,352,3,314.1,323.5,314.6
636.0,3951,3.1,-15.7,24,1.78,350,3,314.4,320.4,314.7
625.0,4093,2.6,-37.4,3,0.25,348,6,315.4,316.3,315.4
613.0,4248,1.5,-40.5,3,0.18,345,10,315.9,316.6,315.9
588.0,4582,-0.7,-47.0,2,0.09,315,10,317.1,317.4,317.1
584.0,4637,-1.1,-48.1,1,0.08,320,10,317.2,317.6,317.3
576.0,4747,-1.5,-47.5,2,0.09,330,10,318.0,318.4,318.0
547.0,5157,-3.1,-45.1,2,0.13,313,16,320.9,321.4,320.9
535.0,5331,-4.7,-44.2,3,0.14,305,19,321.0,321.6,321.1
520.0,5555,-6.6,-43.1,4,0.16,310,19,321.3,321.9,321.3
518.0,5585,-6.9,-42.9,4,0.17,308,19,321.3,322.0,321.3
501.0,5844,-8.4,-38.8,7,0.27,295,18,322.5,323.6,322.6
500.0,5860,-8.5,-38.5,7,0.28,295,18,322.6,323.7,322.7
476.0,6236,-10.9,-43.6,5,0.17,315,23,324.2,324.9,324.2
448.0,6700,-13.9,-49.9,3,0.09,306,28,326.1,326.5,326.1
432.0,6973,-15.6,-50.9,3,0.08,300,31,327.4,327.7,327.4
412.0,7328,-17.7,-52.3,3,0.07,300,27,329.1,329.4,329.1
400.0,7550,-19.1,-53.1,3,0.07,305,23,330.1,330.4,330.1
388.0,7776,-20.8,-50.5,5,0.10,315,23,330.7,331.1,330.7
386.0,7815,-21.1,-50.1,6,0.10,315,23,330.8,331.3,330.9
377.0,7989,-22.5,-33.5,36,0.60,315,23,331.2,333.5,331.3
372.0,8087,-23.1,-54.1,4,0.07,315,22,331.7,332.0,331.7
364.0,8245,-24.4,-43.0,16,0.24,315,22,332.0,333.0,332.1
356.0,8408,-25.7,-31.7,57,0.76,315,22,332.4,335.3,332.5
352.0,8490,-26.5,-36.5,38,0.48,315,23,332.4,334.3,332.5
343.0,8677,-27.7,-31.6,69,0.80,315,23,333.2,336.3,333.4
338.0,8782,-28.3,-36.3,46,0.51,315,23,333.8,335.8,333.9
330.0,8954,-29.5,-32.2,77,0.78,315,24,334.4,337.4,334.6
322.0,9129,-30.4,-36.0,59,0.55,315,24,335.5,337.7,335.6
315.0,9286,-31.3,-39.3,45,0.40,307,24,336.4,338.0,336.5
300.0,9630,-33.9,-46.9,26,0.19,290,25,337.5,338.3,337.5
299.0,9653,-34.3,-47.3,26,0.18,290,25,337.2,338.0,337.3
260.0,10609,-43.5,-52.5,36,0.11,290,29,337.5,337.9,337.5
257.0,10686,-44.3,-52.4,40,0.12,290,29,337.4,337.9,337.5
250.0,10870,-46.1,-52.1,51,0.12,285,28,337.4,337.9,337.4
244.0,11032,-47.5,-51.9,60,0.13,282,30,337.6,338.2,337.7
230.0,11421,-51.1,-58.1,43,0.07,276,33,337.9,338.2,337.9
228.0,11478,-51.5,-59.5,38,0.06,275,34,338.1,338.4,338.1
218.0,11769,-53.7,-66.7,19,0.02,278,35,339.1,339.2,339.1
210.0,12008,-55.5,-66.8,23,0.02,280,36,339.9,340.0,339.9
200.0,12320,-57.9,-66.9,31,0.02,290,32,340.9,341.0,340.9
198.0,12383,-58.5,-67.2,32,0.02,290,32,341.0,341.1,341.0
193.0,12543,-59.9,-67.9,34,0.02,289,30,341.2,341.3,341.2
178.0,13042,-64.3,,,,285,25,342.0,,342.0
162.0,13614,-66.3,,,,260,44,347.9,,347.9
156.0,13843,-67.1,,,,280,42,350.4,,350.4
153.0,13960,-66.2,,,,285,43,353.8,,353.8
150.0,14080,-65.3,,,,285,45,357.4,,357.4
145.0,14287,-64.8,,,,285,58,361.7,,361.7
137.0,14633,-64.1,,,,285,39,368.9,,368.9
133.0,14811,-65.1,,,,295,40,370.2,,370.2
123.0,15279,-67.9,,,,280,46,373.6,,373.6
112.0,15841,-71.2,,,,290,28,377.6,,377.6
109.0,16004,-72.1,,,,291,28,378.7,,378.7
100.0,16510,-72.9,,,,295,27,386.6,,386.6
95.0,16809,-74.2,,,,295,37,389.9,,389.9
92.2,16983,-74.9,,,,285,34,391.8,,391.8
89.0,17190,-74.0,,,,285,24,397.5,,397.5
87.0,17323,-73.4,,,,300,20,401.3,,401.3
82.0,17669,-71.9,,,,235,10,411.2,,411.2
80.7,17763,-71.5,,,,244,7,413.9,,413.9
79.0,17888,-71.7,,,,255,3,416.0,,416.0
76.0,18116,-72.1,,,,310,10,419.9,,419.9
72.7,18377,-72.5,,,,346,11,424.3,,424.3
71.0,18516,-71.5,,,,5,11,429.4,,429.4
70.0,18600,-70.9,,,,5,12,432.4,,432.4
69.0,18686,-70.4,,,,350,14,435.2,,435.2
68.0,18774,-69.9,,,,335,16,438.1,,438.1
67.0,18863,-69.4,,,,325,14,441.0,,441.0
66.0,18953,-68.9,,,,270,11,444.0,,444.0
64.0,19138,-67.9,,,,245,6,450.2,,450.2
61.0,19426,-66.2,,,,165,4,460.1,,460.1
60.4,19486,-65.9,,,,176,4,462.1,,462.1
53.0,20284,-64.5,,,,325,1,482.9,,482.9
50.0,20640,-63.9,,,,135,7,492.5,,492.5
49.0,20765,-63.7,,,,130,10,495.9,,495.9
48.0,20893,-63.5,,,,90,14,499.3,,499.3
46.0,21156,-63.0,,,,85,17,506.6,,506.6
45.0,21292,-62.7,,,,75,15,510.4,,510.4
42.0,21719,-62.0,,,,95,11,522.4,,522.4
40.0,22021,-61.4,,,,80,21,531.1,,531.1
39.0,22178,-61.1,,,,80,12,535.7,,535.7
38.0,22339,-60.9,,,,105,12,540.4,,540.4
36.0,22673,-60.3,,,,105,21,550.3,,550.3
35.0,22848,-60.0,,,,80,28,555.6,,555.6
34.0,23027,-59.6,,,,90,30,561.1,,561.1
33.0,23212,-59.3,,,,85,32,566.8,,566.8
31.0,23604,-58.5,,,,70,25,579.1,,579.1
30.0,23810,-58.1,,,,80,19,585.7,,585.7
28.0,24247,-57.9,,,,70,20,598.0,,598.0
27.0,24477,-57.8,,,,85,23,604.5,,604.5
24.0,25224,-57.4,,,,75,29,626.3,,626.3
23.0,25493,-57.2,,,,55,30,634.4,,634.4
22.0,25775,-57.1,,,,60,24,643.0,,643.0
20.8,26130,-56.9,,,,60,22,653.9,,653.9
20.0,26380,-55.7,,,,60,20,664.9,,664.9
19.0,26710,-54.5,,,,75,16,678.6,,678.6
16.1,27777,-50.5,,,,94,26,724.4,,724.4
16.0,,,,,,95,26,,,
