PRES,HGHT,TEMP,DWPT,RELH,MIXR,DRCT,SKNT,THTA,THTE,THTV
1019.0,5,24.2,17.2,65,12.26,170,6,295.8,331.2,297.9
1000.0,165,21.8,15.8,69,11.41,150,9,294.9,327.9,297.0
983.0,313,20.4,15.4,73,11.31,140,10,295.0,327.7,297.0
935.0,745,16.4,14.2,87,11.00,132,15,295.2,327.0,297.1
925.0,837,15.8,13.7,87,10.76,130,16,295.5,326.6,297.4
882.0,1238,13.0,11.7,92,9.86,130,16,296.6,325.4,298.4
850.0,1550,10.8,10.1,95,9.21,140,12,297.4,324.5,299.1
849.0,1560,10.8,10.2,96,9.28,141,12,297.6,324.8,299.2
811.0,1940,7.6,2.6,71,5.72,170,10,298.1,315.2,299.1
807.0,1981,7.8,-4.2,42,3.49,170,10,298.7,309.4,299.3
797.0,2084,11.2,-11.8,19,1.95,170,11,303.4,309.7,303.8
710.0,3040,7.0,-35.0,3,0.28,170,21,308.9,310.0,309.0
700.0,3156,6.4,-27.6,7,0.57,170,22,309.5,311.6,309.6
655.0,3697,2.6,-8.4,44,3.11,170,23,311.2,321.3,311.8
654.0,3709,2.6,-8.8,43,3.02,170,23,311.3,321.2,311.9
628.0,4036,2.0,-19.0,19,1.36,168,21,314.3,319.0,314.5
577.0,4711,-1.5,-23.7,17,0.99,165,16,317.9,321.4,318.1
552.0,5064,-3.3,-26.1,15,0.83,180,20,319.7,322.7,319.9
542.0,5210,-4.1,-27.1,15,0.77,177,21,320.5,323.3,320.6
522.0,5504,-6.2,-26.8,18,0.82,170,22,321.5,324.5,321.7
500.0,5840,-8.5,-26.5,22,0.88,180,16,322.6,325.8,322.8
480.0,6155,-11.1,-27.1,25,0.87,183,18,323.2,326.4,323.4
426.0,7057,-17.3,-39.8,12,0.28,190,23,326.5,327.6,326.5
407.0,7401,-19.7,-44.7,9,0.18,181,16,327.7,328.4,327.7
404.0,7456,-20.1,-45.1,9,0.17,180,15,327.8,328.5,327.8
400.0,7530,-20.7,-45.7,9,0.16,175,15,328.0,328.7,328.0
380.0,7898,-23.7,-48.7,8,0.12,150,26,328.8,329.3,328.9
319.0,9154,-34.1,-59.1,6,0.04,154,40,331.3,331.5,331.3
300.0,9580,-36.9,-62.9,5,0.03,155,45,333.2,333.4,333.2
293.0,9742,-38.1,-63.9,5,0.02,155,46,333.7,333.8,333.7
274.0,10203,-41.7,-66.7,5,0.02,148,41,335.0,335.1,335.1
253.0,10740,-45.4,-66.9,7,0.02,140,36,337.4,337.4,337.4
250.0,10820,-45.9,-66.9,8,0.02,140,35,337.7,337.8,337.7
233.0,11283,-49.7,-67.9,10,0.02,145,27,338.8,338.9,338.9
226.0,11484,-51.3,-68.3,11,0.02,159,24,339.3,339.4,339.3
223.0,11570,-51.8,-68.8,11,0.02,165,22,339.8,339.9,339.8
214.0,11835,-53.4,-70.3,11,0.01,180,23,341.4,341.5,341.5
200.0,12270,-55.9,-72.9,10,0.01,185,25,344.1,344.1,344.1
189.0,12626,-58.3,-74.1,11,0.01,185,30,345.8,345.9,345.8
182.0,12863,-59.9,-74.9,12,0.01,183,27,347.0,347.0,347.0
173.0,13174,-61.5,,,,180,24,349.4,,349.4
167.0,13391,-62.6,,,,190,20,351.2,,351.2
162.0,13578,-63.5,,,,220,17,352.6,,352.6
157.0,13770,-64.5,,,,250,22,354.1,,354.1
150.0,14050,-65.9,,,,255,31,356.4,,356.4
141.0,14424,-67.3,,,,230,20,360.3,,360.3
138.0,14554,-67.7,,,,240,12,361.7,,361.7
136.0,14642,-68.1,,,,260,10,362.7,,362.7
133.0,14776,-68.5,,,,280,12,364.1,,364.1
124.0,15200,-70.1,,,,270,20,368.7,,368.7
109.0,15973,-69.3,,,,265,17,384.1,,384.1
100.0,16490,-68.7,,,,300,21,394.7,,394.7
96.0,16733,-69.4,,,,305,22,398.0,,398.0
92.1,16980,-70.1,,,,281,27,401.4,,401.4
92.0,16986,-70.1,,,,280,27,401.5,,401.5
83.0,17602,-68.9,,,,230,20,415.9,,415.9
80.0,17822,-68.5,,,,190,10,421.2,,421.2
71.0,18535,-67.1,,,,0,0,438.8,,438.8
70.0,18620,-66.9,,,,165,2,440.9,,440.9
68.0,18794,-67.0,,,,135,10,444.3,,444.3
65.0,19066,-67.2,,,,95,10,449.7,,449.7
59.0,19649,-67.6,,,,100,10,461.4,,461.4
57.8,19773,-67.7,,,,78,10,463.9,,463.9
56.0,19965,-64.5,,,,45,10,475.4,,475.4
54.9,20086,-62.5,,,,61,10,482.7,,482.7
52.0,20419,-63.1,,,,105,10,488.9,,488.9
50.0,20660,-63.5,,,,85,19,493.4,,493.4
49.5,20722,-63.7,,,,79,19,494.4,,494.4
48.0,20914,-63.0,,,,60,20,500.4,,500.4
46.0,21180,-62.0,,,,85,16,508.8,,508.8
44.0,21458,-61.0,,,,60,19,517.8,,517.8
41.0,21899,-59.5,,,,90,20,532.3,,532.3
39.0,22211,-58.3,,,,75,23,542.8,,542.8
37.0,22540,-57.1,,,,60,22,554.0,,554.0
36.6,22608,-56.9,,,,65,20,556.4,,556.4
35.0,22892,-57.0,,,,85,14,563.2,,563.2
32.0,23460,-57.3,,,,79,23,577.1,,577.1
30.0,23870,-55.9,,,,75,29,591.6,,591.6
28.2,24265,-52.9,,,,78,25,610.5,,610.5
24.0,25310,-51.6,,,,85,13,643.1,,643.1
23.0,25585,-51.2,,,,115,10,652.0,,652.0
22.0,25873,-50.9,,,,110,12,661.4,,661.4
21.0,26174,-50.5,,,,135,13,671.4,,671.4
20.0,26490,-50.1,,,,125,14,682.1,,682.1
19.0,26826,-49.5,,,,130,16,693.9,,693.9
18.6,26965,-49.3,,,,,,698.9,,698.9
15.0,28380,-47.5,,,,,,749.1,,749.1
