PRES,HGHT,TEMP,DWPT,RELH,MIXR,DRCT,SKNT,THTA,THTE,THTV
1011.0,5,24.2,14.2,54,10.16,125,8,296.4,326.1,298.2
1006.0,49,22.2,12.2,53,8.95,127,9,294.9,320.9,296.4
1000.0,101,21.8,12.8,57,9.37,130,10,294.9,322.2,296.6
940.0,633,16.7,11.9,73,9.41,150,11,295.0,322.4,296.7
925.0,771,15.4,11.7,79,9.42,150,13,295.1,322.4,296.7
909.0,919,14.0,11.3,84,9.32,145,14,295.1,322.2,296.8
902.0,984,13.4,11.1,86,9.28,143,13,295.1,322.1,296.8
878.0,1212,12.2,10.9,92,9.41,136,11,296.2,323.6,297.8
873.0,1260,12.2,10.1,87,8.98,135,10,296.6,322.9,298.2
865.0,1337,12.2,8.9,80,8.34,130,8,297.4,322.0,298.9
850.0,1484,11.0,8.3,83,8.14,120,5,297.7,321.7,299.1
834.0,1643,10.1,7.7,85,7.98,0,0,298.3,322.0,299.8
825.0,1733,9.6,7.4,86,7.89,324,4,298.7,322.1,300.1
819.0,1794,10.2,4.2,66,6.35,300,6,300.0,319.1,301.1
809.0,1896,10.1,4.1,66,6.40,260,10,301.0,320.3,302.1
791.0,2084,10.0,4.0,66,6.48,258,12,302.8,322.5,303.9
760.0,2415,7.2,5.0,86,7.25,254,16,303.2,325.2,304.5
743.0,2601,6.2,-1.8,57,4.53,251,18,304.1,318.2,304.9
700.0,3086,1.8,-5.2,60,3.73,245,23,304.4,316.2,305.1
699.0,3098,1.7,-5.4,59,3.68,245,24,304.5,316.0,305.1
675.0,3379,-0.7,-9.7,51,2.73,249,29,304.8,313.6,305.3
667.0,3474,0.2,-24.1,14,0.82,250,31,306.9,309.8,307.1
662.0,3535,0.8,-33.2,6,0.35,250,31,308.2,309.5,308.3
649.0,3694,1.0,-41.0,3,0.16,249,32,310.2,310.8,310.2
562.0,4836,-6.9,-53.9,1,0.04,244,36,313.9,314.1,313.9
500.0,5740,-12.5,-52.5,2,0.06,240,39,317.7,318.0,317.8
497.0,5786,-12.7,-51.1,2,0.07,240,39,318.1,318.4,318.1
477.0,6097,-13.9,-41.9,7,0.20,252,41,320.3,321.1,320.4
464.0,6301,-15.5,-41.5,9,0.22,260,43,320.8,321.7,320.9
400.0,7400,-24.3,-39.3,24,0.32,265,43,323.3,324.6,323.4
382.0,7734,-27.1,-37.1,38,0.42,265,44,323.9,325.5,324.0
371.0,7944,-28.7,-47.7,14,0.14,265,44,324.5,325.1,324.5
360.0,8159,-30.5,-38.5,45,0.38,265,44,324.9,326.4,325.0
332.0,8730,-35.3,-39.4,66,0.38,265,46,325.9,327.4,326.0
300.0,9430,-39.7,-48.7,38,0.15,265,47,329.3,329.9,329.3
283.0,9826,-43.1,-56.1,23,0.07,261,47,329.9,330.2,330.0
280.0,9897,-43.7,-57.0,21,0.06,260,47,330.1,330.4,330.2
250.0,10650,-49.7,-66.7,12,0.02,265,57,332.1,332.1,332.1
245.0,10782,-50.5,-67.5,12,0.02,266,59,332.8,332.9,332.8
228.0,11249,-51.5,-72.0,7,0.01,270,65,338.2,338.2,338.2
208.0,11845,-52.8,-77.8,3,0.00,275,86,345.2,345.2,345.2
200.0,12100,-53.3,-80.3,2,0.00,270,87,348.2,348.2,348.2
184.0,12635,-54.9,-82.9,2,0.00,270,88,354.0,354.0,354.0
177.0,12880,-56.2,-83.4,2,0.00,270,89,355.8,355.8,355.8
159.0,13558,-59.9,-84.9,2,0.00,264,83,360.6,360.6,360.6
150.0,13920,-62.5,,,,260,79,362.2,,362.2
142.0,14256,-63.7,,,,260,80,365.8,,365.8
133.0,14657,-62.3,,,,260,75,375.2,,375.2
100.0,16390,-67.5,,,,260,53,397.1,,397.1
95.0,16699,-67.7,,,,260,56,402.5,,402.5
92.0,16893,-67.8,,,,255,41,406.0,,406.0
88.0,17161,-68.0,,,,275,29,410.9,,410.9
86.0,17299,-68.1,,,,290,27,413.4,,413.4
85.2,17356,-68.1,,,,287,26,414.4,,414.4
79.0,17811,-67.9,,,,260,21,423.8,,423.8
75.0,18124,-67.8,,,,270,18,430.4,,430.4
72.0,18370,-67.7,,,,280,21,435.6,,435.6
71.0,18454,-67.7,,,,265,23,437.4,,437.4
70.7,18480,-67.7,,,,262,23,438.0,,438.0
70.0,18540,-65.1,,,,255,23,444.8,,444.8
67.5,18764,-62.5,,,,209,19,455.0,,455.0
67.0,18810,-62.7,,,,200,18,455.6,,455.6
65.0,18996,-63.4,,,,180,10,458.0,,458.0
64.0,19092,-63.8,,,,90,2,459.2,,459.2
62.1,19277,-64.5,,,,74,2,461.6,,461.6
50.0,20610,-63.3,,,,320,3,493.9,,493.9
40.2,21954,-62.5,,,,92,9,527.7,,527.7
39.0,22144,-61.8,,,,110,10,534.0,,534.0
36.0,22646,-59.9,,,,70,12,551.3,,551.3
35.0,22823,-59.2,,,,105,13,557.5,,557.5
34.0,23005,-58.6,,,,115,16,563.9,,563.9
32.0,23385,-57.1,,,,90,13,577.5,,577.5
30.1,23769,-55.7,,,,128,15,591.6,,591.6
30.0,23790,-55.9,,,,130,15,591.6,,591.6
29.1,23984,-56.7,,,,113,15,594.6,,594.6
27.0,24462,-56.5,,,,70,15,608.1,,608.1
23.0,25484,-56.0,,,,85,11,637.9,,637.9
22.0,25768,-55.9,,,,50,16,646.4,,646.4
21.8,25826,-55.9,,,,60,16,648.2,,648.2
21.0,26066,-54.8,,,,100,16,658.5,,658.5
20.0,26380,-53.3,,,,95,15,672.3,,672.3
19.0,26715,-52.0,,,,80,11,686.3,,686.3
17.0,27442,-49.1,,,,95,15,717.7,,717.7
16.0,27838,-47.5,,,,55,11,735.4,,735.4
15.5,28045,-46.7,,,,87,7,744.8,,744.8
15.0,28262,-47.2,,,,120,2,750.1,,750.1
14.0,28717,-48.3,,,,,,761.3,,761.3
