PRES,HGHT,TEMP,DWPT,RELH,MIXR,DRCT,SKNT,THTA,THTE,THTV
1020.0,5,22.0,14.0,60,9.94,15,7,293.5,322.1,295.2
1007.0,115,19.8,13.8,68,9.94,349,8,292.4,320.9,294.1
1000.0,175,19.2,13.2,68,9.62,335,9,292.4,319.9,294.0
972.0,417,17.0,12.1,73,9.22,315,10,292.5,319.0,294.1
928.0,813,13.4,10.4,82,8.60,320,14,292.7,317.5,294.2
925.0,840,13.4,10.2,81,8.51,320,14,293.0,317.6,294.5
897.0,1097,11.7,8.4,81,7.78,315,14,293.8,316.4,295.2
850.0,1546,8.6,5.3,80,6.61,280,11,295.1,314.6,296.3
825.0,1793,7.6,1.6,66,5.23,258,10,296.6,312.3,297.6
816.0,1883,7.9,-5.0,40,3.25,250,9,297.9,307.9,298.5
803.0,2016,8.4,-14.6,18,1.54,249,10,299.8,304.8,300.0
781.0,2245,9.2,-39.8,2,0.15,249,10,303.0,303.6,303.0
756.0,2514,8.4,-32.6,4,0.33,248,11,305.0,306.2,305.0
741.0,2679,7.2,-5.8,39,3.36,247,12,305.4,316.1,306.0
719.0,2926,5.4,-10.6,31,2.38,246,13,306.1,313.8,306.5
711.0,3018,5.0,-1.0,65,5.03,246,14,306.6,322.3,307.6
700.0,3145,4.4,-1.6,65,4.89,245,14,307.3,322.6,308.2
688.0,3285,3.8,-1.9,66,4.86,245,16,308.2,323.5,309.1
644.0,3819,1.5,-3.1,71,4.74,270,26,311.4,326.6,312.3
621.0,4113,0.2,-3.8,74,4.67,265,28,313.2,328.2,314.1
611.0,4244,0.4,-7.6,55,3.55,262,28,314.9,326.6,315.6
564.0,4881,-3.5,-16.5,36,1.88,251,32,317.6,324.0,317.9
562.0,4909,-3.7,-16.1,38,1.95,250,32,317.6,324.3,318.0
552.0,5051,-4.9,-13.9,49,2.38,252,33,317.9,326.0,318.3
549.0,5094,-5.1,-20.1,30,1.42,253,33,318.1,323.1,318.4
528.0,5399,-7.3,-32.3,12,0.48,258,34,319.1,320.9,319.2
521.0,5502,-8.3,-33.3,11,0.45,260,35,319.1,320.8,319.2
519.0,5532,-8.7,-16.7,52,2.01,260,35,318.9,325.9,319.3
515.0,5592,-9.3,-15.3,62,2.27,261,35,318.9,326.7,319.4
504.0,5759,-10.7,-14.8,72,2.42,264,36,319.2,327.4,319.7
500.0,5820,-10.9,-15.9,67,2.23,265,36,319.7,327.3,320.1
497.0,5866,-11.2,-17.5,60,1.96,270,35,319.9,326.7,320.3
491.0,5960,-11.7,-20.7,47,1.51,269,36,320.4,325.7,320.7
441.0,6775,-17.5,-23.5,60,1.31,264,41,323.0,327.7,323.3
429.0,6981,-18.5,-29.5,37,0.78,263,42,324.3,327.2,324.5
400.0,7500,-22.9,-28.9,58,0.88,260,45,325.1,328.4,325.3
392.0,7648,-24.1,-30.1,58,0.80,260,46,325.4,328.4,325.6
363.0,8204,-27.2,-36.3,42,0.48,260,50,328.5,330.4,328.6
355.0,8366,-28.1,-38.1,38,0.40,259,54,329.4,331.0,329.5
346.0,8550,-28.7,-33.7,62,0.64,257,59,331.0,333.5,331.2
339.0,8696,-29.1,-40.1,34,0.35,256,62,332.4,333.8,332.5
308.0,9375,-33.3,-54.0,11,0.08,250,80,335.8,336.1,335.8
304.0,9467,-33.9,-55.9,9,0.06,248,80,336.2,336.5,336.2
300.0,9560,-34.7,-55.7,10,0.07,245,81,336.4,336.6,336.4
250.0,10810,-43.3,-60.3,14,0.05,245,100,341.6,341.8,341.6
239.0,11111,-45.1,-62.1,13,0.04,243,102,343.3,343.4,343.3
234.0,11252,-44.9,-67.9,6,0.02,243,103,345.6,345.7,345.6
216.0,11780,-49.9,-68.9,9,0.02,240,106,345.9,346.0,345.9
200.0,12280,-51.1,-74.1,5,0.01,245,100,351.7,351.7,351.7
170.0,13317,-59.9,-79.9,6,0.00,248,90,353.8,353.8,353.8
150.0,14090,-64.7,,,,250,83,358.4,,358.4
127.0,15090,-72.0,,,,260,81,362.8,,362.8
126.0,15138,-72.3,,,,260,80,363.0,,363.0
115.0,15683,-67.7,,,,263,49,381.1,,381.1
108.0,16059,-69.0,,,,265,28,385.5,,385.5
105.0,16228,-69.7,,,,280,31,387.4,,387.4
100.0,16520,-70.7,,,,275,28,390.9,,390.9
97.4,16677,-67.5,,,,283,27,400.1,,400.1
91.0,17083,-70.3,,,,305,26,402.3,,402.3
90.6,17109,-70.5,,,,303,26,402.4,,402.4
83.0,17630,-69.7,,,,260,18,414.2,,414.2
80.7,17797,-69.5,,,,279,20,418.0,,418.0
80.0,17849,-69.0,,,,285,20,420.2,,420.2
72.9,18411,-63.1,,,,242,9,443.9,,443.9
71.0,18573,-63.9,,,,230,6,445.6,,445.6
70.0,18660,-64.3,,,,260,3,446.5,,446.5
66.5,18973,-65.3,,,,282,6,450.9,,450.9
63.0,19305,-63.9,,,,305,10,461.0,,461.0
61.0,19503,-63.1,,,,285,10,467.1,,467.1
58.3,19780,-61.9,,,,352,1,475.8,,475.8
58.0,19812,-61.9,,,,0,0,476.5,,476.5
54.0,20254,-62.0,,,,55,10,486.1,,486.1
51.0,20608,-62.1,,,,20,11,494.0,,494.0
50.0,20730,-62.1,,,,10,9,496.7,,496.7
46.0,21247,-62.1,,,,220,15,508.7,,508.7
45.0,21383,-62.1,,,,175,24,511.9,,511.9
43.0,21665,-62.1,,,,156,19,518.6,,518.6
40.0,22118,-61.2,,,,125,11,531.7,,531.7
35.0,22954,-59.5,,,,105,12,556.9,,556.9
32.0,23516,-58.3,,,,45,13,574.4,,574.4
30.0,23920,-57.5,,,,10,11,587.3,,587.3
28.0,24359,-56.6,,,,45,4,601.5,,601.5
26.0,24831,-55.6,,,,20,10,617.2,,617.2
24.0,25340,-54.5,,,,340,10,634.6,,634.6
22.0,25894,-53.4,,,,325,12,654.0,,654.0
21.0,26190,-52.8,,,,340,10,664.6,,664.6
20.0,26500,-52.1,,,,315,3,675.9,,675.9
18.0,27188,-50.7,,,,15,15,701.1,,701.1
17.0,27562,-49.9,,,,35,12,715.2,,715.2
16.0,27958,-49.1,,,,355,25,730.4,,730.4
14.7,28511,-47.9,,,,,,752.1,,752.1
