PRES,HGHT,TEMP,DWPT,RELH,MIXR,DRCT,SKNT,THTA,THTE,THTV
1019.0,5,26.2,18.2,61,13.07,150,9,297.7,335.9,300.1
1000.0,171,23.4,17.4,69,12.66,140,15,296.6,333.3,298.8
970.0,436,20.8,16.6,77,12.40,138,17,296.5,332.5,298.7
926.0,837,17.2,15.4,89,12.02,135,21,296.8,331.7,298.9
925.0,846,17.0,15.1,89,11.80,135,21,296.7,331.0,298.8
912.0,967,16.2,13.0,81,10.42,134,22,297.1,327.5,298.9
876.0,1308,14.9,2.6,43,5.28,130,26,299.2,315.2,300.1
862.0,1445,14.4,-1.6,33,3.96,133,25,300.0,312.2,300.7
850.0,1563,13.8,1.8,44,5.15,135,24,300.6,316.3,301.5
818.0,1885,11.6,4.8,63,6.63,140,18,301.5,321.6,302.7
794.0,2134,9.8,7.1,83,8.03,126,14,302.2,326.4,303.7
793.0,2145,9.8,6.8,82,7.90,125,14,302.3,326.1,303.8
773.0,2357,9.8,1.8,57,5.67,150,16,304.6,322.0,305.6
754.0,2563,8.4,0.4,57,5.26,175,17,305.2,321.6,306.2
740.0,2719,7.4,-0.6,57,4.97,185,13,305.8,321.2,306.7
718.0,2967,6.8,-7.2,36,3.12,201,7,307.7,317.8,308.3
713.0,3024,6.3,-5.6,42,3.54,205,6,307.8,319.1,308.5
706.0,3105,5.6,-3.4,52,4.23,213,8,307.9,321.3,308.7
700.0,3175,5.8,-12.2,26,2.15,220,10,308.9,316.0,309.3
694.0,3245,5.8,-14.2,22,1.85,223,11,309.6,315.8,310.0
674.0,3480,4.7,-18.7,17,1.31,235,15,311.0,315.4,311.2
652.0,3747,3.4,-23.7,12,0.87,225,11,312.5,315.5,312.6
614.0,4229,1.0,-32.9,6,0.39,235,4,315.2,316.7,315.3
600.0,4414,0.1,-36.4,4,0.29,280,10,316.2,317.3,316.3
592.0,4522,-0.4,-38.4,4,0.23,270,12,316.9,317.8,316.9
568.0,4855,-2.0,-44.7,2,0.13,295,17,318.7,319.2,318.8
552.0,5084,-3.1,-49.1,1,0.08,291,18,320.0,320.4,320.0
525.0,5477,-5.1,-42.0,4,0.18,285,20,322.2,322.9,322.2
507.0,5751,-6.5,-37.1,7,0.32,270,17,323.7,324.9,323.8
500.0,5860,-7.1,-35.1,9,0.39,275,16,324.3,325.8,324.4
480.0,6177,-8.3,-49.3,2,0.09,278,15,326.6,327.0,326.7
464.0,6436,-10.5,-44.5,4,0.16,280,14,327.1,327.8,327.1
436.0,6910,-14.4,-35.6,15,0.42,270,16,327.9,329.6,328.0
426.0,7087,-15.9,-32.3,23,0.60,280,17,328.2,330.5,328.4
417.0,7250,-17.3,-29.3,34,0.82,275,19,328.5,331.6,328.6
407.0,7431,-18.6,-33.5,26,0.56,270,22,329.1,331.3,329.2
400.0,7560,-19.5,-36.5,21,0.42,280,26,329.6,331.2,329.6
385.0,7842,-21.3,-40.9,15,0.28,290,28,330.8,331.9,330.9
372.0,8096,-22.9,-44.9,12,0.19,287,33,331.9,332.7,332.0
345.0,8644,-27.7,-35.7,46,0.53,280,43,332.7,334.7,332.8
340.0,8749,-27.1,-55.1,5,0.06,279,45,334.9,335.2,334.9
326.0,9050,-29.3,-46.9,17,0.17,275,51,335.9,336.6,335.9
320.0,9183,-30.3,-43.3,27,0.26,275,51,336.3,337.4,336.4
302.0,9593,-32.9,-55.9,8,0.07,275,49,338.2,338.5,338.3
300.0,9640,-33.1,-54.1,10,0.08,275,49,338.6,339.0,338.6
291.0,9854,-34.7,-49.7,20,0.14,277,51,339.3,339.9,339.3
250.0,10900,-43.7,-59.7,15,0.05,285,61,341.0,341.2,341.0
247.0,10980,-44.4,-59.5,17,0.05,285,61,341.1,341.4,341.1
226.0,11570,-49.3,-58.3,34,0.06,281,60,342.4,342.7,342.4
200.0,12360,-55.7,-64.7,32,0.03,275,59,344.4,344.6,344.4
198.0,12424,-56.5,-65.5,31,0.03,275,59,344.1,344.3,344.1
178.0,13092,-59.2,-73.7,14,0.01,270,88,350.4,350.4,350.4
173.0,13271,-59.9,-75.9,11,0.01,268,82,352.0,352.1,352.0
163.0,13638,-61.8,,,,265,70,354.9,,354.9
150.0,14150,-64.5,,,,275,70,358.8,,358.8
140.0,14567,-66.7,,,,275,74,362.0,,362.0
130.0,15015,-69.1,,,,265,63,365.4,,365.4
127.0,15156,-69.9,,,,269,59,366.5,,366.5
123.0,15346,-70.4,,,,275,54,369.0,,369.0
100.0,16570,-73.5,,,,280,40,385.5,,385.5
95.2,16858,-74.9,,,,290,43,388.2,,388.2
95.0,16870,-74.9,,,,290,44,388.4,,388.4
90.0,17185,-75.0,,,,260,48,394.2,,394.2
87.0,17383,-75.1,,,,250,38,397.9,,397.9
83.0,17657,-75.2,,,,250,25,403.1,,403.1
80.0,17872,-75.3,,,,265,20,407.2,,407.2
78.0,18019,-75.3,,,,275,26,410.0,,410.0
71.8,18502,-75.5,,,,248,24,419.5,,419.5
70.0,18650,-74.7,,,,240,23,424.2,,424.2
68.0,18821,-73.1,,,,250,26,431.3,,431.3
66.0,18997,-71.4,,,,240,31,438.6,,438.6
63.0,19272,-68.8,,,,220,15,450.2,,450.2
62.9,19281,-68.7,,,,219,15,450.6,,450.6
60.0,19563,-68.7,,,,200,11,456.8,,456.8
59.0,19664,-68.7,,,,225,6,459.0,,459.0
57.6,19808,-68.7,,,,242,9,462.1,,462.1
57.0,19872,-68.2,,,,250,10,464.7,,464.7
53.0,20314,-64.4,,,,155,11,483.2,,483.2
51.0,20548,-62.4,,,,145,10,493.2,,493.2
50.7,20584,-62.1,,,,141,11,494.8,,494.8
50.0,20670,-62.3,,,,130,12,496.2,,496.2
48.0,20920,-63.0,,,,85,12,500.5,,500.5
44.0,21454,-64.4,,,,80,10,509.6,,509.6
43.7,21496,-64.5,,,,86,10,510.3,,510.3
41.0,21888,-61.2,,,,145,10,527.8,,527.8
40.4,21979,-60.5,,,,143,10,531.9,,531.9
38.0,22360,-60.2,,,,135,10,542.0,,542.0
37.0,22526,-60.1,,,,95,13,546.5,,546.5
36.0,22697,-60.0,,,,115,12,551.1,,551.1
35.6,22766,-59.9,,,,106,13,553.0,,553.0
34.0,23056,-57.6,,,,70,16,566.3,,566.3
32.4,23360,-55.3,,,,70,16,580.4,,580.4
32.0,23439,-55.3,,,,70,16,582.5,,582.5
31.0,23641,-55.2,,,,45,10,588.1,,588.1
30.0,23850,-55.1,,,,70,16,593.8,,593.8
28.0,24294,-53.6,,,,65,13,609.9,,609.9
27.0,24528,-52.8,,,,110,11,618.6,,618.6
25.3,24947,-51.3,,,,93,16,634.3,,634.3
24.0,25291,-50.8,,,,80,20,645.4,,645.4
23.0,25568,-50.4,,,,115,10,654.5,,654.5
20.0,26480,-49.1,,,,75,23,685.1,,685.1
19.0,26819,-48.1,,,,70,18,698.3,,698.3
17.0,27554,-45.9,,,,55,22,727.8,,727.8
16.8,27632,-45.7,,,,,,731.0,,731.0
