PRES,HGHT,TEMP,DWPT,RELH,MIXR,DRCT,SKNT,THTA,THTE,THTV
1014.0,5,26.6,16.6,54,11.85,0,8,298.6,333.3,300.7
1007.0,65,24.6,15.6,57,11.18,15,7,297.2,329.8,299.1
1000.0,125,24.2,16.2,61,11.71,30,6,297.4,331.5,299.4
943.0,634,19.7,14.4,72,11.05,0,0,297.8,330.1,299.8
925.0,801,18.2,13.8,75,10.83,250,2,297.9,329.6,299.9
898.0,1054,15.8,12.9,83,10.51,250,7,298.0,328.8,299.9
887.0,1159,17.4,13.2,76,10.86,250,9,300.7,332.9,302.6
875.0,1275,16.8,12.4,75,10.42,250,11,301.2,332.2,303.1
850.0,1522,15.6,10.6,72,9.53,230,18,302.5,331.0,304.2
840.0,1623,15.4,7.4,59,7.75,218,20,303.3,326.7,304.7
804.0,1993,12.8,11.3,91,10.57,174,26,304.3,336.1,306.3
797.0,2067,12.3,10.9,91,10.37,165,27,304.6,335.9,306.5
775.0,2302,10.9,9.6,91,9.74,150,23,305.5,335.1,307.3
758.0,2488,9.8,8.5,92,9.27,146,22,306.3,334.5,308.0
726.0,2845,7.2,3.7,78,6.92,137,19,307.2,328.6,308.5
700.0,3145,5.6,-6.4,42,3.40,130,17,308.6,319.6,309.3
698.0,3168,5.4,-8.6,36,2.87,129,17,308.7,318.0,309.2
689.0,3275,6.0,-27.0,7,0.61,125,15,310.5,312.7,310.6
688.0,3286,6.0,-27.1,7,0.61,125,15,310.6,312.7,310.7
632.0,3974,3.1,-33.6,5,0.36,150,11,314.9,316.3,315.0
584.0,4613,0.4,-39.6,3,0.21,136,6,319.0,319.8,319.0
547.0,5134,-3.0,-33.1,8,0.43,125,2,320.9,322.6,321.0
536.0,5295,-4.1,-31.1,10,0.54,126,2,321.5,323.5,321.6
512.0,5655,-6.5,-40.5,5,0.22,129,3,322.9,323.7,322.9
503.0,5793,-6.7,-32.7,11,0.49,130,4,324.2,326.1,324.4
500.0,5840,-7.1,-31.1,13,0.57,130,4,324.3,326.5,324.4
484.0,6093,-9.5,-26.5,24,0.91,136,5,324.4,327.7,324.6
445.0,6736,-14.1,-32.1,20,0.59,151,9,326.5,328.7,326.6
438.0,6857,-13.9,-38.9,10,0.30,154,10,328.2,329.4,328.3
435.0,6909,-14.3,-39.3,10,0.29,155,10,328.4,329.6,328.4
419.0,7191,-16.2,-41.2,10,0.25,140,11,329.4,330.4,329.4
400.0,7540,-18.7,-43.7,9,0.20,160,11,330.6,331.4,330.6
373.0,8056,-21.9,-54.1,4,0.07,175,14,333.0,333.3,333.0
370.0,8116,-22.3,-55.3,3,0.06,171,14,333.3,333.5,333.3
366.0,8196,-22.3,-57.3,3,0.05,165,13,334.3,334.5,334.3
352.0,8475,-24.6,-58.9,3,0.04,145,11,334.9,335.1,334.9
339.0,8745,-26.9,-60.4,3,0.03,105,9,335.4,335.6,335.4
326.0,9025,-29.3,-62.0,3,0.03,135,9,335.9,336.1,335.9
315.0,9271,-31.4,-63.3,3,0.02,145,10,336.4,336.5,336.4
300.0,9620,-34.3,-65.3,3,0.02,125,11,336.9,337.0,336.9
299.0,9643,-34.5,-65.1,3,0.02,125,11,337.0,337.1,337.0
291.0,9832,-36.1,-63.1,4,0.03,129,11,337.3,337.4,337.3
281.0,10072,-38.0,-62.5,6,0.03,135,10,338.0,338.1,338.0
265.0,10475,-41.1,-61.6,9,0.04,115,10,339.1,339.3,339.1
263.0,10527,-41.5,-61.5,10,0.04,121,9,339.3,339.4,339.3
254.0,10762,-41.9,-66.7,5,0.02,150,5,342.1,342.1,342.1
250.0,10870,-42.1,-69.1,4,0.01,185,8,343.3,343.4,343.3
248.0,10923,-42.6,-69.1,4,0.01,185,10,343.4,343.5,343.4
221.0,11687,-49.7,-68.5,9,0.02,205,21,343.9,344.0,343.9
212.0,11962,-52.3,-68.3,13,0.02,207,28,344.0,344.1,344.0
202.0,12276,-52.1,-75.1,5,0.01,210,35,349.1,349.1,349.1
200.0,12340,-52.3,-75.3,5,0.01,210,37,349.8,349.8,349.8
187.0,12766,-54.9,-78.2,4,0.00,215,43,352.4,352.4,352.4
164.0,13599,-59.9,-83.9,3,0.00,215,26,357.4,357.5,357.4
162.0,13675,-59.9,-83.9,3,0.00,217,25,358.7,358.7,358.7
150.0,14150,-63.9,,,,230,21,359.8,,359.8
148.0,14231,-64.5,,,,235,21,360.1,,360.1
133.0,14876,-69.6,,,,230,31,362.2,,362.2
130.0,15014,-70.7,,,,229,28,362.6,,362.6
123.0,15342,-70.8,,,,225,20,368.1,,368.1
121.0,15439,-70.9,,,,232,18,369.8,,369.8
120.0,15488,-69.7,,,,235,18,372.9,,372.9
117.0,15638,-70.7,,,,245,15,373.8,,373.8
113.0,15843,-72.0,,,,270,20,375.0,,375.0
106.0,16220,-74.5,,,,255,27,377.2,,377.2
100.0,16560,-73.3,,,,260,14,385.9,,385.9
96.0,16798,-74.3,,,,270,10,388.4,,388.4
91.6,17072,-75.5,,,,306,10,391.3,,391.3
86.0,17439,-75.0,,,,355,10,399.4,,399.4
84.0,17576,-74.8,,,,330,10,402.4,,402.4
73.0,18394,-73.8,,,,0,0,421.1,,421.1
72.1,18466,-73.7,,,,58,4,422.8,,422.8
71.0,18557,-73.1,,,,130,10,426.0,,426.0
70.0,18640,-72.5,,,,120,13,428.9,,428.9
68.0,18813,-71.5,,,,85,21,434.7,,434.7
66.0,18992,-70.4,,,,75,23,440.8,,440.8
61.0,19463,-67.6,,,,65,21,457.0,,457.0
54.0,20192,-63.3,,,,62,20,483.1,,483.1
52.2,20398,-64.7,,,,61,19,484.6,,484.6
50.0,20660,-63.9,,,,60,19,492.5,,492.5
47.0,21043,-61.9,,,,55,19,506.0,,506.0
44.4,21396,-60.1,,,,85,19,518.7,,518.7
44.0,21452,-60.2,,,,90,19,519.8,,519.8
42.0,21743,-60.9,,,,80,18,525.1,,525.1
39.0,22209,-59.9,,,,65,17,538.7,,538.7
37.0,22540,-59.2,,,,90,11,548.7,,548.7
35.0,22890,-58.5,,,,115,14,559.3,,559.3
32.0,23454,-57.3,,,,110,25,577.0,,577.0
30.0,23860,-56.5,,,,100,22,590.0,,590.0
29.3,24010,-55.3,,,,97,21,597.3,,597.3
27.0,24530,-55.3,,,,85,19,611.4,,611.4
26.0,24770,-55.3,,,,95,15,618.0,,618.0
24.9,25045,-55.3,,,,92,19,625.7,,625.7
22.5,25696,-50.7,,,,84,29,657.7,,657.7
20.2,26395,-51.5,,,,76,39,675.9,,675.9
20.0,26460,-50.1,,,,75,40,682.1,,682.1
17.0,27532,-46.3,,,,80,29,726.8,,726.8
16.6,27689,-45.7,,,,,,733.5,,733.5
