PRES,HGHT,TEMP,DWPT,RELH,MIXR,DRCT,SKNT,THTA,THTE,THTV
1010.0,5,27.8,23.4,77,18.32,0,9,300.1,354.0,303.4
1004.0,57,25.8,21.7,78,16.58,15,10,298.6,347.1,301.6
1002.0,74,26.4,22.5,79,17.46,20,10,299.4,350.6,302.5
1000.0,91,26.0,22.3,80,17.28,20,10,299.1,349.8,302.2
970.0,359,23.4,21.8,90,17.23,10,10,299.2,349.6,302.2
956.0,487,22.2,21.5,96,17.21,6,10,299.2,349.6,302.2
953.0,514,21.6,19.8,90,15.50,5,10,298.8,344.2,301.6
939.0,643,21.9,17.0,74,13.17,0,10,300.4,339.2,302.8
925.0,774,22.2,14.2,60,11.12,0,14,302.0,335.1,304.0
898.0,1032,23.1,9.8,43,8.54,5,12,305.6,331.6,307.1
880.0,1209,23.8,6.8,34,7.09,318,14,308.0,330.0,309.3
879.0,1219,23.7,6.8,34,7.08,315,14,308.0,330.0,309.3
856.0,1450,22.1,5.8,35,6.82,320,13,308.6,329.8,309.9
850.0,1511,21.6,5.6,35,6.75,310,13,308.8,329.8,310.0
843.0,1582,21.0,5.6,37,6.79,295,14,308.8,330.0,310.1
814.0,1882,18.3,5.4,43,6.95,315,14,309.1,330.8,310.4
781.0,2236,15.2,5.2,51,7.15,303,18,309.4,331.7,310.8
773.0,2323,14.5,5.2,54,7.22,300,19,309.6,332.1,311.0
758.0,2488,13.2,5.2,58,7.37,305,20,310.0,332.9,311.4
724.0,2873,10.2,5.2,71,7.72,314,18,310.7,334.8,312.2
700.0,3153,8.2,1.2,61,6.00,320,16,311.5,330.5,312.7
695.0,3212,7.7,0.7,61,5.83,325,16,311.6,330.1,312.7
686.0,3320,6.8,-0.2,61,5.53,321,18,311.8,329.3,312.8
683.0,3356,6.6,-0.6,60,5.41,320,18,311.9,329.1,313.0
668.0,3538,5.6,-2.4,56,4.83,305,17,312.8,328.3,313.7
664.0,3587,5.8,-7.2,39,3.37,301,17,313.6,324.6,314.2
663.0,3600,5.7,-6.6,41,3.53,300,17,313.6,325.1,314.2
657.0,3674,4.8,-3.2,56,4.62,302,15,313.4,328.3,314.3
644.0,3836,3.8,-4.6,54,4.24,305,10,314.1,327.8,314.9
632.0,3989,2.9,-6.0,52,3.90,285,5,314.7,327.5,315.5
628.0,4041,2.6,-6.4,52,3.79,280,5,314.9,327.4,315.7
590.0,4542,-1.8,-7.0,67,3.86,230,10,315.6,328.2,316.3
582.0,4651,-2.7,-7.1,72,3.88,232,11,315.7,328.4,316.4
572.0,4787,-3.7,-8.1,71,3.65,235,12,316.1,328.1,316.8
559.0,4968,-5.0,-9.4,71,3.36,220,12,316.6,327.8,317.3
546.0,5153,-6.3,-10.8,71,3.09,205,11,317.2,327.5,317.8
542.0,5210,-6.8,-11.2,71,3.01,215,10,317.3,327.4,317.9
533.0,5342,-7.7,-12.2,70,2.83,200,10,317.7,327.2,318.2
525.0,5461,-8.6,-13.1,70,2.67,210,10,318.0,327.1,318.6
524.0,5476,-8.7,-13.2,70,2.65,214,11,318.1,327.0,318.6
519.0,5550,-8.1,-18.1,44,1.78,235,13,319.7,325.9,320.0
514.0,5625,-8.1,-23.1,29,1.17,236,17,320.6,324.7,320.8
510.0,5686,-7.9,-36.9,8,0.32,237,20,321.5,322.8,321.6
506.0,5747,-7.7,-42.7,4,0.18,238,23,322.5,323.2,322.5
500.0,5840,-8.1,-41.1,5,0.21,240,28,323.1,323.9,323.1
475.0,6233,-11.2,-39.4,8,0.26,245,31,324.0,325.1,324.1
459.0,6496,-13.3,-38.3,10,0.31,247,29,324.6,325.8,324.7
456.0,6546,-13.7,-28.7,27,0.79,248,28,324.7,327.6,324.9
448.0,6680,-14.7,-33.7,18,0.50,249,27,325.1,327.0,325.2
445.0,6731,-15.3,-31.3,24,0.63,249,27,325.0,327.3,325.1
442.0,6782,-15.3,-28.3,32,0.85,250,26,325.6,328.7,325.8
439.0,6833,-15.5,-33.8,19,0.50,250,26,326.0,327.9,326.1
433.0,6937,-15.9,-44.9,6,0.16,248,30,326.8,327.4,326.8
402.0,7493,-18.1,-28.4,40,0.92,240,53,330.8,334.3,331.0
400.0,7530,-18.3,-27.3,45,1.02,240,55,331.1,334.9,331.3
397.0,7586,-18.5,-27.5,45,1.01,241,56,331.6,335.4,331.8
388.0,7755,-19.9,-28.2,48,0.97,245,58,331.9,335.6,332.1
360.0,8307,-24.5,-30.5,58,0.84,245,53,332.9,336.1,333.1
355.0,8409,-25.4,-31.4,57,0.79,245,52,333.1,336.1,333.2
350.0,8512,-26.3,-32.3,57,0.73,245,54,333.2,336.0,333.3
300.0,9610,-33.3,-43.3,36,0.28,250,79,338.3,339.5,338.4
298.0,9657,-33.7,-43.7,36,0.27,250,80,338.4,339.5,338.4
270.0,10343,-39.7,-49.7,34,0.15,245,74,339.3,340.0,339.4
264.0,10500,-41.1,-51.1,33,0.13,245,76,339.5,340.1,339.5
250.0,10870,-44.3,-53.3,36,0.11,245,81,340.1,340.5,340.1
217.0,11800,-52.9,-61.9,33,0.04,245,84,340.8,341.0,340.8
200.0,12320,-57.3,-62.3,53,0.04,245,86,341.9,342.1,341.9
196.0,12447,-58.7,-63.7,52,0.04,245,88,341.6,341.8,341.6
189.0,12675,-59.9,-64.9,52,0.03,240,91,343.2,343.4,343.3
180.0,12978,-61.9,,,,233,96,344.8,,344.8
173.0,13224,-62.1,,,,227,99,348.4,,348.4
170.0,13331,-62.4,,,,225,101,349.6,,349.6
152.0,14019,-64.5,,,,230,65,357.4,,357.4
151.0,14059,-64.8,,,,230,63,357.6,,357.6
150.0,14100,-65.1,,,,230,62,357.7,,357.7
144.0,14345,-65.9,,,,250,58,360.6,,360.6
139.0,14557,-66.6,,,,260,65,363.0,,363.0
127.0,15099,-68.4,,,,255,91,369.3,,369.3
111.0,15908,-71.0,,,,245,78,378.8,,378.8
106.0,16184,-71.9,,,,239,56,382.1,,382.1
103.0,16355,-71.0,,,,235,42,387.0,,387.0
100.0,16530,-70.1,,,,245,29,392.0,,392.0
94.0,16896,-70.7,,,,290,10,397.9,,397.9
93.0,16960,-70.8,,,,300,10,398.9,,398.9
90.0,17154,-71.1,,,,290,14,402.0,,402.0
81.3,17746,-76.3,,,,260,25,403.2,,403.2
81.0,17768,-76.2,,,,260,25,403.8,,403.8
75.0,18213,-74.3,,,,265,24,416.8,,416.8
73.0,18372,-71.5,,,,250,22,425.9,,425.9
71.7,18477,-69.7,,,,234,15,432.0,,432.0
71.0,18536,-69.7,,,,225,11,433.2,,433.2
70.0,18620,-69.7,,,,200,5,434.9,,434.9
65.0,19063,-68.3,,,,20,10,447.3,,447.3
61.6,19384,-67.3,,,,24,10,456.4,,456.4
61.0,19443,-67.1,,,,25,10,458.2,,458.2
59.0,19645,-66.4,,,,80,4,464.1,,464.1
58.0,19749,-66.1,,,,80,10,467.1,,467.1
57.0,19855,-65.7,,,,75,15,470.2,,470.2
56.0,19962,-65.4,,,,55,17,473.4,,473.4
55.0,20071,-65.0,,,,25,16,476.7,,476.7
52.0,20412,-63.9,,,,30,11,487.0,,487.0
51.0,20530,-63.5,,,,85,11,490.6,,490.6
50.0,20650,-63.1,,,,100,14,494.4,,494.4
48.0,20906,-62.5,,,,70,11,501.5,,501.5
47.0,21038,-62.2,,,,90,7,505.3,,505.3
46.0,21172,-61.9,,,,115,10,509.1,,509.1
43.0,21595,-61.0,,,,80,24,521.4,,521.4
41.0,21893,-60.3,,,,90,25,530.2,,530.2
40.0,22048,-60.0,,,,80,25,534.8,,534.8
39.0,22206,-59.6,,,,90,27,539.6,,539.6
38.0,22369,-59.2,,,,70,27,544.5,,544.5
35.0,22884,-58.1,,,,80,33,560.5,,560.5
30.0,23850,-55.9,,,,40,23,591.6,,591.6
29.0,24069,-55.4,,,,45,19,598.9,,598.9
28.0,24296,-54.8,,,,80,14,606.4,,606.4
27.0,24530,-54.3,,,,100,18,614.3,,614.3
26.0,24774,-53.7,,,,85,18,622.7,,622.7
24.0,25291,-52.4,,,,80,20,640.7,,640.7
23.0,25566,-51.8,,,,95,24,650.5,,650.5
22.0,25853,-51.1,,,,65,23,660.8,,660.8
21.0,26153,-50.4,,,,70,17,671.9,,671.9
20.4,26340,-49.9,,,,79,21,678.8,,678.8
20.0,26470,-50.3,,,,85,24,681.5,,681.5
19.1,26770,-50.3,,,,81,22,690.5,,690.5
19.0,,,,,,80,22,,,
