PRES,HGHT,TEMP,DWPT,RELH,MIXR,DRCT,SKNT,THTA,THTE,THTV
1019.0,5,24.8,13.8,50,9.82,135,9,296.4,325.0,298.1
1008.0,99,22.0,12.0,53,8.81,132,12,294.5,320.1,296.0
1000.0,168,21.4,11.4,53,8.53,130,14,294.6,319.4,296.1
925.0,836,15.0,10.2,73,8.51,110,10,294.6,319.4,296.1
910.0,973,14.1,7.7,65,7.29,100,10,295.1,316.4,296.4
850.0,1546,10.2,-2.8,40,3.68,125,5,296.8,308.0,297.5
833.0,1714,8.8,-5.2,37,3.13,125,8,297.1,306.7,297.6
824.0,1804,9.2,-20.8,10,0.89,125,10,298.4,301.4,298.6
812.0,1925,9.6,-29.4,5,0.42,111,10,300.1,301.5,300.2
811.0,1935,9.5,-29.2,5,0.42,110,10,300.1,301.6,300.2
793.0,2120,8.5,-26.2,7,0.57,100,4,300.9,302.9,301.1
775.0,2308,7.4,-23.0,9,0.78,160,10,301.8,304.4,301.9
720.0,2912,4.0,-13.0,28,1.96,156,14,304.4,310.8,304.8
700.0,3141,2.8,-20.2,17,1.10,155,15,305.6,309.3,305.8
688.0,3280,1.9,-20.5,17,1.10,155,16,306.0,309.8,306.2
682.0,3351,1.4,-20.6,18,1.09,164,15,306.3,310.0,306.5
672.0,3470,1.7,-21.1,17,1.07,180,12,307.9,311.6,308.1
669.0,3506,1.8,-21.2,16,1.06,182,12,308.4,312.0,308.6
657.0,3651,0.6,-25.4,12,0.74,189,12,308.7,311.3,308.8
647.0,3774,-0.1,-18.8,23,1.34,195,12,309.2,313.8,309.4
634.0,3936,-1.1,-10.1,50,2.81,180,11,309.9,319.1,310.4
621.0,4101,-2.2,-13.1,43,2.26,185,11,310.4,317.9,310.9
620.0,4113,-2.3,-13.3,43,2.22,184,11,310.5,317.9,310.9
613.0,4202,-3.0,-13.3,45,2.25,175,10,310.7,318.1,311.1
592.0,4476,-5.2,-13.3,53,2.33,190,11,311.2,318.9,311.7
560.0,4911,-8.7,-13.3,69,2.46,239,18,312.1,320.2,312.6
553.0,5008,-9.3,-14.0,69,2.36,250,19,312.5,320.4,313.0
545.0,5120,-10.0,-14.7,68,2.25,255,21,313.0,320.5,313.4
525.0,5408,-11.7,-16.7,66,1.98,258,19,314.3,321.0,314.7
510.0,5629,-13.4,-22.5,46,1.24,260,17,314.9,319.2,315.1
507.0,5674,-13.7,-23.7,43,1.12,266,16,315.0,318.9,315.2
500.0,5780,-13.9,-26.9,32,0.85,280,14,316.0,319.1,316.2
497.0,5826,-13.9,-27.6,31,0.80,285,14,316.6,319.5,316.7
491.0,5919,-13.9,-28.9,27,0.72,275,13,317.7,320.3,317.8
480.0,6091,-14.7,-25.5,39,1.00,255,10,318.7,322.3,318.9
478.0,6123,-14.9,-24.9,42,1.07,254,11,318.9,322.7,319.1
472.0,6219,-15.7,-31.7,24,0.57,251,13,319.1,321.2,319.2
467.0,6300,-15.7,-26.7,38,0.93,249,15,320.0,323.4,320.2
460.0,6413,-16.8,-27.4,39,0.88,245,17,320.0,323.2,320.1
450.0,6579,-18.5,-28.5,41,0.81,254,18,319.9,322.9,320.1
439.0,6763,-20.0,-33.4,29,0.52,265,20,320.2,322.2,320.3
418.0,7127,-23.1,-43.1,14,0.20,260,22,320.8,321.6,320.9
412.0,7233,-23.5,-54.5,4,0.06,258,23,321.6,321.9,321.6
400.0,7450,-24.7,-56.7,3,0.04,255,24,322.8,323.0,322.8
394.0,7559,-25.5,-51.3,7,0.09,250,24,323.1,323.5,323.2
381.0,7801,-27.3,-39.3,31,0.33,250,27,323.9,325.2,324.0
363.0,8147,-29.5,-60.5,3,0.03,250,31,325.5,325.6,325.5
306.0,9344,-37.1,-62.1,6,0.03,250,44,331.1,331.2,331.1
300.0,9480,-38.5,-60.5,8,0.04,250,46,331.0,331.1,331.0
285.0,9826,-41.4,-60.8,10,0.04,255,49,331.8,331.9,331.8
250.0,10710,-48.7,-61.7,21,0.04,245,43,333.5,333.7,333.5
223.0,11447,-54.5,-63.5,32,0.03,241,45,335.7,335.9,335.7
222.0,11475,-53.9,-63.9,28,0.03,240,45,337.1,337.2,337.1
220.0,11533,-54.0,-64.7,26,0.03,240,45,337.8,338.0,337.9
200.0,12140,-54.5,-72.5,9,0.01,250,43,346.3,346.4,346.3
197.0,12237,-54.3,-73.3,8,0.01,250,41,348.1,348.2,348.1
191.0,12433,-55.1,-74.7,7,0.01,250,38,349.9,349.9,349.9
171.0,13135,-58.1,-79.8,5,0.00,255,53,356.2,356.2,356.2
160.0,13557,-59.9,-82.9,3,0.00,243,47,360.0,360.0,360.0
157.0,13675,-59.9,-82.9,3,0.00,240,45,361.9,361.9,361.9
156.0,13715,-59.9,-82.9,3,0.00,241,44,362.6,362.6,362.6
150.0,13960,-61.7,,,,250,41,363.6,,363.6
125.0,15078,-66.1,,,,260,44,375.1,,375.1
124.0,15127,-66.3,,,,260,45,375.6,,375.6
100.0,16430,-66.9,,,,235,34,398.2,,398.2
92.0,16930,-68.9,,,,235,26,403.9,,403.9
83.0,17548,-68.2,,,,235,17,417.4,,417.4
79.0,17844,-67.8,,,,280,12,424.1,,424.1
78.0,17921,-67.7,,,,280,13,425.9,,425.9
75.0,18156,-67.4,,,,235,16,431.3,,431.3
71.0,18485,-67.0,,,,185,10,438.9,,438.9
70.0,18570,-66.9,,,,140,8,440.9,,440.9
69.4,18622,-65.9,,,,112,6,444.2,,444.2
67.0,18835,-66.6,,,,0,0,447.2,,447.2
63.2,19189,-67.7,,,,227,9,452.2,,452.2
63.0,19208,-67.5,,,,220,10,453.0,,453.0
59.5,19556,-64.3,,,,187,10,467.7,,467.7
55.0,20035,-66.1,,,,141,10,474.2,,474.2
54.0,20148,-65.3,,,,130,10,478.5,,478.5
52.0,20379,-63.7,,,,155,10,487.5,,487.5
50.6,20546,-62.5,,,,106,9,494.1,,494.1
50.0,20620,-62.7,,,,85,9,495.3,,495.3
49.0,20745,-62.6,,,,55,10,498.5,,498.5
48.0,20873,-62.5,,,,25,15,501.7,,501.7
42.0,21700,-61.6,,,,135,10,523.2,,523.2
39.0,22160,-61.2,,,,105,13,535.5,,535.5
37.0,22486,-60.9,,,,115,13,544.5,,544.5
35.0,22830,-60.5,,,,90,20,554.1,,554.1
34.8,22866,-60.5,,,,91,19,555.1,,555.1
33.0,23200,-58.9,,,,100,13,567.7,,567.7
32.0,23394,-58.0,,,,75,21,575.2,,575.2
31.0,23594,-57.1,,,,70,21,583.0,,583.0
30.0,23800,-56.1,,,,65,20,591.1,,591.1
29.5,23907,-55.1,,,,65,20,596.7,,596.7
27.0,24473,-54.9,,,,65,17,612.6,,612.6
26.0,24714,-54.8,,,,80,17,619.5,,619.5
24.0,25225,-54.6,,,,100,11,634.5,,634.5
23.0,25497,-54.5,,,,85,13,642.5,,642.5
21.0,26078,-54.2,,,,55,10,660.2,,660.2
20.0,26390,-54.1,,,,65,8,669.8,,669.8
19.0,26720,-53.5,,,,70,13,681.5,,681.5
18.3,26961,-53.1,,,,53,15,690.2,,690.2
18.0,,,,,,45,16,,,
