PRES,HGHT,TEMP,DWPT,RELH,MIXR,DRCT,SKNT,THTA,THTE,THTV
1024.0,5,21.6,12.6,57,9.02,50,5,292.8,318.8,294.4
1018.0,55,20.2,11.2,56,8.27,52,5,291.9,315.7,293.3
1000.0,205,18.8,11.8,64,8.76,59,6,291.9,317.1,293.5
983.0,352,17.0,12.0,72,9.04,65,7,291.6,317.5,293.2
949.0,652,14.2,11.2,82,8.87,78,8,291.7,317.1,293.2
935.0,777,14.0,6.0,59,6.31,84,9,292.7,311.1,293.8
925.0,868,13.4,4.4,54,5.70,88,10,293.0,309.7,294.0
919.0,923,13.0,3.0,51,5.19,90,10,293.1,308.5,294.1
865.0,1428,10.2,-2.8,40,3.61,113,13,295.3,306.3,296.0
850.0,1573,9.0,-1.0,50,4.20,119,13,295.6,308.2,296.3
804.0,2026,5.0,-2.3,60,4.05,140,16,296.0,308.2,296.7
762.0,2464,1.1,-3.5,72,3.90,140,17,296.3,308.2,297.0
748.0,2615,-0.3,-3.9,77,3.85,158,14,296.4,308.1,297.1
739.0,2712,0.8,-10.2,44,2.39,171,12,298.7,306.2,299.1
734.0,2767,3.4,-32.6,5,0.34,177,10,302.1,303.3,302.2
732.0,2789,3.8,-35.9,4,0.25,180,10,302.8,303.7,302.8
727.0,2845,4.8,-44.2,1,0.10,187,10,304.5,304.9,304.5
715.0,2980,4.1,-41.4,2,0.14,205,11,305.1,305.7,305.2
700.0,3152,3.2,-37.8,3,0.21,210,13,306.0,306.8,306.0
675.0,3441,1.2,-37.3,4,0.23,220,16,307.0,307.9,307.1
593.0,4471,-5.7,-35.7,7,0.31,213,29,310.5,311.7,310.6
586.0,4564,-4.3,-53.3,1,0.05,212,31,313.2,313.4,313.2
562.0,4892,-4.9,-45.9,2,0.11,210,35,316.3,316.7,316.3
523.0,5453,-7.8,-50.8,2,0.07,225,37,319.3,319.6,319.3
522.0,5468,-7.9,-50.9,2,0.07,225,37,319.4,319.7,319.4
500.0,5800,-10.7,-37.7,9,0.30,220,38,319.9,321.1,320.0
495.0,5877,-11.4,-36.8,10,0.33,220,39,319.9,321.2,320.0
488.0,5987,-12.5,-35.5,13,0.38,220,43,319.9,321.4,320.0
446.0,6670,-16.7,-39.7,12,0.27,220,65,323.0,324.1,323.1
442.0,6737,-17.3,-39.7,12,0.28,220,67,323.1,324.2,323.1
426.0,7013,-19.7,-39.7,15,0.29,222,65,323.4,324.5,323.5
407.0,7351,-20.7,-52.3,4,0.07,225,63,326.4,326.7,326.4
400.0,7480,-21.1,-57.1,2,0.04,225,65,327.5,327.7,327.5
371.0,8033,-23.3,-57.3,3,0.04,222,75,331.7,331.9,331.7
351.0,8436,-25.3,-56.8,4,0.05,220,83,334.2,334.4,334.2
344.0,8582,-26.1,-56.6,4,0.05,220,88,335.2,335.4,335.2
340.0,8667,-26.5,-56.5,4,0.05,220,88,335.7,335.9,335.7
312.0,9283,-30.9,-58.9,5,0.04,224,88,337.9,338.1,337.9
300.0,9560,-32.3,-61.3,4,0.03,225,88,339.7,339.9,339.7
285.0,9922,-34.3,-63.3,4,0.03,228,92,341.9,342.0,341.9
276.0,10146,-36.2,-64.4,4,0.02,230,95,342.2,342.4,342.3
264.0,10455,-38.9,-65.9,4,0.02,232,94,342.7,342.8,342.7
250.0,10830,-40.5,-69.5,3,0.01,235,92,345.7,345.8,345.7
243.0,11022,-41.7,-70.2,3,0.01,235,94,346.8,346.8,346.8
236.0,11220,-42.9,-70.9,3,0.01,233,96,347.8,347.9,347.8
225.0,11534,-45.7,-71.7,4,0.01,230,100,348.3,348.3,348.3
200.0,12310,-52.7,-73.7,6,0.01,235,94,349.1,349.2,349.1
173.0,13231,-59.9,-77.9,8,0.01,223,89,352.0,352.1,352.0
166.0,13488,-62.0,,,,220,87,352.7,,352.7
165.0,13526,-62.3,,,,221,86,352.8,,352.8
150.0,14110,-65.5,,,,235,78,357.1,,357.1
123.0,15298,-71.5,,,,245,71,367.1,,367.1
122.0,15347,-71.7,,,,244,69,367.5,,367.5
118.0,15545,-69.5,,,,238,62,375.0,,375.0
110.0,15959,-71.6,,,,225,48,378.7,,378.7
104.0,16289,-73.2,,,,230,36,381.7,,381.7
101.0,16462,-74.1,,,,240,40,383.2,,383.2
100.0,16520,-74.1,,,,235,42,384.3,,384.3
97.0,16700,-72.7,,,,230,47,390.4,,390.4
93.0,16949,-70.8,,,,225,39,398.9,,398.9
91.6,17038,-70.1,,,,225,36,402.0,,402.0
88.0,17277,-70.8,,,,225,29,405.3,,405.3
86.2,17400,-71.1,,,,230,27,407.0,,407.0
83.0,17627,-70.3,,,,240,24,413.1,,413.1
80.0,17848,-69.5,,,,205,20,419.0,,419.0
72.0,18481,-67.3,,,,195,14,436.6,,436.6
71.0,18565,-67.0,,,,185,14,438.9,,438.9
70.0,18650,-66.7,,,,175,13,441.4,,441.4
69.0,18737,-66.1,,,,170,10,444.5,,444.5
67.5,18871,-65.1,,,,86,5,449.4,,449.4
66.0,19007,-65.6,,,,0,0,451.3,,451.3
62.7,19319,-66.7,,,,301,4,455.5,,455.5
57.8,19817,-61.7,,,,206,9,477.5,,477.5
57.0,19903,-61.3,,,,190,10,480.2,,480.2
55.0,20126,-60.4,,,,175,9,487.3,,487.3
53.2,20333,-59.5,,,,121,9,494.0,,494.0
53.0,20357,-59.6,,,,115,9,494.3,,494.3
51.0,20596,-60.5,,,,95,8,497.8,,497.8
50.0,20720,-60.9,,,,125,7,499.5,,499.5
49.0,20845,-61.5,,,,145,10,501.0,,501.0
48.0,20975,-61.1,,,,145,13,504.9,,504.9
44.0,21521,-59.4,,,,105,17,521.8,,521.8
39.0,22278,-57.0,,,,95,23,546.1,,546.1
38.0,22441,-56.5,,,,85,23,551.5,,551.5
35.0,22962,-56.6,,,,55,22,564.2,,564.2
33.0,23336,-56.7,,,,70,24,573.5,,573.5
31.0,23732,-56.8,,,,65,28,583.6,,583.6
30.0,23940,-56.9,,,,55,24,588.9,,588.9
28.0,24378,-55.6,,,,70,20,604.3,,604.3
27.6,24470,-55.3,,,,69,20,607.6,,607.6
25.0,25098,-56.6,,,,65,18,621.4,,621.4
24.0,25358,-57.1,,,,85,22,627.1,,627.1
21.0,26209,-54.6,,,,60,17,659.0,,659.0
20.0,26520,-53.7,,,,70,21,671.0,,671.0
19.0,26853,-52.7,,,,85,19,684.0,,684.0
17.0,27574,-50.6,,,,60,18,712.7,,712.7
16.0,27967,-49.5,,,,105,23,728.9,,728.9
15.0,28389,-50.3,,,,85,23,739.7,,739.7
14.8,28476,-50.5,,,,,,742.0,,742.0
