PRES,HGHT,TEMP,DWPT,RELH,MIXR,DRCT,SKNT,THTA,THTE,THTV
1018.0,5,25.2,18.2,65,13.09,105,10,296.8,334.9,299.2
1001.0,152,22.8,16.7,69,12.08,120,20,295.8,330.8,298.0
1000.0,161,22.6,16.6,69,12.02,120,20,295.8,330.6,297.9
994.0,213,22.2,16.2,69,11.78,117,20,295.9,330.0,297.9
978.0,354,20.9,16.0,74,11.81,110,19,295.9,330.1,298.0
950.0,605,18.5,15.6,83,11.85,110,19,296.0,330.3,298.1
944.0,660,18.0,15.5,85,11.86,112,19,296.0,330.4,298.1
934.0,751,17.6,13.2,75,10.31,116,19,296.5,326.5,298.3
925.0,834,16.8,13.0,78,10.27,120,19,296.5,326.4,298.3
894.0,1124,14.7,11.9,83,9.87,125,18,297.3,326.2,299.0
886.0,1200,14.2,11.6,84,9.77,123,17,297.5,326.1,299.2
875.0,1306,13.4,10.6,83,9.25,121,16,297.7,324.9,299.4
861.0,1442,13.0,8.5,74,8.15,118,14,298.6,322.8,300.1
850.0,1550,12.6,9.4,81,8.78,115,13,299.3,325.4,300.9
835.0,1699,11.8,8.8,82,8.55,115,11,300.0,325.4,301.5
793.0,2130,9.3,6.9,85,7.91,140,7,301.8,325.6,303.2
785.0,2215,8.8,6.5,85,7.79,152,8,302.1,325.6,303.6
766.0,2418,8.0,5.2,82,7.28,180,10,303.4,325.5,304.8
765.0,2429,8.0,5.1,82,7.25,181,10,303.5,325.5,304.8
760.0,2483,8.6,2.6,66,6.11,186,11,304.7,323.5,305.9
752.0,2570,8.2,1.2,61,5.58,195,11,305.2,322.5,306.2
743.0,2669,7.2,0.9,64,5.55,205,12,305.2,322.4,306.3
724.0,2882,5.2,0.4,71,5.47,180,15,305.3,322.2,306.3
719.0,2939,4.6,3.1,90,6.70,183,15,305.2,325.7,306.4
709.0,3053,3.6,-0.9,72,5.08,189,14,305.3,321.1,306.3
703.0,3122,2.8,0.4,84,5.64,193,14,305.2,322.6,306.2
700.0,3157,3.2,-1.0,74,5.11,195,14,306.0,321.9,306.9
690.0,3274,3.2,-2.8,65,4.53,198,14,307.3,321.5,308.1
670.0,3511,1.6,-3.1,71,4.57,205,13,308.1,322.5,308.9
658.0,3657,1.2,-14.8,29,1.85,210,13,309.2,315.4,309.6
645.0,3817,0.6,-21.4,17,1.08,214,12,310.3,314.0,310.5
643.0,3842,0.4,-20.8,19,1.14,215,12,310.3,314.2,310.5
633.0,3967,-0.7,-17.7,26,1.51,217,12,310.5,315.6,310.8
615.0,4195,-2.2,-23.6,18,0.94,220,13,311.3,314.6,311.5
602.0,4364,-3.3,-27.9,13,0.64,205,17,311.9,314.3,312.1
577.0,4699,-5.5,-36.5,7,0.29,209,18,313.2,314.3,313.2
570.0,4795,-5.5,-40.7,4,0.19,210,18,314.3,315.0,314.3
567.0,4836,-5.5,-42.5,4,0.16,213,18,314.8,315.4,314.8
508.0,5687,-10.7,-46.9,3,0.11,270,14,318.4,318.9,318.4
500.0,5810,-11.5,-47.5,3,0.11,265,16,318.9,319.4,319.0
488.0,5996,-12.5,-49.5,3,0.09,249,15,319.9,320.3,320.0
485.0,6043,-12.9,-48.7,3,0.09,245,15,320.0,320.4,320.0
448.0,6642,-18.7,-38.4,16,0.31,250,20,320.0,321.2,320.1
442.0,6743,-19.7,-36.7,21,0.37,246,21,320.0,321.5,320.1
427.0,6999,-21.7,-40.7,16,0.26,236,25,320.7,321.7,320.7
412.0,7262,-22.5,-45.3,11,0.16,225,28,323.0,323.6,323.0
400.0,7480,-23.1,-49.1,7,0.11,235,37,324.9,325.3,324.9
387.0,7722,-23.7,-50.7,6,0.09,247,35,327.2,327.6,327.2
374.0,7969,-25.6,-49.8,8,0.11,260,33,327.9,328.3,327.9
364.0,8166,-27.1,-49.1,11,0.12,260,33,328.4,328.9,328.4
359.0,8266,-27.9,-38.9,34,0.37,260,33,328.6,330.1,328.7
352.0,8407,-29.3,-37.3,46,0.44,260,34,328.6,330.3,328.7
338.0,8695,-31.3,-53.3,10,0.08,260,34,329.7,330.1,329.7
334.0,8779,-32.1,-45.1,26,0.21,260,34,329.8,330.6,329.8
321.0,9059,-33.3,-43.3,36,0.26,260,34,331.9,332.9,331.9
300.0,9530,-37.5,-44.5,48,0.24,260,35,332.4,333.4,332.4
293.0,9692,-38.9,-43.9,59,0.27,260,34,332.7,333.7,332.7
289.0,9786,-39.8,-45.6,54,0.23,260,34,332.7,333.6,332.8
283.0,9929,-41.1,-48.1,47,0.17,261,36,332.8,333.5,332.9
250.0,10760,-47.3,-58.3,27,0.06,265,45,335.6,335.9,335.6
244.0,10920,-48.9,-62.9,18,0.03,261,47,335.6,335.7,335.6
243.0,10946,-49.1,-62.8,19,0.03,260,47,335.6,335.8,335.6
219.0,11618,-55.1,-61.1,47,0.05,263,46,336.5,336.7,336.5
207.0,11975,-58.3,-67.3,31,0.02,264,46,337.0,337.1,337.0
201.0,12159,-59.9,-67.9,34,0.02,265,46,337.3,337.4,337.3
200.0,12190,-60.3,,,,265,46,337.1,,337.1
186.0,12639,-64.3,,,,260,40,337.7,,337.7
184.0,12706,-64.1,,,,270,38,339.1,,339.1
173.0,13088,-63.1,,,,255,51,346.8,,346.8
150.0,13970,-60.7,,,,255,43,365.3,,365.3
140.0,14392,-62.1,,,,265,39,370.2,,370.2
121.0,15284,-64.9,,,,250,50,380.7,,380.7
117.0,15490,-65.6,,,,240,46,383.1,,383.1
110.0,15867,-66.8,,,,260,31,387.7,,387.7
108.0,15979,-67.2,,,,275,34,389.0,,389.0
100.0,16450,-68.7,,,,250,32,394.7,,394.7
94.6,16781,-70.1,,,,260,31,398.3,,398.3
92.0,16947,-70.3,,,,265,31,401.1,,401.1
91.7,16966,-70.3,,,,264,31,401.5,,401.5
88.0,17211,-70.3,,,,245,33,406.2,,406.2
85.0,17417,-70.3,,,,230,28,410.3,,410.3
84.8,17431,-70.3,,,,230,28,410.5,,410.5
78.0,17932,-66.2,,,,245,13,428.9,,428.9
77.8,17947,-66.1,,,,,,429.5,,429.5
