PRES,HGHT,TEMP,DWPT,RELH,MIXR,DRCT,SKNT,THTA,THTE,THTV
1011.0,5,25.8,19.8,69,14.60,10,7,298.0,340.6,300.6
1010.0,14,25.6,15.6,54,11.15,9,7,297.9,330.6,299.9
1003.0,74,24.4,18.4,69,13.46,359,8,297.3,336.5,299.7
1000.0,100,24.4,19.4,74,14.39,355,8,297.6,339.4,300.1
956.0,492,20.3,18.4,89,14.15,305,12,297.2,338.3,299.8
951.0,538,19.8,18.3,91,14.12,300,12,297.2,338.2,299.7
933.0,703,18.6,17.0,90,13.24,283,13,297.6,336.1,299.9
926.0,768,20.8,11.8,56,9.47,276,14,300.5,328.6,302.2
925.0,777,20.8,11.8,56,9.48,275,14,300.6,328.8,302.3
913.0,890,21.8,1.8,27,4.80,270,14,302.7,317.5,303.6
912.0,899,21.7,1.7,27,4.78,270,14,302.7,317.5,303.6
850.0,1502,16.2,-1.8,29,3.96,265,17,303.1,315.5,303.8
799.0,2024,11.2,-2.8,37,3.91,265,21,303.2,315.4,303.9
780.0,2224,9.8,-7.2,30,2.88,265,23,303.7,312.9,304.2
773.0,2299,9.2,-8.8,27,2.55,265,21,303.9,312.1,304.4
747.0,2582,8.6,-33.5,3,0.31,265,15,306.3,307.4,306.3
745.0,2604,8.6,-35.4,3,0.25,265,15,306.5,307.4,306.5
700.0,3115,4.4,-37.6,3,0.22,255,14,307.3,308.1,307.4
693.0,3196,3.6,-34.4,4,0.30,255,15,307.3,308.4,307.4
686.0,3278,2.8,-31.2,6,0.41,256,16,307.3,308.8,307.4
585.0,4547,-3.9,-44.9,2,0.12,269,34,313.8,314.3,313.8
578.0,4640,-4.7,-44.0,3,0.13,270,35,314.0,314.6,314.1
508.0,5639,-12.7,-34.7,14,0.40,270,38,316.1,317.5,316.1
500.0,5760,-12.7,-37.7,10,0.30,270,38,317.5,318.6,317.6
474.0,6167,-15.3,-41.3,9,0.22,267,40,319.2,320.0,319.2
452.0,6526,-18.1,-52.1,3,0.07,265,41,320.0,320.3,320.0
405.0,7338,-24.4,-51.2,6,0.09,260,44,322.1,322.4,322.1
400.0,7430,-25.1,-51.1,7,0.09,260,45,322.3,322.6,322.3
334.0,8710,-35.2,-55.5,11,0.06,270,49,325.5,325.8,325.5
331.0,8775,-35.7,-55.7,11,0.06,270,50,325.7,325.9,325.7
312.0,9182,-38.9,-53.9,19,0.08,267,53,326.7,327.1,326.8
300.0,9450,-40.9,-59.9,11,0.04,265,56,327.6,327.8,327.6
294.0,9587,-41.9,-61.9,10,0.03,265,57,328.1,328.2,328.1
284.0,9821,-43.6,-57.8,19,0.06,265,60,329.0,329.2,329.0
282.0,9868,-43.9,-56.9,22,0.06,266,61,329.1,329.4,329.1
263.0,10334,-47.1,-62.1,16,0.03,271,67,331.1,331.2,331.1
254.0,10565,-46.5,-64.5,11,0.03,274,71,335.3,335.4,335.3
250.0,10670,-47.1,-67.1,8,0.02,275,72,335.9,336.0,335.9
238.0,10990,-48.9,-68.7,8,0.02,285,78,337.9,338.0,337.9
215.0,11652,-52.7,-71.9,8,0.01,280,85,342.0,342.1,342.0
207.0,11899,-54.1,-73.1,8,0.01,280,83,343.5,343.6,343.5
200.0,12120,-53.9,-74.9,6,0.01,280,82,347.2,347.3,347.2
179.0,12831,-54.9,-80.9,3,0.00,280,78,356.8,356.8,356.8
167.0,13270,-56.5,-82.9,2,0.00,280,76,361.2,361.2,361.2
158.0,13621,-57.9,-84.6,2,0.00,285,82,364.7,364.7,364.7
150.0,13950,-59.1,-86.1,2,0.00,270,83,368.1,368.1,368.1
148.0,14034,-59.9,-87.9,1,0.00,275,83,368.1,368.1,368.1
133.0,14689,-63.5,-88.1,2,0.00,275,59,373.1,373.1,373.1
122.0,15218,-66.4,-88.2,3,0.00,280,64,377.2,377.2,377.2
118.0,15423,-67.5,-88.3,4,0.00,281,61,378.7,378.7,378.7
112.0,15738,-66.5,-88.4,3,0.00,282,57,386.3,386.3,386.3
107.0,16014,-66.9,-88.4,3,0.00,283,53,390.6,390.6,390.6
100.0,16420,-68.9,-88.5,4,0.00,285,48,394.4,394.4,394.4
92.0,16915,-70.7,-88.7,6,0.00,265,36,400.2,400.2,400.2
87.3,17226,-71.9,-88.8,7,0.00,280,28,403.9,403.9,403.9
84.0,17453,-71.9,-88.8,6,0.00,285,18,408.5,408.5,408.5
81.0,17668,-71.8,-88.9,6,0.00,275,22,412.8,412.9,412.8
74.0,18201,-71.7,-89.0,6,0.00,290,24,423.9,423.9,423.9
73.3,18257,-71.7,-89.0,6,0.00,284,26,425.0,425.1,425.0
71.0,18446,-69.9,-89.1,5,0.00,265,32,432.8,432.8,432.8
70.0,18530,-69.1,-89.1,4,0.00,270,32,436.2,436.2,436.2
68.0,18706,-67.8,-89.2,3,0.00,290,31,442.5,442.6,442.5
65.0,18980,-65.9,-89.2,3,0.00,280,31,452.5,452.5,452.5
61.0,19365,-63.2,-89.3,2,0.00,240,23,466.9,466.9,466.9
60.6,19405,-62.9,-89.4,2,0.00,244,22,468.4,468.4,468.4
57.7,19707,-63.1,-89.4,2,0.00,273,14,474.5,474.6,474.5
57.0,19782,-63.5,-89.5,2,0.00,280,12,475.2,475.2,475.2
55.0,19999,-64.9,-89.5,2,0.00,310,15,477.0,477.0,477.0
53.0,20225,-66.2,-89.6,3,0.00,315,16,478.9,478.9,478.9
51.8,20365,-67.1,-89.6,3,0.00,291,15,480.1,480.1,480.1
50.0,20580,-63.7,-89.7,2,0.00,255,13,492.9,493.0,492.9
48.7,20742,-62.5,-89.7,1,0.00,289,16,499.5,499.5,499.5
47.0,20960,-63.0,-89.8,2,0.00,335,21,503.4,503.4,503.4
45.4,21173,-63.5,-89.8,2,0.00,323,12,507.2,507.2,507.2
45.0,21228,-62.5,-89.8,1,0.00,320,10,510.8,510.8,510.8
44.0,21368,-60.1,-89.9,1,0.00,295,1,520.0,520.0,520.0
43.5,21438,-58.9,-89.9,1,0.00,307,2,524.7,524.7,524.7
41.8,21687,-60.5,-89.8,1,0.00,350,4,526.8,526.8,526.8
40.0,21963,-57.7,-89.7,1,0.00,38,7,540.5,540.5,540.5
39.0,22121,-58.4,-89.6,1,0.00,65,8,542.5,542.6,542.5
38.0,22284,-59.2,-89.5,1,0.00,55,10,544.7,544.7,544.7
37.0,22451,-60.0,-89.5,1,0.00,20,8,546.9,546.9,546.9
35.8,22657,-60.9,-89.4,1,0.00,82,9,549.6,549.6,549.6
34.0,22980,-58.7,-89.2,1,0.00,180,10,563.6,563.6,563.6
32.8,23205,-57.1,-89.1,1,0.00,127,9,573.6,573.6,573.6
31.0,23563,-56.6,-88.6,1,0.00,45,8,584.2,584.3,584.2
30.6,23645,-56.5,-88.5,1,0.01,49,8,586.7,586.7,586.7
30.0,23770,-57.3,-89.3,1,0.00,55,7,587.8,587.9,587.8
28.0,24206,-57.1,-89.1,1,0.01,140,10,600.0,600.1,600.0
27.8,24251,-57.1,-89.1,1,0.01,139,10,601.3,601.4,601.3
27.0,24437,-56.0,-88.4,1,0.01,135,10,609.5,609.6,609.5
26.0,24677,-54.5,-87.5,1,0.01,55,11,620.3,620.4,620.3
25.0,24928,-54.5,-87.3,1,0.01,105,13,627.2,627.3,627.2
24.0,25189,-54.6,-87.2,1,0.01,100,12,634.4,634.5,634.4
23.0,25461,-54.6,-87.0,1,0.01,50,10,642.0,642.1,642.0
22.0,25745,-54.7,-86.8,1,0.01,15,3,650.1,650.2,650.1
21.6,25863,-54.7,-86.7,1,0.01,23,4,653.5,653.6,653.5
20.0,26360,-49.9,-83.9,1,0.02,55,10,682.7,682.9,682.7
19.0,26697,-48.2,-83.0,1,0.02,60,13,698.0,698.2,698.0
18.7,26801,-47.7,-82.7,1,0.02,,,702.8,703.0,702.8
