PRES,HGHT,TEMP,DWPT,RELH,MIXR,DRCT,SKNT,THTA,THTE,THTV
1016.0,5,24.8,18.8,69,13.63,285,1,296.6,336.1,299.0
1000.0,144,23.0,18.0,73,13.16,245,7,296.1,334.3,298.5
963.0,472,20.2,16.0,77,12.01,257,8,296.5,331.4,298.7
925.0,819,17.8,13.8,77,10.83,270,9,297.5,329.2,299.4
923.0,837,17.7,13.8,78,10.82,270,10,297.6,329.2,299.5
908.0,977,16.7,13.4,81,10.74,295,12,298.0,329.4,299.9
887.0,1176,15.3,12.9,85,10.63,305,16,298.6,329.8,300.4
871.0,1331,14.3,12.5,89,10.54,295,14,299.0,330.0,300.9
864.0,1400,13.8,12.3,91,10.51,301,12,299.2,330.1,301.1
860.0,1439,14.2,11.1,81,9.74,305,11,300.0,328.9,301.8
853.0,1508,15.0,9.0,67,8.51,291,10,301.5,327.0,303.1
850.0,1538,14.8,7.8,63,7.87,285,10,301.6,325.3,303.1
830.0,1737,13.1,6.7,65,7.48,255,12,301.9,324.4,303.2
811.0,1930,11.4,5.7,68,7.12,265,14,302.1,323.7,303.4
799.0,2054,10.4,5.0,70,6.90,255,14,302.3,323.2,303.5
775.0,2309,8.2,3.6,73,6.46,275,19,302.6,322.2,303.8
759.0,2483,6.7,2.7,76,6.17,255,22,302.8,321.5,303.9
752.0,2560,6.0,2.3,77,6.04,255,25,302.8,321.3,303.9
744.0,2648,7.4,-16.6,16,1.41,255,28,305.3,310.0,305.6
743.0,2659,7.4,-16.9,16,1.38,255,28,305.4,310.0,305.7
738.0,2714,7.6,-18.4,14,1.22,256,27,306.2,310.3,306.4
706.0,3079,7.1,-25.6,8,0.68,260,23,309.6,311.9,309.7
700.0,3149,7.0,-27.0,7,0.60,260,21,310.2,312.4,310.3
681.0,3375,6.5,-35.6,3,0.27,250,19,312.1,313.1,312.1
676.0,3435,6.3,-37.9,2,0.22,255,18,312.6,313.4,312.6
668.0,3533,6.1,-41.6,2,0.15,270,19,313.4,313.9,313.4
665.0,3570,6.0,-43.0,1,0.13,269,19,313.7,314.2,313.7
615.0,4207,3.4,-45.6,1,0.11,256,26,317.8,318.2,317.8
592.0,4511,1.1,-41.4,2,0.17,250,29,318.6,319.3,318.6
524.0,5484,-6.1,-28.1,16,0.73,270,31,321.2,323.9,321.4
509.0,5711,-7.3,-30.0,15,0.63,275,32,322.4,324.7,322.5
500.0,5850,-8.1,-31.1,14,0.57,270,32,323.1,325.2,323.2
454.0,6585,-12.6,-40.8,7,0.24,270,35,326.5,327.4,326.5
423.0,7123,-15.9,-47.9,5,0.12,278,40,328.9,329.4,329.0
400.0,7540,-19.3,-45.3,8,0.17,285,44,329.8,330.5,329.9
324.0,9071,-32.7,-54.7,9,0.07,296,56,331.8,332.1,331.8
300.0,9610,-36.7,-64.7,4,0.02,300,60,333.5,333.6,333.5
296.0,9702,-37.3,-65.8,4,0.02,300,60,334.0,334.1,334.0
277.0,10156,-40.1,-71.1,2,0.01,296,67,336.3,336.4,336.3
273.0,10254,-40.5,-71.5,2,0.01,295,68,337.2,337.2,337.2
264.0,10482,-41.3,-72.3,2,0.01,297,80,339.2,339.2,339.2
253.0,10769,-41.1,-66.1,5,0.02,300,95,343.6,343.8,343.7
252.0,10796,-41.4,-65.0,6,0.02,300,96,343.6,343.8,343.6
250.0,10850,-41.9,-62.9,8,0.03,300,97,343.6,343.8,343.6
237.0,11211,-44.9,-59.9,17,0.05,300,100,344.4,344.6,344.4
222.0,11642,-47.8,-64.4,13,0.03,300,103,346.4,346.5,346.4
200.0,12330,-52.5,-71.5,8,0.01,305,103,349.5,349.5,349.5
184.0,12863,-55.1,-73.1,9,0.01,308,107,353.7,353.7,353.7
176.0,13143,-57.6,-74.6,10,0.01,310,109,354.1,354.1,354.1
169.0,13398,-59.9,-75.9,11,0.01,307,106,354.4,354.4,354.4
150.0,14130,-65.7,,,,300,97,356.7,,356.7
149.0,14171,-66.3,,,,300,97,356.4,,356.4
127.0,15131,-69.6,,,,300,85,367.0,,367.0
124.0,15275,-70.1,,,,299,81,368.7,,368.7
100.0,16550,-72.3,,,,290,48,387.8,,387.8
95.0,16850,-73.9,,,,285,54,390.4,,390.4
94.4,16887,-74.1,,,,280,53,390.7,,390.7
91.0,17103,-72.1,,,,270,35,398.7,,398.7
89.6,17194,-71.3,,,,279,29,402.1,,402.1
88.0,17299,-71.7,,,,290,23,403.4,,403.4
86.0,17434,-72.2,,,,300,24,405.0,,405.0
83.0,17643,-73.1,,,,300,30,407.4,,407.4
80.0,17859,-73.9,,,,311,25,410.0,,410.0
79.0,17933,-73.1,,,,315,23,413.2,,413.2
76.0,18162,-70.5,,,,285,18,423.2,,423.2
75.0,18240,-69.6,,,,285,14,426.6,,426.6
74.2,18304,-68.9,,,,288,15,429.4,,429.4
70.0,18650,-71.3,,,,305,21,431.5,,431.5
69.0,18735,-72.0,,,,305,23,431.8,,431.8
68.6,18769,-72.3,,,,301,23,431.9,,431.9
68.0,18821,-70.4,,,,295,23,437.0,,437.0
67.7,18848,-69.5,,,,288,21,439.5,,439.5
66.0,19000,-68.9,,,,250,10,444.0,,444.0
62.5,19327,-67.7,,,,276,3,453.7,,453.7
62.0,19375,-67.8,,,,280,2,454.4,,454.4
60.0,19572,-68.5,,,,285,10,457.3,,457.3
58.0,19776,-69.1,,,,250,16,460.3,,460.3
56.0,19988,-66.9,,,,225,10,469.9,,469.9
53.3,20288,-63.9,,,,346,1,483.6,,483.6
53.0,20322,-63.9,,,,0,0,484.4,,484.4
50.0,20680,-63.7,,,,120,10,492.9,,492.9
48.2,20906,-61.9,,,,84,18,502.4,,502.4
48.0,20931,-62.0,,,,80,19,502.7,,502.7
47.0,21061,-62.7,,,,50,28,504.1,,504.1
46.2,21166,-63.3,,,,48,25,505.2,,505.2
45.0,21329,-61.4,,,,45,20,513.5,,513.5
44.0,21469,-59.8,,,,80,12,520.8,,520.8
43.8,21497,-59.5,,,,76,12,522.2,,522.2
42.0,21760,-59.2,,,,35,15,529.2,,529.2
41.0,21911,-59.1,,,,25,12,533.2,,533.2
40.0,22066,-58.9,,,,90,10,537.4,,537.4
39.0,22225,-58.8,,,,85,14,541.7,,541.7
37.0,22555,-58.4,,,,110,18,550.8,,550.8
35.0,22903,-58.0,,,,70,15,560.6,,560.6
34.2,23048,-57.9,,,,82,17,564.7,,564.7
33.0,23272,-58.3,,,,100,21,569.3,,569.3
31.0,23664,-59.1,,,,75,18,577.6,,577.6
30.4,23787,-59.3,,,,75,17,580.2,,580.2
30.0,23870,-58.5,,,,75,17,584.6,,584.6
26.0,24782,-53.7,,,,80,17,622.6,,622.6
24.2,25239,-51.3,,,,67,20,642.4,,642.4
24.0,25293,-51.2,,,,65,20,644.2,,644.2
23.0,25570,-50.7,,,,75,17,653.6,,653.6
21.0,26162,-49.7,,,,95,17,673.9,,673.9
20.0,26480,-49.1,,,,90,19,685.1,,685.1
19.0,26817,-48.4,,,,95,26,697.5,,697.5
18.1,27137,-47.7,,,,91,27,709.3,,709.3
18.0,27173,-47.6,,,,90,27,710.8,,710.8
16.4,27790,-45.9,,,,78,22,735.4,,735.4
16.0,,,,,,75,21,,,
